R=100
Pi=(18,15,19,18,19,18,15,14,17,14,17,11,17,15,11,17,13,17,18,16,16,13,10,11,12,13,10,14,12,19,14,10,17,11,17,10,10,14,13,13,11,13,15,19,10,10,13,15,17,10,11,14,19,17,13,15,15,18,15,15,17,11,12,18,10,16,14,16,18,11,17,19,13,14,15,12,17,10,10,12,10,15,16,11,18,19,10,19,17,11,14,11,19,18,16,19,11,17,18,13)
A=
1,2,0
2,3,0
4,5,37
5,6,0
7,8,0
10,12,26
12,14,0
14,17,23
17,19,32
23,24,38
24,25,33
26,27,23
27,28,29
28,29,0
29,30,0
32,33,0
33,34,0
35,36,0
36,37,28
37,38,35
41,42,0
42,43,31
43,44,33
44,45,0
47,48,0
48,49,0
49,50,20
50,51,22
51,52,0
52,53,0
53,54,0
55,59,0
62,63,0
63,64,0
64,69,29
70,71,35
71,72,0
72,73,26
73,74,0
74,76,31
77,78,33
78,79,25
84,86,0
86,88,38
87,89,0
91,93,37
92,94,0
94,96,39
96,98,39
97,99,37
Sij=
0,5,9,5,7,5,9,5,9,9,7,6,8,6,5,7,8,7,9,7,9,6,9,5,9,7,6,6,8,6,6,9,6,6,6,5,5,6,7,8,7,5,8,6,5,5,9,6,5,5,5,5,6,6,7,7,5,9,6,9,9,8,6,8,7,7,5,6,9,5,7,6,9,5,5,8,7,8,9,9,8,5,6,8,6,6,8,9,8,9,9,5,5,7,9,9,9,5,9,7
9,0,7,6,5,7,8,5,5,6,9,9,7,9,6,6,8,6,8,6,6,9,5,7,5,6,6,6,7,6,5,9,7,9,7,9,5,9,5,5,7,5,7,7,9,9,6,6,8,6,5,7,5,9,7,7,9,9,5,8,6,7,8,8,5,5,7,8,7,7,5,9,6,8,8,6,7,7,8,6,5,5,7,5,5,8,8,7,6,9,5,5,8,6,8,5,6,8,7,9
6,7,0,9,5,6,6,5,7,5,6,5,6,6,9,8,6,9,7,8,7,6,9,7,7,7,9,5,9,9,7,9,8,5,8,9,7,5,6,9,8,7,5,7,9,8,8,9,9,8,7,6,9,5,5,7,7,5,6,8,6,6,6,8,7,7,6,5,7,9,6,5,7,7,9,9,6,7,7,8,8,5,5,6,7,6,9,8,5,6,6,7,9,8,8,7,5,7,9,7
7,8,6,0,9,6,6,8,6,5,5,6,5,7,7,9,6,5,5,6,5,7,8,5,6,8,9,6,8,9,6,8,8,7,9,6,5,8,5,9,5,7,8,7,9,5,6,9,6,9,6,6,5,6,9,5,8,8,5,6,7,9,9,6,9,7,7,8,7,6,9,7,9,6,5,8,8,6,5,5,6,9,5,9,7,5,8,7,8,9,8,7,8,9,6,5,7,7,8,7
8,8,6,9,0,5,9,7,9,5,5,6,7,8,9,5,8,9,5,8,8,9,9,5,7,8,7,8,5,9,5,5,6,7,7,7,8,7,5,9,8,8,8,7,7,8,5,8,8,9,8,6,7,8,9,8,9,8,8,6,8,5,6,5,5,5,9,9,5,7,7,5,8,5,5,5,5,6,7,9,7,8,5,6,5,8,7,8,8,9,8,9,8,8,6,7,6,8,7,6
9,5,8,6,6,0,7,7,7,8,8,7,7,5,9,9,5,5,5,9,6,8,6,6,5,9,7,7,9,8,7,9,7,8,6,9,6,9,8,9,7,6,9,5,9,7,5,9,8,9,6,7,6,8,6,8,8,9,8,7,9,5,7,8,5,9,5,8,9,5,7,5,6,5,7,9,8,5,6,8,8,7,8,9,7,5,8,8,7,7,6,6,5,6,9,6,8,5,9,5
6,6,5,8,7,5,0,5,5,6,6,5,7,8,5,8,7,7,8,6,5,6,6,6,6,8,5,5,9,6,5,6,7,6,6,6,6,6,9,7,6,9,7,7,5,7,8,8,5,8,7,9,5,9,8,9,9,5,9,9,7,5,5,9,5,9,7,6,7,8,6,5,7,6,5,6,8,9,5,9,9,6,9,6,8,6,6,7,7,6,6,5,7,9,9,5,8,8,6,5
9,7,6,6,6,7,6,0,8,9,7,6,5,5,9,5,5,6,9,5,9,8,9,8,5,7,5,7,7,6,9,8,9,7,9,5,7,5,8,5,6,9,7,8,5,5,5,5,8,9,9,9,9,8,7,7,9,8,6,8,5,9,8,7,9,9,6,7,5,9,7,5,8,9,8,9,5,6,8,9,6,5,9,8,6,9,9,5,9,6,5,8,8,9,9,7,6,9,8,5
8,8,9,8,6,9,6,9,0,9,8,6,8,5,7,7,5,9,5,6,9,5,6,8,9,8,9,6,8,9,6,7,5,7,7,5,8,5,6,6,7,8,9,6,5,9,7,8,6,7,9,7,5,8,9,5,7,9,5,9,7,7,7,5,7,5,6,6,7,6,8,9,8,9,8,6,6,5,7,9,6,6,9,6,5,9,7,7,8,7,8,8,5,6,8,9,5,9,8,9
8,6,5,5,8,9,8,6,5,0,7,9,7,7,6,8,6,7,6,9,8,8,9,7,5,8,9,9,7,5,8,6,6,7,7,5,9,5,9,8,6,5,5,6,5,7,5,6,8,8,7,7,9,9,9,6,9,8,5,6,8,5,6,5,6,6,7,5,5,6,8,6,7,7,8,8,8,7,7,7,7,8,5,8,8,6,6,7,7,6,5,6,9,8,9,5,8,9,5,9
5,5,6,7,5,6,9,6,6,5,0,8,7,6,8,8,5,5,7,7,5,9,5,7,8,6,6,6,9,8,7,9,8,6,7,7,7,7,7,8,7,7,5,5,6,8,7,5,6,9,9,5,5,7,5,9,9,7,7,6,8,9,9,8,9,5,9,5,8,5,6,7,7,9,5,7,9,9,5,5,8,6,9,5,8,6,9,6,6,7,7,5,9,5,5,7,8,7,6,5
8,6,6,6,7,6,8,6,6,7,5,0,5,6,6,8,6,9,8,9,8,6,8,9,5,7,6,7,6,8,7,9,6,8,5,7,6,5,8,7,7,7,8,9,8,7,7,8,8,7,8,7,9,8,8,9,9,6,5,8,6,8,6,7,9,8,8,7,6,9,6,6,6,5,7,5,8,9,5,8,9,7,9,8,9,9,9,8,9,5,7,9,9,5,5,8,5,5,9,5
8,5,6,8,6,7,6,9,5,7,5,5,0,6,7,8,9,9,8,7,9,8,5,7,5,7,6,7,6,9,8,9,8,9,5,5,9,5,5,7,7,8,5,7,7,5,6,8,6,6,6,9,7,7,9,7,8,8,5,6,5,9,5,9,7,8,7,5,6,6,9,8,8,5,9,6,7,7,9,5,5,7,5,9,7,9,6,5,9,7,7,6,9,8,6,8,7,5,5,9
7,6,7,5,7,8,5,7,8,8,9,5,8,0,5,6,8,8,5,6,7,6,7,5,8,9,8,8,9,8,6,9,6,6,5,8,8,9,5,7,9,8,9,7,6,8,6,7,9,7,8,9,6,9,8,7,5,5,9,5,9,9,6,8,6,9,7,9,7,6,7,8,8,8,7,9,6,5,9,9,7,5,8,7,5,7,7,7,8,8,8,8,5,9,8,5,7,6,5,7
5,6,5,8,9,5,6,8,7,8,5,9,6,9,0,7,8,5,9,7,9,7,9,6,9,8,9,8,8,5,7,6,5,9,6,8,5,5,5,7,9,6,8,5,9,7,8,6,5,7,9,9,7,8,6,5,6,5,5,9,9,7,7,8,9,7,5,5,9,5,6,8,9,6,8,8,8,9,6,7,9,8,7,6,5,7,9,6,8,6,7,5,9,6,7,7,8,5,5,7
6,7,7,9,5,5,9,6,5,8,6,7,9,8,9,0,6,9,6,7,7,8,9,7,7,8,6,9,8,8,5,9,8,8,9,5,6,5,7,5,5,8,7,6,9,9,5,5,5,6,6,7,6,7,8,9,7,5,9,6,8,5,5,7,9,8,8,8,9,8,7,5,7,5,7,8,5,8,7,7,7,5,9,7,7,8,7,5,9,5,8,6,6,5,7,9,8,5,6,6
6,6,5,7,8,5,5,5,5,5,9,9,7,6,9,7,0,6,7,9,6,5,8,9,9,9,6,8,6,8,7,5,9,6,6,6,5,5,7,9,6,7,6,9,9,6,9,8,5,6,9,7,5,6,9,5,7,7,6,7,6,6,9,7,8,9,9,7,6,9,8,7,9,8,7,9,8,9,9,8,5,7,8,9,9,9,5,8,6,5,8,7,8,5,7,9,8,9,6,5
6,6,7,5,7,6,8,6,8,5,6,8,8,7,6,9,8,0,9,7,8,8,6,5,5,6,5,8,9,6,8,5,9,7,9,7,9,5,8,6,7,6,9,9,6,9,5,9,6,8,7,6,8,6,8,6,9,5,7,9,7,8,9,9,5,9,7,5,8,5,6,9,5,8,5,6,9,6,9,6,5,5,7,5,8,6,7,7,9,8,7,8,8,8,9,9,7,9,9,6
6,9,6,5,6,8,6,9,6,6,6,7,5,5,8,6,5,8,0,6,8,7,5,6,5,7,8,5,6,9,5,9,5,7,8,9,6,9,6,8,9,5,7,5,8,6,5,8,7,5,7,8,8,8,5,8,6,8,5,8,8,8,9,5,5,7,5,5,6,6,6,6,9,5,6,8,5,9,7,8,7,9,8,6,6,7,5,7,6,5,8,8,9,8,9,6,5,6,9,6
5,5,6,5,8,6,9,7,6,7,8,6,5,6,6,8,9,8,9,0,8,6,8,8,6,7,8,7,6,5,9,7,8,5,6,7,7,8,7,7,9,7,8,5,9,6,7,7,7,6,5,7,6,7,5,5,6,6,9,8,9,8,8,7,7,9,9,5,8,9,8,5,6,5,9,6,8,8,8,9,5,6,5,9,5,7,6,6,9,6,5,5,9,9,8,6,8,6,7,5
6,6,8,8,8,5,5,5,7,9,7,8,8,9,7,8,8,9,6,9,0,8,8,6,7,8,8,6,7,7,8,7,6,5,8,8,8,7,6,6,5,6,5,9,9,9,7,7,9,6,9,7,9,9,8,7,8,5,6,5,9,8,8,7,8,7,5,7,9,6,9,6,7,8,6,7,7,9,6,7,5,6,6,5,8,6,7,7,7,6,9,8,6,6,6,6,8,7,5,7
9,5,7,7,7,8,5,6,7,5,9,9,8,8,9,7,6,8,9,7,9,0,7,9,7,6,5,5,5,6,5,9,9,9,8,8,9,8,9,7,5,6,6,5,7,6,5,9,7,6,8,9,5,8,7,8,6,6,9,6,6,8,9,9,7,6,5,9,5,9,5,9,7,5,9,6,7,7,7,5,5,6,7,8,8,6,8,5,6,9,6,7,8,7,5,7,6,6,8,5
6,5,8,8,6,9,6,9,9,6,5,9,9,9,5,5,5,5,6,5,7,9,0,8,5,8,7,5,5,9,6,9,6,9,6,9,9,7,9,7,8,9,9,6,9,9,6,8,9,7,5,6,5,5,7,7,7,7,8,5,8,8,6,5,7,7,9,5,7,5,5,8,6,8,8,6,8,7,9,6,6,9,5,8,9,5,8,6,7,8,6,7,9,8,9,9,8,8,8,6
5,6,6,9,6,6,9,7,6,5,9,9,7,7,8,8,7,8,5,7,8,8,8,0,8,8,7,9,7,8,8,8,9,9,7,6,9,7,6,6,7,5,6,9,6,9,7,5,6,9,5,6,9,8,6,8,6,8,8,6,8,7,6,8,8,7,9,5,9,6,9,6,6,6,7,6,7,8,6,8,5,7,7,7,7,6,8,6,7,9,9,6,9,5,8,9,8,7,5,9
5,7,5,5,5,9,5,8,5,5,6,8,6,9,5,6,5,8,5,7,8,8,7,5,0,7,7,6,6,8,8,7,9,8,7,8,8,6,6,7,8,6,5,5,7,7,5,5,5,9,6,9,9,6,8,5,6,9,9,8,8,7,8,5,7,7,6,9,8,5,7,9,9,6,7,6,7,7,5,8,6,7,6,7,6,8,7,7,5,6,6,8,7,7,9,5,7,5,7,9
5,6,6,9,7,7,9,8,9,7,7,8,9,6,7,5,6,6,8,8,9,9,9,6,8,0,8,6,6,7,6,8,7,5,5,7,9,5,7,5,8,9,9,8,8,8,8,8,6,5,8,8,5,6,9,5,6,6,5,5,8,6,8,5,7,8,5,8,9,9,7,5,9,6,5,9,5,5,6,7,5,5,5,6,9,8,7,5,6,5,5,7,9,6,7,7,5,9,6,9
8,9,9,7,7,7,9,9,6,9,9,6,5,7,9,7,5,7,5,9,5,9,7,9,8,9,0,5,7,9,7,8,6,9,6,9,5,5,8,8,7,8,8,9,6,5,9,7,7,7,9,6,8,8,6,8,8,7,9,8,8,6,6,5,8,5,8,6,8,8,8,6,7,8,8,5,7,5,5,8,9,7,8,5,5,5,5,8,7,7,5,8,6,9,5,5,7,8,5,5
7,7,8,9,8,7,9,9,9,5,6,8,6,6,8,5,7,5,9,7,5,5,8,5,7,5,5,0,7,8,7,8,9,9,9,6,7,8,9,7,8,6,5,8,7,6,6,6,9,6,9,7,6,8,7,5,6,8,7,6,8,6,7,5,6,7,6,9,7,9,6,7,8,8,6,6,5,6,6,8,6,8,5,6,9,9,7,5,6,9,5,8,5,8,9,6,8,9,7,9
5,6,9,5,9,7,9,7,7,6,5,5,7,8,9,9,5,6,6,6,5,5,8,8,9,8,6,5,0,9,9,8,5,8,7,8,9,9,5,6,7,5,9,8,5,9,9,6,6,8,9,6,7,8,6,9,9,8,5,6,6,5,9,8,7,7,9,6,5,5,9,9,5,9,9,5,5,6,7,9,9,7,5,6,9,7,6,7,7,7,9,6,8,8,5,7,6,6,6,7
9,8,6,6,8,9,6,7,9,5,8,7,5,6,7,9,5,7,8,9,6,6,8,7,5,8,5,6,8,0,7,9,9,5,5,9,6,5,8,8,5,6,8,8,7,8,7,5,7,6,6,6,8,8,6,6,8,9,8,6,9,8,9,8,6,5,9,6,5,7,6,8,6,8,8,8,7,8,6,8,7,8,8,5,7,5,5,6,8,9,6,6,6,7,8,6,6,5,6,7
9,5,5,9,9,8,9,5,9,8,8,9,8,5,8,6,5,9,6,6,9,8,8,6,6,9,6,9,9,7,0,7,7,6,8,9,7,7,9,5,8,5,5,6,5,5,6,8,6,8,7,6,7,8,9,7,5,7,8,7,5,7,9,5,7,6,5,8,9,5,6,8,5,8,7,5,9,6,7,5,5,6,9,6,7,6,9,9,6,6,8,9,9,6,5,6,6,5,8,9
9,8,8,6,7,8,5,8,5,9,8,8,9,7,7,8,7,8,7,6,6,6,6,7,6,6,9,8,7,6,9,0,8,8,8,5,6,8,8,9,9,5,6,8,7,8,9,5,6,8,7,9,7,8,6,7,8,6,5,9,5,9,6,5,9,9,9,5,5,6,6,5,9,9,8,6,9,8,8,9,6,6,7,5,5,7,7,5,6,6,7,9,7,8,8,9,8,5,8,8
9,9,9,9,7,6,9,8,9,5,7,9,8,6,7,9,6,6,9,7,7,8,8,9,9,6,7,6,5,8,7,9,0,5,5,5,7,7,8,7,9,7,8,5,6,8,8,6,6,5,8,8,7,6,5,6,5,5,9,5,6,9,8,7,6,7,8,9,7,5,5,7,7,8,5,5,8,7,7,6,5,9,6,5,6,9,5,7,9,9,9,7,8,8,6,5,9,5,9,8
9,8,8,5,5,6,5,8,5,5,7,8,8,7,9,6,7,8,6,6,7,5,5,8,6,8,9,9,7,5,5,8,8,0,8,6,7,6,5,9,5,8,6,7,8,7,6,8,5,8,5,7,6,9,7,6,9,8,5,9,7,7,6,5,5,9,9,5,9,5,7,9,7,8,5,7,5,8,6,6,9,9,8,5,7,8,9,8,5,7,7,8,5,5,6,7,7,6,6,8
8,6,9,5,6,5,9,7,8,9,5,5,7,9,5,8,9,5,8,6,5,5,9,7,7,9,9,6,6,8,5,9,6,7,0,8,7,5,8,9,6,8,7,5,5,6,7,6,6,5,8,8,6,7,5,8,7,6,7,7,7,5,7,5,5,9,6,8,9,6,7,8,5,6,7,8,7,9,9,5,5,7,8,6,8,9,9,7,6,8,5,5,8,5,6,5,6,6,5,6
5,8,6,9,7,9,7,9,5,6,5,7,7,6,7,9,7,5,7,5,9,9,7,5,5,6,5,9,9,6,7,6,9,7,9,0,6,6,8,8,8,7,9,6,9,8,7,8,6,8,7,8,5,9,5,6,6,5,6,8,6,9,7,5,8,9,9,8,5,7,5,8,8,6,8,7,5,7,7,7,8,8,9,6,7,8,6,6,9,5,7,5,5,9,7,8,9,9,8,9
8,9,7,8,8,9,9,8,5,7,6,9,8,8,5,7,5,6,8,5,7,7,8,5,9,9,7,9,9,9,7,5,8,7,8,9,0,5,5,7,7,9,8,5,7,8,8,7,6,9,9,8,8,6,8,7,5,5,7,8,8,6,5,9,6,9,5,5,5,9,5,6,9,8,5,5,9,6,6,6,6,6,6,9,9,5,9,9,5,5,8,9,8,7,8,5,9,9,9,7
7,8,7,6,9,8,9,9,5,7,7,8,8,5,7,7,5,5,9,5,5,6,9,9,6,6,8,7,9,9,6,5,7,9,8,8,9,0,9,5,6,6,9,8,8,8,9,5,7,9,6,5,8,9,9,7,6,8,7,5,7,9,7,9,5,6,7,6,9,7,9,7,6,5,8,8,5,7,6,6,7,5,5,7,8,9,7,5,7,6,6,9,6,9,7,6,9,5,7,7
5,7,6,5,5,8,8,8,6,5,7,9,7,5,7,7,9,9,6,6,8,7,8,8,5,9,6,7,8,7,9,9,9,9,6,5,9,5,0,6,9,6,9,9,7,8,7,7,5,6,5,6,9,8,6,8,8,8,7,9,5,7,6,9,8,6,7,9,8,9,6,7,8,8,6,9,8,7,6,9,7,7,5,5,7,5,9,5,7,5,8,6,6,6,6,6,9,9,5,5
6,8,8,6,5,7,7,6,7,6,9,5,6,8,6,7,7,6,6,8,6,6,6,7,6,9,5,7,6,9,5,8,7,5,8,9,9,9,9,0,9,7,8,8,6,5,8,5,8,9,8,9,8,7,6,9,9,6,6,9,5,7,5,9,7,6,5,7,6,5,6,8,8,6,6,6,8,8,5,6,8,9,6,8,8,5,7,6,5,6,9,7,7,9,9,7,7,8,6,9
5,5,8,8,7,9,6,6,5,5,6,5,6,9,6,5,5,6,6,6,9,9,7,9,6,9,5,8,6,9,8,9,7,6,6,8,5,8,5,8,0,9,5,5,9,5,8,6,8,8,9,6,5,7,9,9,5,7,9,7,8,9,7,5,6,6,6,8,5,7,8,9,7,5,7,7,9,9,7,9,8,7,7,5,7,7,8,6,7,6,6,5,6,6,7,9,7,5,8,7
8,9,6,6,9,9,9,9,5,7,5,5,5,5,9,5,6,6,7,8,8,5,6,8,5,8,8,5,8,8,5,9,5,9,5,8,6,6,5,7,7,0,8,6,5,5,5,9,6,6,6,7,5,7,9,9,8,7,7,5,6,6,9,6,6,7,6,9,5,9,5,9,5,5,9,6,9,9,5,8,5,8,6,9,6,5,9,6,6,5,7,6,8,6,9,6,8,7,9,8
9,6,8,7,6,7,6,5,7,8,9,9,7,9,5,7,9,5,5,6,7,9,8,5,7,9,5,9,6,8,8,7,9,7,9,8,9,9,7,8,8,8,0,8,7,5,8,8,9,6,6,6,8,6,8,5,9,7,8,5,7,7,7,9,9,5,7,9,9,9,6,8,5,7,6,7,9,6,5,5,8,5,5,8,9,6,9,5,6,6,9,6,6,9,5,6,6,9,9,7
7,9,9,9,5,8,6,6,5,5,6,8,6,8,6,6,6,9,9,8,5,6,7,8,9,9,6,6,6,5,6,9,6,8,7,9,6,5,8,6,5,8,5,0,6,5,6,5,8,8,9,9,7,9,6,6,6,7,5,5,5,6,5,9,9,9,6,6,8,5,6,5,5,5,8,7,6,6,6,7,8,9,8,7,7,5,9,9,5,6,6,7,5,5,7,5,9,9,6,6
8,5,6,7,6,8,8,6,6,8,9,5,6,8,6,6,7,7,6,8,5,7,5,6,9,9,9,5,8,7,8,7,5,9,9,7,7,6,6,8,7,7,7,7,0,6,5,6,7,8,6,7,7,7,7,5,6,5,5,8,7,8,8,7,8,9,7,5,6,8,9,8,6,5,7,6,7,9,7,5,8,7,7,6,6,5,5,5,7,8,8,7,7,7,9,5,8,5,9,7
9,5,5,8,9,7,6,6,9,5,8,6,7,9,9,9,6,6,6,8,9,7,7,7,9,6,6,8,6,7,7,7,5,9,6,7,7,8,7,8,8,9,5,7,5,0,6,9,7,8,9,8,6,8,5,8,6,8,7,9,7,5,7,9,7,7,5,6,7,8,7,6,7,9,7,5,5,7,5,6,7,6,9,5,6,8,5,8,9,6,9,9,5,9,9,7,5,9,8,9
5,5,7,8,6,8,6,7,6,5,8,9,8,5,6,5,6,7,8,8,6,6,6,6,9,7,6,8,5,9,9,6,9,5,6,7,9,6,9,8,7,8,7,9,8,9,0,6,9,8,8,6,8,5,9,7,8,8,5,8,8,6,8,6,6,5,6,5,7,9,8,6,9,8,9,6,7,8,7,8,9,6,7,9,7,8,6,5,9,8,7,9,9,7,5,7,8,7,6,9
6,8,8,9,9,6,6,9,6,8,9,9,5,7,8,6,8,8,9,8,8,6,6,9,6,9,7,7,7,7,7,5,7,8,7,6,7,7,5,5,6,7,9,6,8,8,8,0,7,8,8,8,5,8,7,5,9,7,9,8,5,9,9,6,8,5,9,7,7,9,7,8,5,8,8,7,6,7,5,5,8,5,5,8,8,9,7,7,9,8,7,8,8,9,9,5,6,5,5,5
9,5,6,7,6,5,7,6,9,5,8,7,7,8,9,9,9,6,7,9,8,7,7,9,7,8,5,6,8,7,5,6,6,5,6,7,9,7,7,8,7,5,7,8,9,9,6,9,0,9,5,5,5,7,6,6,6,8,6,9,7,9,6,8,7,5,6,6,7,7,7,5,6,8,8,7,8,5,8,9,7,7,6,6,8,6,9,9,9,8,9,9,7,8,5,9,5,6,9,8
8,8,9,6,7,9,8,7,8,9,7,6,9,7,6,9,8,9,5,5,5,7,6,8,8,7,7,8,8,9,6,6,5,5,6,9,8,9,8,8,7,7,5,5,6,7,5,5,6,0,5,5,5,6,9,7,5,7,5,8,9,7,5,8,8,8,6,6,8,6,7,6,9,6,6,7,8,7,5,7,5,7,7,7,8,8,5,9,5,7,5,7,7,5,8,6,7,8,6,7
9,6,6,8,9,8,6,9,5,7,9,8,6,8,8,7,9,7,5,9,7,6,5,6,5,9,9,9,7,5,9,9,5,8,7,9,6,8,7,9,7,5,9,8,7,7,6,8,6,6,0,6,9,8,6,9,8,5,5,7,9,9,6,7,9,7,5,7,7,6,9,5,5,9,6,7,7,6,7,8,8,8,5,8,5,9,9,5,8,8,8,8,6,5,8,9,6,8,5,5
7,9,8,7,6,6,5,5,7,9,7,7,7,6,9,6,8,8,7,5,7,9,9,8,7,5,9,5,6,6,5,9,6,6,6,8,9,7,6,9,8,9,8,8,6,6,5,9,6,7,5,0,7,5,9,8,7,5,5,5,5,6,5,8,5,8,8,6,6,5,5,6,5,7,7,6,7,6,5,7,5,5,9,8,9,5,8,8,6,8,8,8,9,7,5,7,8,6,7,9
8,5,9,9,5,5,9,5,8,7,5,6,9,8,9,5,6,6,9,5,5,9,9,8,7,7,7,8,6,5,8,6,9,5,8,5,5,5,7,9,5,7,5,8,7,7,8,6,7,9,5,6,0,7,6,9,8,5,5,7,8,7,6,8,7,9,8,7,9,9,8,5,6,9,9,5,7,9,6,5,9,8,6,5,6,9,7,9,7,6,5,5,9,8,8,6,8,9,7,9
8,5,9,6,9,9,9,6,7,6,6,8,9,5,7,9,6,6,6,7,7,9,9,7,9,8,5,7,5,8,6,8,7,6,6,9,9,9,6,7,5,5,6,5,9,6,5,9,6,9,5,7,7,0,9,6,9,5,6,7,5,9,7,6,9,5,8,6,7,8,8,5,6,9,9,7,7,7,9,8,7,7,5,6,6,8,8,6,7,5,7,8,8,7,5,8,8,8,7,5
6,5,8,5,7,9,8,8,7,7,9,6,6,8,5,7,8,5,5,6,6,6,9,7,5,5,6,9,9,6,8,8,5,9,6,7,9,5,8,7,9,5,9,9,5,6,6,5,6,7,9,7,8,6,0,8,9,6,5,9,7,7,8,9,6,8,5,6,7,6,7,8,8,7,7,6,6,7,9,6,9,8,6,7,6,6,6,5,8,5,7,6,8,5,5,9,5,6,8,5
9,5,9,9,9,9,6,5,5,5,6,7,6,8,5,9,5,6,8,9,7,5,7,6,8,6,9,8,6,7,5,5,9,8,6,9,8,7,8,6,9,6,9,8,9,5,9,9,9,6,8,9,8,8,8,0,9,7,7,5,7,5,8,8,7,9,6,7,7,6,5,6,8,7,6,9,6,6,9,7,8,6,9,8,5,9,5,7,6,5,7,7,5,7,6,6,6,7,6,8
7,7,7,7,9,9,5,7,6,8,7,7,8,5,6,5,5,5,8,8,8,8,6,6,9,8,5,6,6,5,8,8,9,5,9,5,9,6,8,5,8,8,5,7,8,9,9,5,5,5,5,5,9,7,5,9,0,6,5,8,6,9,8,6,6,9,8,8,7,5,6,6,9,7,7,9,5,7,8,7,9,9,5,6,6,5,8,9,7,5,5,9,8,7,7,6,5,7,9,7
5,6,6,9,9,8,5,8,6,7,9,6,7,7,9,6,9,7,5,5,6,9,5,7,5,7,8,6,9,6,9,7,8,5,7,7,7,5,6,7,9,5,7,9,5,9,6,5,8,5,6,7,7,9,6,6,5,0,9,9,7,9,8,8,5,8,7,8,6,5,6,9,9,5,7,6,6,6,6,6,5,5,8,7,8,9,7,5,9,9,6,7,7,5,9,8,5,6,6,5
8,5,9,9,7,6,7,6,9,7,5,9,9,8,8,6,5,5,5,5,6,6,9,7,9,8,6,8,6,9,5,5,9,5,7,5,6,8,5,7,7,5,5,6,9,6,7,9,6,8,7,9,5,6,9,7,6,6,0,5,8,9,8,5,5,7,9,9,8,5,8,9,7,5,8,8,6,5,7,8,7,6,7,6,7,7,6,9,8,6,5,8,5,8,6,7,8,9,9,9
9,6,9,9,7,8,5,9,7,7,8,6,8,8,8,7,7,7,8,8,5,5,6,7,9,5,9,8,8,5,5,6,6,8,8,5,6,8,8,9,7,7,7,5,7,9,9,6,9,9,5,6,6,6,8,8,9,7,9,0,7,8,6,5,6,7,6,5,9,9,7,6,9,8,9,6,8,8,6,9,9,5,8,8,9,5,8,5,9,5,5,5,8,8,6,5,5,6,5,7
5,9,5,7,7,7,6,8,6,9,9,5,8,7,9,7,5,7,5,6,8,5,5,9,9,6,7,5,6,9,5,7,8,8,8,5,5,5,6,7,9,5,8,9,6,9,7,5,9,8,9,8,6,8,8,9,9,5,7,5,0,5,5,6,7,9,7,7,5,9,9,7,9,6,7,7,8,7,5,8,9,9,6,5,8,9,7,5,9,9,8,6,9,8,5,6,8,9,6,5
8,7,6,6,5,6,9,6,8,6,5,7,8,6,8,6,8,9,7,7,6,7,7,5,5,7,7,6,5,5,8,8,5,9,9,7,7,9,5,7,5,5,6,7,9,6,8,7,5,8,8,8,6,8,9,6,9,6,6,7,8,0,7,6,7,7,6,6,8,7,6,9,9,9,5,7,5,5,5,5,8,9,9,6,7,7,5,7,7,5,8,7,5,7,8,8,8,9,8,9
8,9,9,5,8,9,9,9,5,6,8,6,9,6,7,8,8,5,8,5,7,9,9,7,9,8,8,6,6,6,8,6,7,5,7,9,9,9,7,7,8,6,6,6,7,6,7,9,9,5,9,7,5,8,7,8,9,7,6,5,6,7,0,8,9,7,6,9,9,8,8,8,9,8,6,6,6,7,8,5,7,6,8,6,6,6,6,5,8,7,8,9,7,7,7,6,6,8,7,8
5,7,8,6,6,6,5,9,9,6,6,6,6,6,9,9,7,5,7,7,6,6,5,6,9,8,5,7,5,5,5,8,5,9,9,9,7,7,5,9,6,7,6,6,6,7,8,5,7,8,8,5,5,5,7,9,7,6,6,8,6,8,8,0,9,6,8,5,7,7,5,6,5,5,7,5,8,5,8,5,6,5,9,9,7,6,9,7,5,6,5,6,6,5,6,7,8,8,7,5
7,7,6,8,7,7,8,9,8,9,8,9,8,5,5,8,7,8,6,7,6,6,5,5,7,8,9,9,9,5,7,5,8,8,7,9,8,5,7,9,8,5,9,6,8,5,7,5,5,8,5,9,7,9,8,6,7,5,6,8,7,8,5,7,0,6,8,6,5,7,5,9,6,6,6,9,6,7,8,6,6,6,9,9,5,5,7,7,8,9,6,7,7,9,8,7,9,9,6,9
9,9,7,7,9,9,8,8,5,9,7,8,8,9,9,7,7,9,9,7,9,5,7,6,6,7,6,7,7,8,5,6,5,9,7,6,8,6,9,6,6,9,6,9,6,7,9,8,9,6,9,5,9,9,5,8,7,5,6,6,7,6,5,6,9,0,6,8,8,7,7,8,5,9,8,5,9,8,8,5,8,8,7,7,6,8,5,6,6,9,8,9,8,5,7,8,5,9,5,5
9,9,5,6,7,7,9,5,6,8,5,5,8,5,7,8,5,9,8,7,9,5,6,9,8,7,9,9,6,9,5,9,8,8,5,9,7,5,9,8,9,9,9,8,8,8,5,8,8,9,8,5,6,7,6,9,8,6,7,9,7,9,9,7,7,5,0,6,5,5,8,5,9,9,9,8,9,5,7,5,5,6,6,6,7,5,9,8,6,7,5,5,5,7,5,5,5,5,7,5
7,6,5,7,9,8,9,6,6,8,6,9,6,6,7,7,5,7,7,6,7,6,9,8,9,7,9,6,8,8,7,9,7,6,7,8,6,8,6,8,6,8,7,7,5,6,9,9,5,8,5,8,8,6,8,6,7,6,8,7,8,7,7,7,6,7,6,0,9,8,8,5,6,5,8,9,8,9,6,7,7,8,5,6,5,8,9,6,6,8,6,6,5,5,9,9,9,6,5,6
8,5,5,5,7,7,8,7,9,6,9,6,6,8,6,8,8,6,6,8,7,6,9,6,7,7,5,6,5,9,5,6,9,5,9,7,8,9,8,8,5,6,6,9,9,9,5,6,9,5,5,7,5,6,9,7,5,8,8,5,6,6,7,9,6,7,7,5,0,9,8,5,9,7,8,8,5,9,5,7,7,6,9,7,9,9,7,6,7,5,6,6,9,6,8,6,9,9,7,8
6,6,9,6,5,9,6,5,7,8,8,7,5,6,5,8,7,8,7,5,8,6,5,5,7,7,6,7,8,6,8,5,7,7,5,6,7,7,7,9,7,7,8,9,6,9,5,7,5,5,8,5,7,6,9,5,6,9,9,7,8,8,6,5,9,7,5,8,6,0,9,5,9,6,7,7,6,7,5,8,8,6,9,7,7,8,7,8,5,8,5,9,8,8,9,6,9,5,8,9
8,8,7,6,6,5,8,9,9,9,7,7,5,5,5,6,9,6,8,7,6,9,5,5,5,9,7,6,6,5,8,6,9,6,9,9,8,7,5,7,9,8,8,6,5,7,8,7,7,8,7,7,6,6,7,9,8,7,5,7,7,7,7,8,5,5,8,9,6,6,0,7,6,6,6,7,8,5,9,9,7,5,9,9,8,8,5,5,7,8,9,6,6,6,8,9,7,6,9,5
5,9,9,6,6,6,5,6,5,8,9,9,9,8,8,6,8,7,9,5,5,5,5,6,6,9,5,5,8,6,5,6,5,9,8,8,6,8,8,6,8,9,5,9,8,5,7,7,8,6,6,9,6,9,9,5,8,7,9,6,5,5,8,8,8,7,8,9,9,5,5,0,9,9,7,7,5,9,6,8,5,6,8,6,6,9,6,5,5,9,8,9,8,8,6,5,7,5,6,6
5,6,7,8,7,5,7,9,8,7,9,5,7,9,8,5,7,8,6,9,7,7,8,5,5,6,6,5,8,7,9,9,8,9,7,8,8,9,9,6,6,6,6,7,5,8,6,9,5,6,8,8,9,6,9,8,8,6,7,6,8,6,6,6,8,9,7,8,6,5,6,7,0,9,5,7,5,5,5,5,7,5,6,5,7,8,5,5,6,5,9,9,6,6,7,7,5,9,5,9
6,5,8,8,9,9,5,9,9,9,8,7,8,6,5,6,6,5,9,8,7,8,6,7,6,5,9,6,6,7,7,6,5,5,9,7,6,8,5,7,7,6,6,7,6,7,6,5,6,6,5,9,9,7,6,7,9,5,6,9,9,9,7,7,6,6,6,7,6,7,9,8,5,0,6,5,6,7,8,5,9,8,9,9,9,6,7,6,8,8,7,7,6,6,6,7,8,8,9,5
5,5,8,9,8,7,7,9,7,7,5,5,5,9,7,5,5,5,7,5,8,5,7,8,9,5,7,6,9,8,6,8,8,8,5,8,5,5,5,7,8,8,8,6,8,6,6,6,9,5,7,8,5,8,6,9,7,9,9,8,5,5,5,9,5,7,7,7,8,8,5,5,9,5,0,7,5,6,6,5,7,8,5,7,8,6,8,7,9,6,5,6,5,5,6,7,8,8,9,6
6,9,8,8,5,9,6,8,9,6,6,8,6,9,7,5,9,7,6,7,7,9,7,6,7,7,9,5,8,8,9,7,6,5,8,8,9,7,7,9,9,9,7,8,5,6,9,6,8,6,7,5,6,7,9,6,7,7,5,7,5,6,5,6,7,8,7,6,5,9,5,6,5,7,7,0,7,7,9,5,6,8,8,6,6,6,8,5,9,6,6,5,6,7,5,8,8,9,6,6
6,9,8,5,9,5,5,5,9,9,6,9,8,6,9,9,7,9,8,5,8,8,7,5,8,8,8,9,5,8,9,7,5,7,9,6,9,7,7,5,5,8,6,5,9,7,7,9,8,5,6,8,5,6,7,8,6,8,7,6,7,6,9,5,9,9,8,5,7,7,5,9,7,8,9,9,0,6,7,5,6,5,8,5,9,7,6,6,9,9,5,9,5,5,5,8,8,8,5,5
9,8,7,7,5,5,6,5,7,6,8,6,8,7,5,6,8,5,5,8,7,7,9,5,6,8,9,9,6,9,6,5,6,6,5,8,7,6,5,9,5,6,9,7,6,9,5,8,9,9,5,8,8,7,8,7,9,7,5,7,6,6,8,7,5,7,5,7,6,7,8,6,5,6,7,5,8,0,6,9,7,7,6,5,7,9,8,7,8,8,8,8,5,6,7,7,8,7,6,7
8,8,8,6,7,5,8,7,7,9,7,8,7,7,7,5,5,6,6,7,7,5,6,8,7,8,8,5,7,8,9,7,6,9,5,8,8,9,8,6,6,5,5,9,5,5,6,7,8,7,7,7,6,9,5,8,7,5,8,8,7,8,9,8,5,9,6,8,7,8,7,5,8,5,6,6,5,7,0,8,7,7,6,6,5,5,6,6,7,8,7,6,8,6,9,8,7,5,6,9
6,8,8,9,9,5,7,8,6,7,8,8,9,6,5,6,5,6,9,8,8,8,9,9,5,6,8,8,8,6,8,6,8,8,7,9,8,6,6,5,7,7,5,9,5,8,6,6,6,8,7,6,6,8,5,7,8,8,9,8,6,9,5,9,9,6,9,6,9,6,7,9,9,8,5,5,7,9,8,0,6,9,7,7,5,8,6,5,5,7,9,5,5,6,8,8,8,7,5,5
8,9,5,6,9,5,8,7,7,7,5,5,9,9,8,8,9,6,9,6,7,6,8,9,5,5,7,7,5,9,7,7,6,8,5,6,9,5,7,5,9,9,7,8,7,8,5,5,8,5,9,6,8,9,8,6,5,5,5,8,8,5,6,7,5,7,8,5,9,6,8,8,8,9,6,7,9,5,7,7,0,9,7,9,9,5,5,9,7,5,8,5,8,5,8,7,9,8,9,8
5,9,5,5,6,7,6,8,8,8,6,7,5,8,8,8,5,6,6,7,9,7,6,5,5,5,9,8,5,7,7,8,9,6,7,7,9,6,7,7,8,7,5,8,8,6,5,5,6,9,6,7,6,7,8,7,8,9,9,6,8,7,8,6,6,7,7,8,6,6,9,9,9,9,8,7,6,8,6,9,5,0,9,6,5,6,9,6,7,8,9,9,5,6,6,9,6,9,9,7
6,8,6,8,5,5,6,8,7,8,5,5,9,8,9,5,8,5,7,5,7,5,5,5,6,7,9,8,8,9,7,8,7,5,5,6,9,5,6,9,9,5,8,9,7,9,9,6,6,5,5,5,6,8,5,5,7,6,6,8,6,8,5,7,5,7,7,9,7,8,6,8,9,8,6,6,7,6,7,7,7,7,0,6,7,9,7,7,8,5,9,9,8,8,8,8,6,9,6,8
5,6,9,8,8,9,6,6,7,7,8,8,6,8,9,5,9,6,8,8,8,5,8,9,8,9,8,9,5,5,5,6,5,8,7,5,7,8,8,8,7,6,9,6,6,6,7,9,9,8,8,9,6,7,9,5,8,5,5,9,6,6,5,7,7,6,7,8,6,8,7,5,7,5,5,7,5,7,7,6,6,8,5,0,7,6,5,5,8,8,6,7,7,7,9,6,5,6,6,8
9,9,9,8,5,5,8,6,6,7,7,9,5,7,9,7,7,6,7,6,7,6,9,9,9,6,9,7,8,8,9,6,9,9,8,7,6,5,9,6,8,8,9,5,5,7,6,9,8,6,8,9,8,5,6,7,9,5,8,8,5,5,8,7,7,6,9,6,9,6,6,7,6,6,8,8,7,8,9,7,5,5,9,6,0,9,9,7,9,7,5,7,6,6,6,5,7,5,6,7
8,7,9,9,7,9,6,8,6,7,8,5,6,5,6,8,5,5,6,8,7,8,5,8,8,8,5,5,5,5,5,7,6,5,5,9,5,5,7,6,8,6,5,7,9,5,6,5,5,7,5,6,9,7,5,9,6,5,6,8,9,5,7,6,6,5,8,5,9,6,8,9,8,9,9,6,8,8,9,8,7,5,5,8,5,0,8,8,8,5,6,7,9,9,8,7,7,8,9,5
9,6,5,5,8,8,5,8,9,8,8,6,7,6,8,5,8,9,9,5,8,7,5,5,8,9,8,5,9,7,6,7,8,8,5,6,7,9,7,9,5,5,8,5,6,9,5,7,6,8,8,8,9,9,6,6,6,9,6,9,9,9,8,7,6,6,7,9,6,6,8,8,7,9,5,8,8,9,9,8,9,5,9,6,8,8,0,7,9,6,8,9,7,8,8,9,5,6,5,9
9,6,5,6,9,9,9,6,9,8,8,7,6,5,8,5,8,5,6,9,7,8,8,7,8,7,6,5,9,9,9,6,8,5,9,6,8,9,9,7,8,7,8,5,7,5,7,6,9,7,6,5,9,6,7,6,8,7,8,7,7,8,6,9,9,7,9,6,6,6,6,9,5,9,5,9,9,8,5,7,9,9,6,6,8,9,6,0,6,8,7,8,5,6,7,9,9,5,9,6
5,5,6,9,8,5,7,9,5,6,7,6,5,7,5,7,7,7,5,5,9,5,8,8,8,7,6,7,8,5,5,9,5,7,9,6,7,5,7,5,6,5,6,5,6,6,8,7,5,9,6,7,5,8,6,9,7,8,5,5,9,9,5,5,5,8,5,7,7,8,5,7,9,9,9,9,8,8,6,7,9,8,6,8,8,8,9,6,0,5,5,9,9,9,7,6,7,9,6,9
7,5,5,9,7,9,8,7,5,9,6,6,9,6,8,5,5,7,7,6,7,9,8,7,7,8,5,8,7,8,7,5,6,8,9,7,8,9,9,9,9,5,8,7,8,8,5,7,6,6,6,9,7,5,7,8,6,8,6,8,8,5,9,6,7,6,9,6,7,5,6,5,8,7,7,6,5,6,8,8,8,8,7,6,7,7,7,6,5,0,5,6,5,7,5,6,9,6,6,5
7,9,8,5,5,9,5,6,9,7,6,8,9,5,7,9,5,7,8,9,9,9,7,5,7,9,6,8,7,6,8,5,8,6,6,9,5,7,7,6,6,6,8,8,9,6,6,5,9,6,5,6,7,7,5,7,7,7,7,5,7,7,8,8,9,6,5,8,8,8,9,7,5,6,8,8,6,8,6,5,8,6,8,6,5,7,7,6,5,8,0,6,7,5,6,8,9,7,5,9
7,6,7,6,6,7,8,5,5,9,7,6,9,6,6,7,6,9,7,7,7,8,9,7,5,7,7,7,9,7,9,5,6,9,8,9,5,9,6,9,7,6,7,6,8,6,7,5,8,8,6,9,9,7,6,9,6,5,5,9,5,6,6,7,9,6,5,9,7,6,7,7,7,8,9,6,5,7,9,9,9,6,8,5,6,9,5,8,7,8,8,0,5,8,7,9,5,5,9,7
6,5,7,8,6,6,9,7,6,8,5,8,9,5,6,9,8,7,5,6,5,6,7,7,8,8,6,8,5,9,8,5,6,5,7,8,6,7,7,9,6,7,9,5,6,5,8,9,7,7,5,8,9,8,6,5,8,9,9,7,9,6,7,6,9,5,7,9,8,8,7,6,5,6,5,8,6,7,6,8,5,7,6,7,9,5,5,7,8,7,9,6,0,8,9,9,9,9,8,5
6,7,9,6,8,9,8,7,8,8,7,9,5,8,5,7,7,5,9,6,8,9,9,5,5,8,6,7,6,6,5,8,8,6,9,6,5,5,7,7,5,8,7,9,6,7,9,8,7,6,7,9,9,6,7,7,7,9,5,5,8,6,6,6,7,9,6,8,8,9,7,6,8,7,6,5,6,9,8,8,9,7,5,9,9,5,8,6,9,7,8,5,5,0,7,8,9,6,6,7
6,6,5,9,7,9,5,6,7,5,6,5,8,5,7,5,5,5,7,6,7,5,9,8,6,6,6,5,5,8,6,8,5,7,6,6,8,8,7,9,8,8,6,6,8,6,5,5,8,6,7,8,9,9,9,6,6,6,7,6,8,5,5,8,8,7,5,5,8,5,6,6,7,7,7,8,9,8,5,9,6,6,7,9,5,8,9,5,7,5,9,7,5,6,0,6,8,7,7,7
5,6,9,6,7,5,5,6,6,6,6,7,8,5,8,9,6,7,6,7,5,7,9,7,8,6,9,5,5,5,9,5,6,5,9,7,6,5,5,9,9,6,7,9,6,8,6,6,7,7,5,6,6,5,7,7,7,6,7,5,5,9,5,5,7,5,5,8,6,5,7,6,6,7,7,8,5,5,6,5,5,7,8,8,5,7,9,6,7,6,5,5,7,9,8,0,9,6,6,6
5,7,7,5,6,9,8,5,8,7,9,7,7,9,7,5,8,6,6,9,9,6,9,5,9,5,7,8,6,9,7,6,8,8,6,8,7,7,6,8,7,7,6,8,8,9,8,5,9,8,5,8,9,6,6,8,7,7,6,6,7,9,8,8,9,7,8,8,8,9,8,6,9,7,7,7,5,6,7,9,7,7,9,7,9,9,6,6,6,7,5,9,5,5,6,7,0,8,7,8
6,5,9,6,5,9,8,8,6,8,9,8,6,5,6,8,5,5,5,9,5,5,7,7,6,8,9,5,9,6,5,9,8,7,5,9,7,5,8,7,5,5,9,7,7,9,9,9,8,6,6,6,7,8,8,5,8,6,5,6,5,8,9,5,8,9,5,8,9,7,6,9,6,8,8,5,5,9,5,6,9,5,6,7,9,8,6,9,9,5,5,5,9,7,7,7,5,0,9,9
7,9,5,9,6,5,7,9,9,9,7,5,9,6,8,7,5,6,7,6,9,7,5,9,9,6,5,9,9,5,5,9,6,9,7,7,8,5,5,6,7,9,7,9,6,5,6,9,6,5,6,6,8,7,9,9,8,6,5,9,5,7,5,8,9,8,8,9,8,6,8,9,5,5,9,5,5,5,7,8,5,5,8,8,8,9,5,8,9,7,8,6,9,6,6,9,8,8,0,5
8,6,6,5,9,6,6,5,7,8,9,9,8,8,6,8,9,8,6,5,9,7,9,9,6,7,7,5,8,9,9,6,6,9,9,7,8,5,8,7,6,8,8,5,5,8,5,7,8,8,6,5,6,8,6,5,6,7,9,7,9,6,7,8,8,7,7,8,9,9,5,9,5,9,8,5,9,9,9,7,6,9,6,5,7,8,5,7,8,9,5,6,6,6,8,9,6,9,7,0
