R=100
Pi=(13,12,12,16,14,19,11,19,15,11,19,13,10,10,14,11,19,10,18,12,14,10,18,17,11,17,12,17,19,11,10,17,13,11,13,19,11,17,11,17,13,11,19,18,15,11,10,15,16,18,19,19,12,15,11,12,14,14,14,17,16,13,10,14,10,12,10,19,16,15,19,11,18,10,19,13,10,19,12,19,17,16,11,10,11,10,15,18,19,11,15,16,13,14,11,19,10,14,17,13)
A=
1,2,44
2,3,46
5,6,0
6,7,47
8,9,0
9,11,47
12,13,54
13,14,0
18,20,40
21,22,0
22,23,0
23,24,54
24,27,48
28,29,0
29,30,0
31,32,54
34,35,0
35,36,55
36,37,0
38,39,40
39,40,0
40,41,0
41,42,0
42,44,0
45,46,0
46,47,53
48,49,0
49,50,41
56,57,54
59,60,40
60,61,0
61,62,0
63,64,43
69,71,0
71,73,0
72,74,0
73,75,41
74,76,47
76,78,52
77,79,57
78,80,58
80,82,0
82,84,52
83,85,47
84,86,0
89,91,0
90,92,42
93,95,0
95,97,0
98,100,54
Sij=
0,6,9,6,6,5,9,5,9,5,8,6,8,5,9,7,9,7,9,6,5,6,6,7,7,8,5,8,9,9,7,5,6,8,9,7,8,6,9,5,5,7,8,8,8,9,7,8,7,6,8,5,5,9,7,7,5,7,9,7,9,6,6,5,7,7,9,9,5,7,8,7,7,9,5,7,7,8,8,8,6,7,5,7,5,7,9,6,5,6,7,6,7,7,5,9,5,8,5,6
9,0,7,7,5,8,6,7,6,8,9,9,6,9,6,5,7,5,9,9,5,7,8,8,8,5,6,5,5,9,6,6,9,7,6,8,9,9,5,8,9,9,8,8,6,7,5,7,6,6,7,8,6,9,5,8,6,8,8,9,7,5,7,7,7,7,5,8,7,7,5,7,9,5,9,5,9,9,7,6,9,9,9,8,6,7,5,5,7,8,6,6,5,5,6,9,7,6,6,9
7,7,0,5,8,5,9,9,5,9,5,9,7,6,7,9,7,6,8,5,9,7,9,6,8,6,9,6,8,9,5,8,7,8,7,9,7,9,6,7,6,8,9,5,7,9,9,5,8,5,8,7,8,6,6,7,7,5,6,6,6,8,5,6,9,6,6,8,8,7,7,8,5,5,8,5,7,8,9,9,6,9,7,8,5,7,5,6,6,5,6,7,7,9,6,8,8,7,6,5
7,6,7,0,6,8,5,7,7,7,6,9,9,6,6,5,7,5,6,6,7,6,5,7,7,6,5,6,6,9,5,7,5,6,9,7,5,7,6,9,5,9,8,8,5,6,7,5,5,8,9,8,6,6,9,9,6,8,9,5,8,9,6,7,6,9,8,7,7,9,9,9,8,7,5,7,8,6,7,5,8,9,5,7,9,6,5,9,7,9,6,6,7,6,6,6,8,5,7,5
7,9,8,6,0,9,9,5,9,5,7,6,9,6,9,6,8,8,9,7,5,8,9,9,7,8,8,7,6,5,9,9,7,9,6,8,8,5,8,8,5,6,5,8,5,8,6,9,7,5,7,7,8,7,6,6,8,5,6,8,6,6,8,8,5,7,8,9,5,6,7,8,5,6,7,8,7,5,9,8,6,8,5,5,8,6,5,5,7,9,9,8,9,5,6,8,7,7,8,7
5,7,9,6,8,0,8,7,7,9,8,8,7,5,7,6,7,6,8,5,8,7,8,6,6,6,8,9,5,9,8,6,5,7,6,8,9,9,8,7,9,9,7,5,9,5,7,7,6,8,9,7,9,7,9,5,6,5,7,5,5,9,6,8,6,7,8,9,9,9,6,8,7,5,5,8,9,8,7,5,8,5,8,6,5,6,6,8,8,6,6,9,6,8,7,9,8,9,9,7
7,7,8,7,6,5,0,9,8,6,5,5,8,8,7,6,9,6,5,7,9,5,9,6,8,7,7,7,8,8,6,5,5,8,5,8,5,7,6,9,9,6,8,7,7,6,8,6,9,7,7,8,7,6,9,6,7,6,5,9,9,8,5,9,5,9,9,9,7,8,5,7,5,5,8,7,7,7,8,6,9,6,8,6,6,7,7,8,9,8,5,9,7,6,5,6,5,8,7,8
6,8,8,5,6,9,8,0,7,8,6,9,5,8,8,5,8,9,9,8,7,6,5,5,9,7,6,5,8,5,6,6,8,9,5,5,5,7,7,5,6,9,5,5,7,9,5,5,8,5,6,6,6,5,9,6,5,8,9,7,9,9,9,6,6,9,5,5,7,8,5,5,6,8,6,8,5,5,7,9,7,5,6,8,9,9,5,7,9,8,9,7,8,5,5,7,9,9,8,7
9,9,8,5,5,5,9,8,0,9,6,5,9,5,9,9,8,7,6,7,7,9,7,6,8,8,7,7,6,7,9,8,6,7,5,5,8,7,6,7,8,9,6,8,8,8,9,7,8,5,7,9,8,7,6,7,6,8,9,6,7,8,8,5,5,7,8,7,9,9,6,6,6,8,9,7,7,9,7,5,9,5,8,6,5,9,5,9,6,7,8,9,8,9,9,9,6,6,8,5
9,7,7,8,8,6,8,9,8,0,8,9,6,5,9,7,7,5,6,9,5,7,9,6,7,5,7,7,6,8,9,5,6,6,7,5,6,7,9,7,9,6,5,6,7,7,7,8,9,6,6,9,9,7,7,7,5,5,5,8,6,8,6,5,8,8,8,9,8,8,5,5,5,9,5,9,6,8,9,9,8,8,8,5,7,5,6,9,9,9,5,6,6,6,6,6,9,9,7,9
8,8,5,5,5,6,8,5,6,8,0,6,6,6,5,5,8,9,6,8,8,6,9,5,9,7,9,9,8,7,9,9,6,5,5,6,5,7,7,9,5,6,5,7,5,8,8,9,5,6,8,6,8,6,9,7,9,7,6,7,6,7,9,7,7,8,9,6,6,9,9,5,7,6,7,6,6,7,9,6,9,9,8,7,9,7,5,5,5,8,7,7,6,9,8,8,6,8,9,6
8,6,8,6,6,7,8,6,8,8,5,0,6,8,5,8,6,8,7,7,5,7,8,5,8,7,7,9,7,8,8,9,7,8,7,7,7,5,7,6,6,9,9,7,7,7,5,9,6,6,7,5,9,5,9,9,5,6,5,8,8,8,6,8,9,8,7,8,5,8,5,5,6,6,6,5,8,6,8,5,7,8,7,6,6,8,5,7,9,8,7,6,5,8,7,8,8,5,7,9
9,7,8,8,5,6,8,8,9,8,5,9,0,7,9,6,5,5,9,7,5,7,5,9,7,5,9,5,8,9,8,7,8,8,9,6,9,9,9,5,9,5,7,8,5,8,7,8,5,7,6,7,8,7,7,6,8,8,6,7,6,5,9,9,6,5,6,5,8,8,6,6,5,9,8,5,5,7,8,8,8,5,5,5,7,5,9,6,6,7,7,6,8,7,9,8,5,8,7,9
7,7,9,6,6,5,6,9,9,7,5,6,9,0,7,9,5,5,9,6,5,6,9,9,5,5,9,8,8,9,9,9,7,9,8,6,6,5,8,9,7,9,9,7,8,7,5,7,5,8,9,8,6,7,6,8,7,7,9,5,7,6,8,9,5,7,8,6,6,6,8,9,6,9,8,6,7,7,5,8,5,7,7,9,5,5,8,5,8,5,8,8,6,7,7,6,5,9,6,6
9,8,5,8,5,9,6,6,8,5,5,9,6,6,0,5,9,8,8,9,9,9,7,8,5,7,9,8,8,7,7,5,7,6,9,8,6,6,8,8,5,8,6,6,7,9,9,7,5,7,7,7,6,5,7,6,6,5,5,6,6,6,7,8,6,9,8,8,6,7,9,8,9,5,8,5,8,5,5,5,7,6,7,6,5,5,8,7,9,8,7,5,6,7,7,9,6,7,5,7
6,5,6,8,8,8,7,6,6,6,8,5,9,9,8,0,5,8,6,8,6,6,5,9,8,9,8,7,7,7,9,9,5,5,7,9,7,5,9,8,6,7,6,6,7,9,6,6,6,8,7,5,9,8,9,6,5,6,7,8,9,6,9,8,6,6,7,5,6,9,6,5,9,8,7,8,9,9,6,8,8,7,5,8,5,9,9,7,6,6,9,5,7,5,8,5,8,7,9,5
6,6,9,7,7,6,5,6,6,5,6,5,9,8,5,7,0,5,5,7,7,6,5,8,5,5,5,7,8,9,7,9,6,5,5,7,7,7,8,6,8,9,8,5,5,9,8,6,8,5,6,9,7,9,7,9,6,7,9,6,6,9,6,7,8,5,9,5,8,6,7,5,6,9,8,8,8,9,8,5,6,9,8,7,8,7,7,6,7,6,5,9,7,7,9,9,7,6,7,9
9,8,7,7,7,5,7,8,6,9,5,6,8,8,9,7,5,0,8,8,6,8,8,7,6,5,7,7,9,9,9,5,6,7,8,6,8,7,6,9,7,9,9,5,8,5,9,6,9,7,7,8,8,7,6,5,6,5,5,6,5,8,8,8,6,8,9,8,9,7,6,5,8,8,6,6,9,7,9,6,6,6,7,7,6,5,7,8,6,8,9,8,6,5,9,8,6,5,9,9
6,6,6,6,6,7,9,9,6,9,6,9,6,9,5,8,5,5,0,7,5,6,5,6,6,7,7,8,8,8,7,9,9,8,9,9,9,5,5,6,9,5,7,7,6,6,5,6,7,5,6,8,6,8,8,7,6,9,9,9,8,8,6,5,9,5,7,6,6,5,5,7,9,9,8,5,8,7,9,5,7,6,6,8,7,8,8,5,9,7,7,5,5,6,8,5,9,6,7,6
9,9,5,6,9,8,8,6,5,8,9,8,9,9,6,7,7,8,8,0,5,7,6,6,9,7,5,7,7,6,7,6,7,5,8,5,8,5,9,8,8,5,6,5,6,7,8,5,6,5,5,7,5,8,7,8,7,7,6,8,9,6,5,5,7,6,7,8,6,8,8,6,7,5,5,5,5,5,9,6,9,9,5,7,5,5,5,8,7,9,8,5,8,5,8,6,9,6,8,9
5,9,9,8,6,8,5,5,8,6,8,6,7,5,9,5,6,7,9,7,0,6,8,5,6,5,7,8,6,7,8,5,9,7,9,5,9,5,7,6,6,9,5,5,6,6,6,7,8,6,8,5,6,6,6,8,7,8,7,7,9,5,8,8,9,5,8,9,8,9,9,9,8,6,8,7,5,7,9,5,9,9,9,5,8,7,8,8,6,6,7,6,7,9,6,5,6,7,6,5
8,6,9,8,6,8,6,5,8,9,7,9,8,7,8,9,6,8,9,6,6,0,9,8,6,7,8,7,8,5,7,5,8,6,9,7,7,5,5,8,9,6,8,5,6,8,7,7,9,6,7,9,7,7,9,8,8,8,7,6,8,6,8,5,5,8,9,8,9,5,6,9,5,5,9,5,8,9,6,8,9,5,7,7,7,7,8,5,7,5,8,9,7,9,9,8,7,8,9,8
9,9,7,9,5,7,8,6,8,8,5,8,6,9,7,7,9,5,7,7,9,8,0,6,9,6,6,6,6,5,6,7,9,9,8,9,9,7,7,7,5,9,6,7,8,5,5,8,8,6,6,8,7,6,7,8,5,8,8,7,8,5,6,6,6,6,5,9,7,9,7,9,6,8,7,8,8,6,8,8,6,8,8,9,8,7,5,8,7,9,9,6,9,5,8,9,7,5,5,6
9,5,5,8,9,6,7,8,8,8,5,8,9,9,5,9,7,7,7,9,6,6,7,0,8,5,5,5,6,9,7,5,7,5,6,9,6,8,9,9,6,5,6,9,8,9,5,7,9,9,8,7,5,8,6,5,8,8,6,8,9,6,6,9,5,7,7,8,7,5,9,6,7,7,5,8,5,6,8,8,5,7,6,6,5,5,5,9,9,6,5,7,6,6,5,5,9,7,9,5
6,7,9,8,5,7,9,7,8,8,5,6,9,7,8,6,9,9,8,5,7,8,8,6,0,9,6,9,5,7,9,9,8,7,8,7,7,8,7,6,8,6,8,5,5,6,9,8,8,8,8,5,9,8,9,8,7,8,7,8,8,7,9,5,8,8,7,8,5,5,5,8,7,8,9,8,8,7,8,5,5,8,6,6,8,8,9,9,8,5,5,9,5,9,8,6,6,7,7,7
9,5,7,8,8,5,8,6,9,5,9,9,5,7,7,5,6,7,6,5,8,7,5,5,5,0,6,7,7,5,8,7,5,5,5,5,5,5,7,8,8,9,8,5,8,5,5,8,8,6,8,9,8,6,6,8,6,9,7,8,6,8,6,5,5,7,8,9,9,6,7,9,8,9,8,5,5,7,7,9,5,7,9,6,7,8,8,9,8,7,9,5,8,9,6,5,8,8,9,5
6,5,9,6,8,8,6,9,7,6,8,9,7,7,8,9,8,9,8,7,9,9,5,6,7,7,0,6,8,7,8,6,6,8,6,8,9,7,7,7,8,6,8,6,6,9,5,7,6,6,7,6,8,9,7,6,7,5,7,8,6,7,8,7,9,5,6,5,5,8,8,6,6,7,9,5,5,7,8,7,7,9,9,6,5,7,7,6,5,5,5,8,5,8,6,6,8,5,7,6
8,9,6,7,7,5,9,6,5,7,5,9,6,5,6,6,7,6,7,6,7,9,5,5,8,5,6,0,7,6,7,6,9,5,6,9,7,8,7,8,5,7,6,6,8,5,6,7,9,7,9,9,7,8,5,9,8,9,6,9,7,8,7,5,7,5,5,9,9,6,8,8,9,8,6,9,5,7,6,5,7,7,7,5,6,8,9,6,9,7,5,8,7,8,5,7,5,6,8,8
9,6,7,8,8,6,9,8,6,6,8,6,7,5,7,5,6,6,9,8,6,9,5,7,5,9,5,6,0,7,9,8,9,8,8,5,5,5,8,7,9,9,5,9,8,8,9,6,6,6,5,5,8,7,5,7,5,6,5,7,8,5,8,6,6,7,8,7,9,9,6,5,7,9,9,9,5,5,6,8,6,8,9,9,6,9,5,7,8,6,5,9,9,5,8,8,6,8,7,5
9,7,6,6,5,5,8,8,7,5,6,9,9,6,6,9,6,8,5,7,6,6,8,7,9,7,5,7,6,0,6,8,6,8,6,8,9,7,7,9,5,5,7,5,7,9,6,9,7,9,9,6,7,8,9,9,8,8,8,7,7,5,6,7,5,7,9,6,8,7,6,7,8,9,9,7,9,5,5,8,8,7,7,7,6,9,5,8,8,7,5,6,8,5,6,5,9,9,9,5
5,9,6,9,7,6,8,8,9,7,9,7,7,5,9,5,7,8,5,6,6,6,7,6,7,5,9,7,7,8,0,7,9,5,5,7,8,6,7,9,5,5,7,9,6,7,7,8,7,6,6,8,6,9,8,8,9,6,9,7,7,7,5,5,5,9,9,6,6,8,5,9,9,8,5,5,9,7,6,8,9,6,6,6,6,9,5,5,7,7,8,7,6,5,7,7,5,7,8,6
8,6,6,9,5,7,8,7,8,8,8,7,5,6,8,5,5,8,8,6,9,8,9,9,9,8,7,9,6,7,9,0,6,9,9,5,8,5,7,6,9,5,7,6,8,8,6,7,5,6,6,6,6,8,6,7,9,6,7,9,6,9,9,6,6,8,7,7,5,5,5,5,8,7,9,5,6,6,5,5,8,6,7,7,9,5,8,8,7,6,6,6,7,7,9,5,6,6,5,5
6,8,6,9,6,6,8,8,9,6,6,7,6,6,6,5,6,6,7,5,9,8,5,8,9,9,7,6,7,8,9,9,0,6,5,9,9,5,8,6,7,7,9,8,5,5,8,5,6,5,9,8,9,8,9,5,7,7,7,5,7,9,7,5,5,7,6,6,6,7,6,5,8,9,9,8,5,5,5,8,5,8,6,5,8,9,9,5,6,9,6,6,7,8,9,8,9,8,7,8
8,6,9,9,8,8,5,5,9,6,5,7,7,9,9,8,7,6,7,5,8,5,5,6,5,5,7,9,5,5,8,6,7,0,6,9,8,9,7,6,9,8,9,6,5,9,9,9,8,8,6,5,8,6,6,9,7,6,7,8,8,6,6,9,8,7,8,5,5,9,5,8,5,5,7,6,9,9,9,7,6,5,9,5,9,5,5,5,5,6,7,6,7,8,8,8,7,9,8,7
5,9,8,9,8,7,9,7,9,5,5,8,7,5,6,7,6,5,5,8,6,8,9,8,6,8,6,7,7,8,8,5,5,6,0,6,7,7,9,7,6,5,7,5,5,6,8,9,6,6,5,6,7,8,5,6,7,9,9,7,5,6,7,5,5,6,5,8,5,9,9,5,6,7,9,7,9,7,9,7,8,8,9,5,7,6,6,6,5,5,9,7,7,7,7,5,7,6,5,9
5,5,9,7,7,9,5,9,8,7,7,9,9,6,9,6,6,7,8,9,5,8,8,9,9,6,7,9,5,9,5,7,7,5,6,0,7,8,7,8,7,6,6,8,7,8,5,8,5,8,5,8,5,8,5,9,6,7,5,8,5,6,5,9,9,7,9,6,9,9,6,7,9,9,6,7,8,5,5,5,9,8,6,6,5,6,9,8,6,6,9,5,8,9,7,5,6,7,8,9
8,8,8,6,6,7,9,6,6,8,5,6,6,9,8,6,9,8,8,8,7,6,5,8,9,5,9,5,6,5,6,6,6,5,6,6,0,5,5,9,7,6,8,6,8,5,8,8,8,5,5,5,7,8,5,7,7,7,9,6,5,8,8,9,6,6,8,9,6,7,7,6,9,8,5,6,8,9,7,7,6,7,5,9,5,9,9,8,5,8,9,8,5,9,9,9,8,8,5,7
7,8,7,5,7,9,6,8,7,9,8,8,5,7,9,8,7,9,9,6,6,9,9,7,8,8,6,9,9,6,8,5,8,9,5,7,9,0,9,6,6,7,5,5,5,9,5,7,8,5,5,6,8,9,8,5,7,9,9,6,9,8,7,8,6,6,8,9,5,6,6,9,8,7,8,9,6,9,8,8,8,5,7,9,9,9,9,5,5,9,7,8,9,7,7,7,5,6,9,9
6,5,7,6,8,6,8,6,6,9,8,8,6,6,8,8,5,7,9,6,7,7,9,5,8,8,9,5,9,5,8,9,9,8,6,7,8,6,0,6,8,6,7,9,5,5,9,6,8,9,9,7,7,7,7,6,8,5,6,7,9,6,7,6,5,5,9,8,7,5,5,9,8,6,6,5,9,8,8,5,8,6,6,6,5,7,6,7,7,7,8,7,7,8,6,6,8,5,8,5
6,6,9,8,8,5,9,5,5,7,7,5,6,6,8,7,5,6,6,7,9,7,6,5,6,8,6,9,9,5,6,8,9,8,8,7,7,7,7,0,9,8,5,6,5,9,7,5,6,5,9,5,7,9,6,6,9,5,9,6,5,8,9,6,9,5,8,5,8,7,6,5,7,8,7,9,8,5,5,5,9,8,5,9,5,9,8,9,8,7,9,7,7,6,7,6,9,9,7,9
6,6,6,9,8,9,7,9,6,7,7,8,9,8,7,7,8,9,5,9,6,8,7,6,7,8,7,5,6,6,9,9,8,6,8,7,6,5,5,6,0,6,9,7,6,9,5,8,8,9,9,7,5,8,7,7,7,9,5,6,5,6,7,8,5,7,8,5,8,5,9,5,7,8,9,7,7,5,6,6,6,5,8,6,6,8,9,5,5,8,5,7,6,9,5,9,9,5,6,8
6,5,9,8,9,9,9,6,9,9,5,7,7,8,5,9,8,5,6,7,8,7,9,9,9,6,9,8,7,9,8,6,8,7,5,6,5,9,6,6,9,0,7,6,6,8,8,9,8,8,5,6,8,9,9,5,8,5,9,9,7,5,5,8,9,6,8,8,5,7,8,9,8,9,5,8,5,6,8,6,5,7,6,9,7,8,9,7,9,7,6,6,5,5,8,6,8,8,6,5
5,5,9,5,5,6,8,9,8,6,5,7,7,8,8,5,8,5,6,6,6,5,9,7,6,7,8,8,6,8,9,6,9,7,6,5,7,6,9,6,9,5,0,8,7,7,9,9,7,6,7,8,7,7,5,8,9,6,7,9,8,7,9,7,5,6,8,8,9,6,8,8,7,6,5,6,6,6,6,5,6,7,5,6,9,5,7,8,8,8,7,9,5,6,6,8,5,7,7,5
8,5,9,6,8,8,5,5,7,8,6,7,9,6,7,5,6,7,7,5,9,9,9,6,9,9,8,5,5,6,6,9,8,5,6,6,8,9,8,5,9,6,6,0,9,6,9,9,8,9,5,6,7,9,7,6,9,6,7,6,8,5,9,5,6,7,7,9,9,5,6,6,6,8,6,5,7,8,9,9,5,9,9,6,9,9,8,9,6,8,7,9,5,8,9,5,5,6,5,7
9,9,5,8,8,8,9,8,8,6,8,6,6,8,6,9,5,8,5,6,8,8,7,5,8,6,6,8,9,6,9,6,7,6,5,5,9,6,7,6,9,5,6,9,0,5,6,7,7,6,5,5,7,5,8,9,5,7,9,5,7,7,6,9,6,6,7,8,9,8,5,9,8,5,9,6,7,6,7,5,7,8,8,6,8,5,7,5,9,7,9,8,5,6,5,8,8,6,9,8
7,7,7,9,6,6,6,7,6,6,6,8,9,9,7,8,8,9,6,5,9,7,9,6,8,7,9,6,5,5,8,6,7,9,7,9,5,9,5,6,8,5,8,7,6,0,5,8,5,8,7,9,9,9,8,9,5,8,5,5,8,7,5,7,6,8,9,6,5,6,8,7,9,8,9,7,8,8,7,5,8,8,8,7,7,5,9,6,8,5,7,5,9,8,6,9,8,8,7,8
7,9,8,9,5,9,9,5,5,6,5,7,6,5,7,5,9,7,9,5,9,7,7,5,9,8,7,6,7,9,8,5,5,8,7,8,9,9,7,8,5,8,6,7,9,5,0,9,9,5,6,5,6,8,7,8,5,6,8,5,7,6,8,8,5,8,9,6,8,8,8,5,9,9,5,9,5,6,5,5,8,8,8,5,5,9,7,6,8,9,7,7,6,9,5,6,7,5,5,9
5,8,6,5,6,6,5,6,8,8,8,9,6,8,6,8,8,8,7,5,6,7,8,8,5,6,8,5,8,9,7,9,5,6,5,9,7,7,8,9,9,5,8,9,6,8,6,0,8,7,7,8,8,7,9,8,7,5,7,9,5,7,9,7,8,6,8,8,9,7,6,5,5,9,8,6,5,8,8,7,7,9,5,8,6,6,8,6,5,8,7,9,5,8,7,6,9,8,9,8
7,9,6,5,6,7,7,8,9,8,7,8,7,5,6,5,6,6,6,7,8,6,8,6,5,7,9,7,7,6,6,7,8,9,9,8,8,5,6,8,8,9,7,7,5,8,6,5,0,6,6,5,8,6,7,5,6,6,9,9,8,7,5,6,7,6,5,9,7,5,8,7,6,9,7,8,8,8,5,6,6,5,9,6,5,6,8,5,6,9,8,6,8,5,8,5,8,7,5,6
5,8,9,9,7,9,9,8,9,8,6,7,6,8,8,8,8,8,6,5,7,9,8,8,7,6,8,5,6,6,5,6,8,8,6,7,5,9,8,6,7,5,6,8,7,6,5,5,7,0,9,7,5,6,9,9,5,5,6,7,5,5,8,7,7,8,5,8,7,7,5,7,8,9,5,8,7,8,5,6,5,5,8,7,6,9,5,5,9,9,5,7,9,7,8,5,8,7,8,9
6,7,8,7,7,7,8,5,5,5,7,6,5,5,6,9,6,5,5,8,8,5,9,7,6,8,7,6,6,9,9,9,9,5,9,8,7,5,5,9,5,9,9,8,7,8,7,9,5,8,0,8,7,7,5,6,6,8,6,6,8,9,7,8,6,5,7,7,9,5,8,7,6,9,6,8,8,5,5,5,7,5,7,5,8,5,7,6,9,9,7,5,5,9,6,9,7,5,8,8
9,6,7,8,7,5,7,8,5,6,7,5,8,6,8,8,6,7,5,5,8,5,7,5,7,8,7,6,7,7,5,7,7,6,5,6,8,9,7,7,8,9,5,7,6,7,6,9,5,8,7,0,5,5,8,9,8,9,7,5,9,8,6,5,8,5,5,8,6,5,7,5,7,9,7,7,9,9,9,8,5,6,7,5,9,9,5,7,9,7,6,7,5,8,8,9,6,8,7,6
6,9,5,9,8,8,9,5,7,6,5,8,9,9,5,8,6,5,6,9,5,7,8,9,8,5,9,9,5,8,5,5,7,7,7,5,5,7,7,5,5,9,5,8,6,7,7,6,7,5,8,6,0,7,7,6,8,5,6,5,8,9,9,9,9,5,5,6,6,6,9,7,8,8,5,9,5,7,5,7,6,7,8,7,5,9,9,7,5,6,8,5,9,7,8,6,5,9,5,7
6,6,6,9,7,7,5,7,6,8,6,5,5,8,9,5,5,7,9,9,6,7,5,5,7,9,7,5,9,9,8,5,6,8,6,9,6,8,9,8,9,6,5,6,5,8,5,6,8,8,5,8,5,0,6,5,9,5,6,6,8,5,9,8,6,5,5,8,6,6,9,9,6,8,5,5,5,6,9,5,9,9,5,6,6,9,5,5,5,7,7,9,5,7,6,7,9,7,8,6
9,9,8,9,9,8,8,5,9,6,5,7,6,5,7,8,9,7,7,7,9,9,8,9,9,5,9,9,6,8,5,8,7,8,5,9,6,6,7,7,5,5,5,9,7,9,8,9,9,7,8,6,5,6,0,6,5,6,8,5,9,9,9,8,6,5,7,9,7,5,7,7,8,5,5,7,9,9,9,7,9,6,5,9,9,9,8,7,6,6,5,8,7,6,8,7,5,7,9,8
5,9,5,8,7,5,5,6,5,9,7,5,7,6,5,7,9,5,8,6,6,9,8,6,5,8,9,7,6,7,6,7,9,5,6,9,6,6,6,9,9,7,7,7,9,9,6,6,5,5,8,5,8,7,7,0,6,6,9,8,8,5,7,9,7,8,5,6,6,9,5,6,7,8,9,7,9,6,6,6,6,7,8,6,6,8,5,8,7,8,5,8,6,8,7,9,6,7,9,9
9,8,9,6,5,9,6,7,9,5,7,9,5,7,7,6,7,6,8,9,7,6,8,8,8,6,9,8,5,5,5,6,6,6,7,7,7,6,5,6,7,7,9,6,5,6,7,9,6,6,6,5,9,5,6,8,0,9,6,8,8,5,7,7,8,5,6,7,8,5,9,9,6,5,7,6,5,6,7,7,7,9,5,7,9,8,9,7,6,5,9,8,5,7,6,6,5,5,6,6
9,9,8,8,7,6,5,9,7,8,6,6,7,8,6,9,9,5,8,5,5,8,6,8,6,5,8,8,8,5,6,9,5,5,8,7,5,6,9,7,8,5,5,7,9,7,6,7,6,7,6,5,7,5,6,5,8,0,5,7,7,7,7,5,6,7,6,6,6,9,8,9,8,5,5,7,9,7,8,9,8,9,5,6,6,9,6,7,9,9,7,9,5,9,7,9,5,9,9,5
7,6,9,7,8,8,8,9,6,8,6,8,9,5,8,8,7,5,9,7,5,8,6,7,7,8,9,9,7,5,6,5,8,8,6,7,9,7,8,8,6,6,5,5,8,9,5,9,5,9,7,9,5,6,9,9,9,7,0,5,9,9,8,6,6,7,6,9,6,9,6,8,9,7,6,6,8,7,6,8,7,8,9,9,8,7,6,9,6,9,7,7,6,7,8,8,7,5,9,8
7,5,9,9,8,5,8,7,9,5,5,6,8,8,8,6,9,9,8,8,5,6,7,7,7,9,7,7,9,7,9,8,8,8,6,7,9,5,5,7,9,9,9,6,8,5,8,7,8,6,9,7,6,6,7,5,7,7,7,0,8,8,6,7,7,6,6,8,5,6,5,7,9,9,6,8,6,7,6,8,6,6,9,8,7,7,6,7,7,5,6,9,6,7,6,9,8,7,7,9
7,7,7,5,8,9,5,8,9,7,6,8,6,8,5,7,8,8,5,9,5,8,6,5,5,6,5,6,7,7,5,8,9,6,6,9,9,8,5,8,7,8,7,9,9,8,8,8,7,9,5,5,6,7,9,8,5,7,5,6,0,8,8,5,7,6,7,8,5,7,5,7,5,7,6,7,6,6,6,5,6,8,7,9,7,7,5,6,6,6,7,9,7,7,8,5,8,7,5,8
7,5,7,5,6,6,5,7,5,5,7,7,9,6,9,8,5,9,8,5,6,5,6,9,9,6,5,7,9,6,8,9,5,8,8,6,5,7,7,6,7,8,6,6,8,5,9,5,8,9,9,9,9,9,6,6,8,7,5,5,5,0,7,7,9,7,8,6,6,8,8,7,8,6,7,8,8,8,5,6,8,7,5,9,5,6,8,5,5,6,6,7,7,6,7,5,9,5,6,8
9,9,8,6,5,6,6,7,7,6,8,8,8,6,7,7,5,8,7,8,8,7,5,9,6,5,5,7,9,6,8,7,6,6,6,9,8,8,8,8,5,6,8,9,8,8,8,6,8,9,9,5,8,8,9,7,8,9,5,9,6,8,0,8,5,7,6,6,6,5,7,9,7,9,8,7,7,8,6,6,8,6,8,8,9,7,7,8,7,7,8,6,9,8,9,6,6,7,8,6
7,7,7,6,6,5,7,6,9,6,6,8,6,7,6,7,7,5,8,7,5,7,8,9,6,6,9,8,5,6,6,9,5,5,8,6,9,7,6,9,9,6,9,6,5,5,9,6,6,7,9,5,9,6,5,9,9,7,5,5,5,8,6,0,7,9,6,8,6,9,5,7,5,8,8,7,8,8,6,9,5,7,7,6,7,7,5,5,9,9,9,7,7,7,6,8,6,5,6,6
8,6,8,7,6,9,9,7,5,8,7,6,7,8,9,7,7,6,8,5,9,6,9,6,9,8,9,8,6,5,6,8,7,9,5,9,8,5,5,8,8,8,9,5,7,8,9,9,7,8,5,9,7,6,7,6,7,6,8,7,9,6,5,5,0,6,9,9,7,7,5,9,7,6,5,6,5,6,8,9,6,8,5,5,7,9,7,6,5,6,9,7,7,7,7,8,7,7,9,8
8,9,6,6,7,9,8,7,6,9,7,9,8,7,6,9,9,5,7,5,9,7,8,5,8,7,7,5,8,6,9,7,7,9,6,7,6,8,7,8,6,9,9,6,9,9,9,9,5,8,9,6,5,8,9,5,6,5,8,5,7,7,9,5,5,0,9,7,8,6,8,7,5,8,9,9,5,8,6,6,9,8,7,5,5,7,7,7,9,5,5,6,6,5,7,5,9,5,9,6
5,6,5,8,6,6,9,8,6,8,9,6,9,9,9,6,5,7,8,7,7,6,8,7,5,7,6,5,6,8,5,5,9,5,5,7,7,8,8,9,8,9,6,5,6,9,7,6,5,5,5,6,6,6,8,8,8,7,8,9,9,8,6,7,8,9,0,6,8,9,7,8,6,8,9,9,8,5,8,6,5,5,9,9,5,8,8,8,8,7,6,8,5,5,8,9,9,7,8,6
7,7,8,7,8,7,8,7,6,6,5,8,5,6,7,9,5,8,5,8,9,5,8,6,7,8,8,6,9,5,5,5,6,6,9,8,7,7,6,8,5,5,7,7,7,8,8,8,8,9,9,5,7,5,6,6,9,6,9,9,8,7,8,6,6,9,6,0,9,7,8,6,7,6,7,8,9,7,6,9,8,5,9,7,5,6,9,8,6,9,7,9,5,7,7,9,8,7,6,5
7,7,9,6,9,7,6,8,9,7,7,8,7,6,5,9,9,9,7,9,6,6,9,9,5,9,6,5,9,7,5,6,6,5,7,6,5,8,8,7,9,5,8,9,6,8,6,8,6,8,5,8,9,6,8,5,7,9,6,9,6,6,9,7,7,6,7,7,0,9,9,8,6,6,5,9,6,8,5,8,6,8,7,8,6,7,6,6,5,6,6,9,6,6,8,5,8,6,6,6
5,6,9,9,7,9,9,7,9,6,7,7,6,6,9,6,9,7,8,9,5,9,6,5,8,5,6,9,7,9,6,5,6,8,7,5,8,7,6,6,8,8,7,8,9,8,7,9,6,6,6,6,7,6,6,6,9,9,6,7,8,9,9,9,5,6,5,7,9,0,8,7,6,6,7,6,6,6,8,5,9,7,6,7,5,8,9,7,5,7,5,6,9,6,9,8,8,9,8,8
7,8,9,5,7,9,5,5,5,9,9,5,6,8,7,9,6,6,8,6,5,9,5,5,8,7,7,9,6,8,8,7,8,9,7,5,7,6,9,6,8,9,6,5,8,5,5,6,9,9,6,6,5,6,8,8,7,9,7,5,6,5,8,6,6,6,6,6,5,6,0,7,5,7,7,8,6,7,5,6,7,6,6,5,7,7,6,7,6,6,9,8,7,8,9,5,7,5,5,9
6,9,8,6,7,7,6,9,8,8,7,5,7,7,5,9,9,5,6,9,9,9,9,5,5,7,9,6,7,6,5,5,7,6,5,8,7,5,7,5,5,7,9,8,8,8,6,5,8,5,6,7,9,5,9,7,9,8,5,9,8,9,6,6,7,7,8,6,7,6,6,0,9,7,6,8,7,9,6,6,7,6,9,8,7,5,8,5,6,6,7,9,9,9,7,6,5,5,7,6
6,5,5,7,6,8,6,9,8,6,7,8,7,6,8,8,9,6,8,6,8,6,6,9,5,7,6,9,5,9,8,6,7,5,5,7,6,6,7,8,8,8,6,5,9,9,6,8,6,9,7,9,6,6,7,5,8,5,7,9,7,6,9,9,8,6,6,6,6,5,6,7,0,9,5,7,9,9,6,5,5,5,8,7,5,6,8,9,5,8,9,8,5,9,7,6,6,9,7,7
7,8,5,7,5,7,5,5,6,8,7,5,7,5,6,8,8,9,8,7,9,7,5,8,6,7,5,8,6,8,5,5,7,8,7,7,5,6,7,7,6,8,7,7,6,9,6,5,8,9,8,7,5,9,7,5,8,6,5,8,7,7,8,8,7,6,7,8,7,8,8,7,6,0,6,6,6,9,7,7,6,5,5,9,7,5,8,5,8,6,7,9,8,5,8,5,9,9,8,9
9,6,8,7,9,5,5,5,9,7,6,5,5,9,8,7,6,7,6,8,9,6,9,7,5,9,9,6,8,5,7,6,6,8,8,5,7,8,5,6,9,7,5,5,9,6,9,9,6,5,9,6,7,5,5,7,7,5,6,5,6,9,7,8,5,9,9,6,5,8,5,8,6,5,0,8,6,5,8,7,9,9,9,9,7,6,5,8,6,7,5,7,6,6,5,9,5,9,7,5
9,7,7,8,7,5,5,5,6,6,8,6,8,8,7,5,6,9,5,7,9,5,7,9,5,5,8,6,6,6,8,7,8,8,7,6,7,5,7,6,6,5,7,9,8,8,9,8,9,9,7,6,9,5,6,8,9,7,8,6,7,8,8,5,8,6,8,5,6,6,7,6,7,9,6,0,9,8,8,5,6,6,9,7,6,8,6,8,8,7,8,6,9,7,5,8,7,6,6,6
7,5,9,7,7,7,6,9,9,9,6,5,6,7,7,5,7,5,6,6,6,8,5,8,7,9,7,9,6,5,8,7,7,6,8,5,7,7,9,9,7,7,8,9,5,8,5,7,9,9,5,6,9,9,5,9,5,6,9,8,9,7,7,9,5,9,7,9,9,6,8,5,5,7,9,9,0,9,5,7,8,9,5,9,7,9,6,7,7,6,8,5,5,7,6,5,5,9,8,8
5,5,5,8,8,6,5,6,7,5,6,9,9,8,5,9,8,7,5,9,8,6,5,8,5,6,7,7,9,7,9,9,6,7,6,8,8,7,5,5,9,5,5,7,5,9,5,7,6,6,6,7,9,9,9,9,5,7,7,7,9,7,6,5,6,6,8,6,6,7,5,6,7,9,5,8,6,0,8,7,5,5,9,5,7,6,6,9,6,8,7,8,6,9,8,6,6,8,5,5
8,6,8,5,9,5,9,5,9,8,6,8,6,9,7,6,9,7,9,8,9,7,6,8,9,9,9,6,9,8,9,9,5,7,9,8,6,9,6,6,6,6,5,8,7,9,6,7,7,6,7,8,9,6,5,6,5,9,6,5,6,7,5,6,8,6,7,8,5,8,9,5,5,7,7,8,6,7,0,6,9,7,7,9,7,6,5,9,9,6,7,8,7,7,6,5,8,5,8,9
5,7,7,6,8,6,7,7,7,8,7,9,7,8,7,7,9,8,8,5,8,6,7,6,8,9,7,7,9,6,9,7,8,7,6,7,9,5,5,6,9,7,7,5,9,7,5,8,5,8,5,9,7,8,6,8,9,5,8,9,8,9,8,5,9,5,6,9,6,9,7,9,7,6,6,5,9,6,7,0,5,8,8,7,6,5,9,5,9,6,7,7,9,6,6,7,9,9,6,6
9,6,6,7,5,6,6,7,5,6,6,9,7,8,8,5,9,6,6,9,9,9,6,8,9,7,8,7,6,9,6,5,7,5,8,9,7,6,7,5,8,7,9,7,5,8,5,6,8,6,7,8,8,6,6,9,9,7,7,8,7,9,6,6,5,5,6,7,9,8,7,8,9,6,5,7,5,8,8,6,0,6,7,9,5,6,8,7,5,8,9,9,5,9,9,7,9,6,8,7
9,6,7,6,9,8,9,9,6,6,9,9,6,9,6,6,9,5,5,9,7,8,5,8,9,9,7,8,9,9,6,6,6,6,9,9,9,5,9,6,7,9,6,9,8,5,8,5,8,8,7,9,5,9,5,5,6,9,7,9,5,5,9,6,9,8,7,5,5,6,7,9,5,9,7,8,7,5,9,9,5,0,6,5,6,6,6,5,7,5,8,7,9,8,9,5,6,5,9,9
5,7,8,5,6,5,8,8,6,7,7,7,6,9,7,9,9,9,7,5,8,7,5,9,6,8,7,5,5,8,5,7,8,5,9,6,7,6,9,6,8,7,9,9,8,5,6,5,6,5,6,6,8,9,6,8,7,9,9,7,8,8,8,8,6,9,9,5,5,6,6,7,5,5,6,5,7,5,5,5,6,6,0,9,9,6,8,9,8,8,5,9,7,7,6,7,5,9,6,8
9,5,6,5,9,9,8,6,7,7,6,6,6,9,8,5,7,8,8,6,7,9,6,6,9,6,8,5,8,8,6,5,6,7,5,9,5,6,9,5,7,7,7,6,6,9,8,8,8,6,5,6,5,5,5,5,9,9,5,7,5,8,8,8,6,6,9,9,8,8,5,5,8,8,8,5,6,9,9,5,8,9,6,0,7,7,9,9,6,6,5,9,5,5,6,5,9,8,8,5
5,9,8,5,5,5,9,7,7,6,5,8,5,9,5,9,5,6,5,6,6,6,8,7,7,8,9,5,7,7,9,6,8,9,8,6,9,8,6,6,8,6,7,9,6,7,9,5,5,7,9,8,8,7,8,9,5,6,8,6,6,8,5,9,7,8,5,5,6,9,9,6,5,9,8,9,8,9,6,5,8,8,5,9,0,8,6,8,5,5,9,5,8,5,9,9,9,6,7,7
8,7,8,9,5,8,8,7,8,9,9,5,6,9,7,8,8,8,6,6,5,9,9,5,6,8,5,5,5,9,8,8,6,6,8,8,9,8,9,6,9,8,9,5,6,8,9,8,7,6,6,5,5,5,6,8,7,8,7,7,7,7,6,9,5,6,9,9,6,9,8,9,8,9,6,7,5,8,8,8,9,7,8,9,7,0,8,8,5,5,5,6,6,5,7,8,7,6,5,5
5,9,5,7,7,8,6,6,5,9,9,7,8,9,9,8,5,9,7,6,7,7,8,9,6,8,7,9,6,5,8,5,5,8,8,9,8,9,5,6,5,6,7,6,6,7,7,6,6,8,8,8,9,8,7,7,5,5,5,9,5,7,5,9,5,8,7,9,6,5,9,5,8,5,5,5,5,6,8,8,6,5,8,7,7,5,0,6,6,5,6,8,8,9,5,5,8,6,7,6
7,5,7,5,5,9,8,9,9,8,6,6,8,7,7,8,5,9,7,7,5,7,5,9,9,6,6,6,7,9,7,9,7,5,5,7,8,5,7,8,8,5,6,8,8,9,9,5,6,7,5,8,8,9,6,5,5,8,5,9,8,7,7,9,5,7,9,8,6,9,9,9,7,9,9,9,5,6,5,5,6,5,9,5,9,9,6,0,7,9,5,7,5,5,8,9,6,8,6,8
6,5,6,8,7,7,5,5,8,5,6,9,8,7,9,7,7,7,6,5,6,5,6,9,6,7,9,9,9,9,7,6,9,8,9,5,5,6,7,7,8,8,8,7,7,5,8,7,5,6,6,9,6,5,6,6,8,7,7,5,8,5,6,8,8,9,5,5,7,9,7,6,5,9,7,8,7,9,6,5,8,6,9,8,8,8,5,8,0,6,8,6,7,9,7,9,7,6,9,8
7,5,8,9,5,8,5,9,7,8,7,8,9,5,6,6,6,6,8,5,9,9,7,8,9,7,9,6,7,9,9,7,7,5,9,5,5,6,8,9,7,9,8,9,9,9,7,6,7,5,8,6,7,8,9,7,7,9,5,7,9,9,6,7,8,5,5,8,6,6,6,9,7,9,8,5,6,8,9,9,5,8,9,7,6,8,9,8,6,0,6,7,5,6,6,5,8,8,6,5
8,8,8,9,6,9,8,8,8,5,8,6,9,5,5,6,6,9,9,5,5,6,6,7,5,8,5,7,6,9,5,7,5,7,5,6,7,8,8,7,7,9,6,8,7,5,7,5,5,9,8,8,8,5,5,7,6,5,9,7,8,6,7,8,9,6,5,7,9,9,9,8,6,6,7,5,5,8,9,5,5,5,7,7,5,7,8,9,6,8,0,9,6,8,5,9,6,7,7,8
6,9,5,6,6,9,5,6,7,8,5,7,8,6,9,6,8,9,9,8,7,8,6,5,5,9,7,9,6,7,5,7,7,9,8,6,5,8,5,7,9,6,6,6,6,6,6,5,9,8,5,7,8,8,6,8,7,9,5,6,7,6,9,5,7,8,9,8,7,8,6,9,8,7,8,6,6,9,9,9,8,6,5,7,6,8,9,9,8,5,8,0,6,8,8,5,8,6,5,9
7,6,7,8,5,7,5,8,5,9,9,6,7,9,5,8,6,5,7,8,8,8,5,9,7,5,9,6,5,7,5,5,5,5,6,7,5,8,9,9,5,9,8,9,9,8,5,6,7,9,9,7,8,7,5,8,6,8,5,5,7,9,8,8,9,9,5,6,7,7,8,7,6,8,7,9,5,6,5,9,9,8,8,5,8,8,7,8,5,8,6,6,0,8,9,6,6,5,9,9
9,8,8,8,5,5,6,5,5,9,5,8,5,7,6,5,9,6,8,5,5,7,7,6,9,6,6,9,7,6,6,8,5,6,5,6,6,9,8,9,6,7,6,9,5,9,5,9,7,8,7,5,7,9,8,7,6,7,9,8,8,7,8,8,7,7,7,9,6,9,9,5,7,8,8,8,5,7,5,9,5,7,7,9,9,6,5,6,7,8,5,8,5,0,9,6,9,8,7,6
8,7,6,8,7,8,7,7,9,5,5,7,8,6,9,7,6,5,9,9,5,6,5,7,8,9,5,9,7,6,9,9,7,6,7,7,9,8,9,5,7,9,6,6,6,5,6,7,5,6,9,9,9,8,5,7,6,9,5,7,7,7,9,7,5,5,9,6,9,7,8,7,5,8,7,6,9,8,5,7,7,8,9,6,7,9,5,9,5,5,5,9,8,7,0,8,5,5,8,5
6,6,5,7,8,8,6,9,5,5,9,7,7,9,8,9,8,8,8,5,5,9,9,6,8,6,8,9,7,5,7,5,6,8,9,5,7,5,5,8,5,5,5,9,5,8,7,5,5,8,9,6,6,7,9,6,6,8,9,7,9,7,6,5,8,8,5,9,9,7,6,7,7,5,5,5,9,5,5,5,8,8,9,9,5,5,9,8,8,7,9,8,6,8,8,0,7,8,9,5
6,7,7,5,7,6,7,9,6,7,9,6,6,8,9,8,5,7,7,9,8,9,7,6,7,8,7,6,9,6,7,6,5,9,8,7,5,7,6,7,8,5,8,6,8,6,7,5,6,9,7,9,6,5,7,7,5,6,8,9,8,5,9,9,9,8,6,6,9,6,7,8,6,9,6,7,6,6,7,5,5,7,9,9,8,7,9,9,6,6,7,9,8,6,8,7,0,6,8,6
5,5,6,5,5,6,9,8,6,8,5,5,9,9,8,9,6,6,5,6,6,8,6,9,7,9,8,5,9,6,9,6,8,9,6,5,8,6,9,7,9,9,8,6,6,6,8,9,5,7,7,5,5,6,5,7,8,6,8,5,8,8,8,5,9,9,7,9,7,7,6,9,7,7,7,7,9,5,8,6,6,8,9,7,8,8,5,6,9,8,6,6,8,8,9,5,5,0,8,6
7,8,8,7,7,5,8,8,8,9,7,8,8,8,6,9,9,9,6,6,6,8,5,5,8,5,9,6,8,7,6,6,6,8,5,8,7,6,6,6,5,5,6,6,6,5,8,8,7,9,9,6,9,6,5,8,7,8,8,7,6,7,9,5,7,6,6,5,7,8,6,8,7,9,6,6,7,8,8,8,7,5,9,9,8,5,7,9,8,7,5,8,8,9,9,8,5,6,0,9
5,8,7,5,8,7,6,9,9,9,9,6,8,5,5,5,5,8,5,7,7,8,6,7,5,8,7,9,7,5,8,5,5,9,8,9,9,5,5,6,6,6,8,5,9,6,6,8,8,9,8,5,5,9,6,6,7,5,5,5,5,6,6,9,6,8,5,9,7,5,6,5,7,8,5,5,5,6,8,8,7,9,6,8,6,8,5,6,8,6,7,8,5,5,6,5,9,9,8,0
