R=100
Pi=(18,19,15,14,10,10,16,14,14,17,12,15,13,15,17,15,15,14,17,18,13,18,16,14,10,10,13,11,16,13,16,15,19,10,10,19,13,11,10,12,15,18,14,17,10,13,16,15,15,17,18,15,15,13,19,19,13,11,13,19,16,15,17,11,10,17,16,12,15,18,11,14,14,15,12,15,14,19,14,17,14,18,16,19,14,11,19,16,10,10,16,12,17,11,15,10,10,12,16,12)
A=
1,2,0
3,4,20
4,5,0
5,8,0
9,10,0
11,12,0
12,13,0
13,15,0
16,17,0
17,18,33
18,19,39
19,20,38
21,22,0
22,23,35
23,24,0
24,25,0
26,27,29
27,28,37
28,29,0
31,32,22
32,33,0
34,36,23
36,38,0
39,40,29
40,41,26
42,43,39
43,44,39
46,48,34
48,50,0
49,51,25
53,55,22
55,57,0
57,59,0
58,60,0
60,62,0
61,63,32
63,65,36
66,68,0
67,69,26
71,73,29
76,78,0
78,80,0
79,81,0
82,84,35
86,88,20
90,92,0
92,94,38
96,98,25
97,99,0
98,100,30
Sij=
0,11,11,10,11,10,14,12,14,12,14,13,11,14,10,11,10,14,12,12,13,10,11,11,12,13,13,11,14,10,13,14,10,11,10,13,13,13,10,12,12,12,12,12,12,12,12,10,12,11,13,13,12,14,13,11,10,14,12,12,12,12,13,14,13,10,13,14,13,11,13,12,14,14,10,11,12,13,13,10,10,12,14,12,11,14,11,11,13,13,13,13,10,12,14,10,14,13,13,12
13,0,12,12,10,13,11,14,12,14,12,14,12,11,11,12,14,13,10,13,14,13,12,11,14,13,14,11,11,10,10,12,14,14,10,11,13,10,13,14,14,10,13,11,11,14,11,12,14,10,14,11,13,10,14,13,11,11,12,12,14,10,12,12,14,10,14,12,10,10,14,14,14,10,13,14,10,10,10,10,12,12,12,11,10,13,13,13,14,12,14,11,12,11,10,13,12,11,12,11
14,13,0,11,13,11,10,12,12,12,10,13,11,10,11,14,12,13,10,12,10,11,11,13,13,10,12,11,13,10,14,11,14,12,14,11,14,10,13,10,14,11,10,11,13,13,13,10,11,11,13,10,11,13,11,14,13,10,13,13,14,13,13,12,12,14,14,13,11,10,10,11,10,10,12,14,11,14,14,14,11,11,10,11,11,14,14,10,10,14,12,14,12,14,11,11,12,13,14,14
14,14,14,0,10,10,11,14,11,10,12,13,13,10,13,11,12,12,11,10,12,14,13,13,12,12,11,14,10,14,11,12,12,10,14,10,12,12,10,10,14,14,13,14,13,11,14,13,14,12,13,13,10,12,11,14,10,11,11,12,14,12,14,11,14,14,10,13,10,12,14,10,12,10,10,13,10,13,14,10,13,12,14,12,11,12,12,10,13,14,10,10,10,12,11,12,10,12,10,13
10,10,12,12,0,13,12,11,14,11,13,13,11,11,11,13,11,12,11,10,12,12,14,14,10,11,13,10,10,14,13,12,13,13,11,14,12,10,12,14,13,10,12,14,10,10,14,13,14,13,14,14,13,11,12,10,11,11,12,10,14,12,11,14,12,10,10,12,10,11,10,11,14,11,12,11,14,10,14,14,11,10,10,11,14,14,13,12,11,10,13,11,12,12,10,10,14,13,11,14
10,12,13,12,12,0,13,14,12,14,10,11,11,12,12,13,14,12,14,10,13,11,12,11,10,12,14,13,12,11,12,12,11,13,14,13,14,11,13,13,11,14,11,13,10,14,12,14,10,13,11,13,10,12,13,13,13,11,12,10,13,14,12,10,11,13,14,12,13,13,14,12,13,10,14,13,10,14,10,10,10,14,12,13,14,14,12,13,14,10,10,13,13,13,10,11,12,10,11,12
14,14,10,12,14,14,0,14,14,13,10,13,13,10,12,14,13,12,13,11,12,10,10,13,12,12,10,13,10,10,12,11,14,12,12,10,10,14,10,13,10,14,12,10,14,12,12,12,11,13,11,14,13,14,13,11,14,11,13,14,13,11,13,14,10,14,13,10,13,11,13,14,11,14,10,12,13,14,13,10,10,13,11,12,13,13,12,14,13,11,11,14,10,10,10,14,11,13,14,10
13,11,14,10,14,12,12,0,14,14,11,13,14,12,12,14,10,14,10,11,11,11,14,12,11,14,14,13,11,14,10,11,10,14,13,11,14,13,10,13,10,11,13,10,12,13,11,11,12,11,14,14,10,11,13,13,14,14,12,11,14,13,11,14,13,10,13,14,14,10,14,11,14,12,10,10,13,13,14,13,12,12,10,14,10,10,10,13,11,10,12,10,11,13,13,12,14,13,11,12
14,12,12,11,11,12,10,13,0,11,12,14,10,14,13,13,11,12,11,14,12,10,14,12,14,13,14,10,10,14,13,11,10,11,11,13,10,10,13,13,12,10,11,11,14,10,12,10,12,10,11,14,12,14,14,12,10,14,13,13,11,11,14,13,13,11,14,13,12,10,12,11,14,13,12,12,13,12,13,13,11,14,13,10,13,13,13,11,12,14,13,11,11,10,11,10,11,12,13,12
10,13,12,12,12,14,10,14,12,0,11,13,12,10,14,12,12,13,14,10,14,12,13,11,13,11,11,10,13,11,11,10,10,14,10,13,12,11,11,12,13,13,14,14,10,10,11,11,11,12,14,12,12,12,14,10,11,11,14,10,11,14,11,12,10,11,13,12,14,10,14,11,11,11,11,10,13,14,10,12,10,10,13,11,12,13,13,13,10,10,12,10,11,11,10,14,12,11,13,14
12,13,11,10,12,12,11,10,10,13,0,12,11,11,12,10,11,10,10,10,12,12,14,12,14,13,13,14,10,10,12,13,11,11,10,14,11,13,12,13,14,12,12,12,11,13,10,14,13,10,14,13,12,11,11,12,12,11,11,12,13,13,10,10,13,10,10,10,10,12,13,12,13,11,10,14,14,11,10,11,12,14,10,14,11,13,10,14,10,13,12,10,12,10,14,11,12,12,14,11
12,10,13,11,12,11,10,10,10,11,12,0,10,10,10,14,14,12,11,13,10,14,11,14,12,10,12,10,13,11,14,12,12,12,14,13,12,11,14,11,14,12,14,14,13,10,11,10,11,10,10,13,10,13,14,11,11,10,10,10,14,11,12,14,10,14,10,13,10,11,12,12,12,14,14,12,10,12,11,11,14,12,13,12,10,10,11,13,12,13,12,11,10,14,12,13,10,10,13,14
10,13,14,10,13,12,11,11,14,12,11,14,0,14,14,10,12,12,10,13,10,13,12,10,12,13,11,12,13,12,11,11,14,13,12,11,11,13,13,13,12,14,14,13,10,12,13,11,11,13,14,10,10,11,13,11,13,12,11,11,12,10,13,14,13,10,11,10,12,12,14,14,14,11,10,10,13,13,14,10,10,14,11,14,12,10,11,13,10,11,13,13,11,11,11,12,11,10,10,10
11,13,13,13,13,10,11,13,10,12,12,14,13,0,11,11,12,14,13,12,13,14,12,14,11,14,10,13,12,10,13,14,13,12,14,14,12,10,12,10,11,13,12,12,13,13,13,10,14,10,13,13,12,12,12,10,13,13,12,14,13,12,14,13,11,13,14,12,13,12,13,11,11,12,10,14,11,10,11,13,10,10,13,11,12,10,11,10,14,13,11,13,13,13,12,14,14,14,10,14
13,11,12,11,11,11,11,14,12,13,14,12,12,13,0,13,12,13,12,10,11,12,13,12,14,11,14,13,12,10,10,14,11,14,11,14,13,13,12,14,10,13,11,12,11,13,13,11,14,10,14,11,12,14,14,12,14,14,12,10,11,13,14,14,12,13,13,13,10,14,14,14,11,12,14,12,10,11,10,10,13,13,13,12,10,13,12,12,10,14,14,14,10,11,13,12,14,12,10,13
10,14,11,10,10,10,10,14,14,11,12,13,14,11,12,0,13,14,11,14,13,10,11,13,11,10,10,13,14,14,11,13,13,10,12,10,13,11,12,12,14,13,13,12,13,11,10,14,14,14,14,12,12,12,12,12,13,11,10,10,14,11,10,14,12,12,13,13,12,10,13,11,11,14,14,14,12,13,14,14,14,10,14,10,10,13,11,10,13,14,11,11,11,12,13,13,13,13,10,11
13,12,12,13,10,12,11,12,13,12,10,10,12,11,10,13,0,12,14,14,13,10,13,10,12,14,11,10,14,11,11,11,13,13,12,10,12,13,11,10,12,12,14,12,10,13,11,14,14,11,14,11,13,13,11,10,14,12,14,13,13,11,11,11,12,11,11,11,14,10,13,10,10,14,12,10,11,10,14,14,13,12,10,12,12,10,13,14,12,12,11,14,13,12,11,10,11,13,10,14
11,14,14,14,12,14,10,13,11,10,13,13,13,10,10,10,10,0,13,14,11,12,12,14,12,14,14,12,13,13,11,14,13,10,14,12,13,12,11,10,12,10,14,13,11,13,12,11,12,11,10,10,12,13,13,11,14,10,12,10,13,11,11,10,10,10,14,13,13,13,12,13,14,13,11,11,13,13,12,13,12,12,14,11,12,10,12,14,12,13,12,12,10,11,11,10,13,14,12,11
13,14,13,14,14,12,10,13,12,11,13,10,12,13,13,11,12,14,0,13,14,13,14,10,10,10,14,12,12,12,10,13,14,10,11,10,12,13,10,12,14,14,14,12,11,14,11,14,12,13,14,13,13,10,13,13,13,13,13,13,10,14,13,10,12,13,14,10,11,13,10,12,11,12,13,14,13,12,14,10,14,14,10,14,12,11,14,13,12,13,11,14,10,12,12,14,11,13,14,12
10,11,13,13,12,12,12,11,12,13,14,10,13,12,14,10,14,13,13,0,11,13,10,12,13,11,10,11,13,10,13,12,10,13,11,10,12,11,11,11,10,13,13,11,13,14,10,10,13,13,11,10,13,10,12,14,14,13,14,12,12,10,13,11,13,11,13,12,12,12,11,14,12,11,12,12,14,14,14,14,11,10,13,10,13,13,14,10,10,11,10,13,11,14,14,14,10,12,12,12
10,13,13,10,11,11,12,12,12,10,14,10,14,10,10,11,11,12,12,14,0,12,13,11,10,12,12,13,13,11,13,11,12,11,11,14,13,12,12,13,11,11,12,12,10,12,14,13,10,13,12,12,12,10,13,10,11,11,12,13,13,13,13,10,14,13,12,13,12,11,12,14,14,14,10,12,10,10,11,13,12,13,12,14,13,10,14,12,13,11,12,11,14,14,14,13,12,11,13,11
10,11,11,14,10,13,13,13,14,10,14,10,10,14,11,14,10,13,11,13,14,0,14,10,10,13,11,10,14,14,11,14,13,12,14,13,11,12,13,14,10,11,11,12,12,12,11,10,14,13,14,13,14,10,14,12,10,10,10,10,14,12,14,13,13,10,11,13,10,11,14,12,11,14,10,12,13,12,13,13,11,10,10,11,14,12,10,13,12,12,12,11,12,13,10,12,12,12,14,11
10,13,10,13,13,12,12,14,14,12,14,12,12,11,13,13,12,12,14,10,10,13,0,10,13,13,13,14,13,14,12,10,10,12,11,13,13,10,12,12,12,10,10,13,10,12,10,13,10,14,11,10,14,12,14,11,12,13,11,14,10,12,13,10,11,11,13,10,10,13,10,13,14,10,12,14,14,14,10,11,13,14,14,13,13,12,11,13,13,14,10,14,13,13,12,14,12,10,11,13
13,14,13,12,14,12,10,13,10,10,12,12,13,10,10,10,13,10,12,14,10,10,11,0,11,12,10,14,11,13,12,12,13,13,11,12,13,11,11,14,10,11,12,12,13,12,13,11,13,12,12,11,12,13,12,12,13,13,12,14,13,12,14,10,13,12,13,14,11,12,12,13,11,10,11,13,13,13,13,13,14,13,11,13,11,11,10,10,10,14,13,10,14,11,10,12,11,11,13,10
13,13,10,10,10,13,14,11,11,14,13,10,14,13,10,10,11,10,14,11,12,13,13,12,0,14,11,13,14,10,14,11,12,14,12,10,10,13,10,13,12,11,13,13,11,10,13,10,11,11,10,11,11,11,12,12,14,14,12,11,13,14,10,10,12,12,11,10,12,12,14,11,11,11,12,10,13,14,12,12,10,11,12,13,10,13,10,10,12,10,11,10,10,14,10,13,11,13,11,13
13,12,13,13,11,13,14,14,14,11,13,14,12,10,10,12,11,11,10,14,12,11,13,11,11,0,14,10,11,11,13,13,10,13,14,14,12,12,13,11,11,13,11,10,10,11,11,13,10,13,13,11,14,12,11,10,11,14,11,12,12,13,12,12,10,13,13,11,12,10,13,14,13,10,14,11,11,10,13,10,10,10,14,13,13,12,13,13,11,13,12,13,11,11,14,13,10,13,14,11
13,14,10,14,10,13,13,14,13,10,14,10,10,10,11,11,13,14,13,13,14,10,14,14,13,14,0,12,11,11,10,11,12,10,11,12,10,10,14,13,14,13,14,14,11,14,11,13,10,14,12,10,11,10,11,11,13,10,11,11,10,10,11,12,12,13,11,10,13,13,11,11,13,10,14,14,10,10,12,14,11,10,12,12,14,10,10,12,14,14,14,14,13,13,13,13,12,11,11,12
12,11,14,11,12,10,11,10,10,11,11,12,12,11,14,14,13,14,13,12,13,13,10,13,14,11,12,0,10,12,10,12,13,14,14,12,10,11,10,14,13,14,14,11,12,13,11,11,12,13,13,10,13,13,14,13,13,11,11,12,11,12,11,13,10,14,13,13,13,14,14,13,12,14,14,13,14,12,12,10,12,14,10,11,14,10,13,10,14,11,13,13,14,13,13,11,12,10,11,13
10,13,13,13,13,14,12,13,13,10,14,11,13,10,10,11,12,14,14,10,10,12,13,11,11,10,13,14,0,11,13,10,13,10,14,10,13,11,12,12,14,12,10,12,14,11,11,10,13,12,11,14,12,11,11,12,12,10,11,12,12,10,13,12,14,10,10,11,14,10,12,10,10,12,14,12,10,10,14,10,14,10,14,11,14,14,13,12,14,11,13,13,14,14,14,14,13,12,12,13
10,10,11,13,10,11,14,10,11,13,12,11,10,11,12,12,10,11,12,10,11,13,12,13,12,13,11,10,12,0,10,14,12,13,10,14,14,14,11,11,12,14,12,10,10,13,11,12,12,11,12,13,11,14,11,12,12,13,13,10,11,10,13,13,11,14,10,13,14,12,13,13,13,14,10,10,13,13,11,14,11,10,13,13,10,12,12,12,11,13,11,11,10,11,10,12,11,14,14,11
12,13,12,14,13,13,14,12,14,11,13,13,11,13,14,10,11,10,12,13,12,13,11,11,10,12,12,12,14,13,0,14,13,14,10,11,12,12,14,14,11,12,10,12,10,14,13,14,12,11,14,10,10,12,10,13,14,11,11,13,11,11,12,12,11,11,14,14,10,11,11,12,12,10,11,10,11,10,11,11,12,12,10,10,14,12,13,11,14,11,11,10,11,10,13,10,10,12,10,13
14,13,13,10,14,12,12,14,10,14,11,14,10,14,10,13,10,11,12,13,13,13,10,14,14,11,10,12,12,11,10,0,14,14,13,12,13,13,14,10,12,10,13,11,14,14,12,10,12,14,14,14,14,14,11,14,11,13,14,10,13,11,10,12,14,14,12,14,11,12,12,14,11,10,10,13,14,11,10,14,12,10,13,12,12,11,11,14,12,13,10,10,14,13,12,11,14,11,12,10
12,12,13,10,12,14,12,13,14,13,10,10,13,10,13,12,12,12,14,12,13,13,11,13,11,12,10,12,13,13,13,13,0,14,14,11,14,12,13,10,13,14,12,14,14,12,10,11,13,10,14,13,11,11,14,12,13,11,10,13,10,14,14,14,11,14,12,10,13,13,13,10,14,12,11,13,10,13,11,10,11,10,11,12,14,10,11,12,14,12,12,13,11,14,14,13,14,13,13,10
10,14,13,10,11,13,14,14,14,11,11,10,14,10,11,14,12,12,14,10,12,14,10,11,10,14,14,14,12,13,14,12,10,0,11,14,12,12,11,10,11,10,12,13,13,10,12,14,11,13,14,11,11,13,12,13,11,13,11,14,12,14,14,11,11,12,14,14,13,10,14,12,11,11,13,10,14,11,12,10,12,10,12,11,12,11,12,14,13,12,13,13,10,11,13,11,11,10,11,10
10,13,10,10,13,12,10,10,14,12,14,14,11,10,11,11,11,13,13,14,10,10,11,10,12,11,12,14,13,11,14,13,14,12,0,10,14,14,11,12,10,11,11,14,11,13,14,11,14,10,11,10,12,12,12,14,10,12,10,13,12,10,10,12,13,13,10,14,14,10,12,12,10,11,13,12,13,10,14,12,13,14,12,14,11,11,11,11,12,12,14,12,14,13,10,10,10,14,11,13
13,14,12,13,13,14,10,10,13,14,11,10,12,12,10,12,12,11,10,11,11,13,12,11,11,14,12,11,11,13,12,14,13,11,14,0,13,12,13,10,11,11,10,13,12,11,14,14,11,13,12,12,13,13,10,11,14,12,11,12,13,12,13,14,10,12,12,11,10,13,11,10,14,10,14,10,10,10,14,10,12,10,10,13,13,11,13,10,13,14,10,11,10,11,12,14,13,11,12,10
13,13,14,13,11,12,12,12,14,14,11,13,13,10,10,13,11,14,11,13,13,12,12,10,13,10,14,13,13,14,11,13,12,13,11,13,0,10,12,12,10,13,10,10,13,13,11,13,10,10,14,13,13,14,14,12,11,11,13,10,11,13,14,14,14,12,12,11,14,13,11,12,13,12,10,10,12,11,13,12,11,12,13,12,13,11,12,14,13,11,14,12,12,11,10,12,14,11,10,11
10,10,13,11,14,12,14,11,14,14,14,10,12,10,13,14,14,12,10,13,10,13,12,13,14,13,14,12,11,13,10,11,10,12,12,11,13,0,12,12,11,11,10,14,14,11,14,14,11,13,11,12,11,10,12,10,11,12,10,12,10,12,12,10,11,13,13,14,10,13,12,10,12,14,13,11,14,13,13,11,14,13,13,13,14,10,14,10,13,11,10,13,13,14,11,14,14,10,13,11
13,14,14,13,10,10,10,12,11,11,11,12,14,14,12,12,13,13,10,10,13,13,11,14,12,13,12,12,13,14,11,13,10,12,12,10,14,14,0,13,14,14,12,13,12,14,13,14,14,12,14,10,11,14,12,12,10,13,14,10,11,13,13,13,12,14,13,12,12,11,12,12,14,10,11,11,11,14,14,10,14,14,12,14,13,13,10,14,12,14,12,12,14,13,11,10,11,13,10,12
11,11,12,13,10,11,11,10,12,11,10,10,13,14,11,12,10,13,10,14,13,13,14,12,13,14,12,10,14,11,10,13,14,11,14,13,12,14,14,0,11,12,14,11,11,14,12,13,10,11,13,14,12,12,11,14,12,11,14,14,10,13,11,11,11,11,12,10,12,10,13,10,10,14,13,12,13,11,13,12,11,11,12,13,10,11,13,10,12,12,11,11,12,10,13,12,10,13,10,14
12,11,11,10,13,13,13,12,14,14,10,10,12,12,13,14,11,12,11,14,13,11,13,14,13,12,12,10,10,10,11,10,10,13,10,14,14,11,10,11,0,12,10,10,13,11,10,13,10,12,14,11,13,11,11,11,10,13,11,11,11,11,13,12,14,13,14,10,14,11,13,14,14,12,10,12,13,10,14,13,13,13,12,13,11,14,12,14,14,11,14,11,12,10,13,10,14,12,11,14
11,10,14,13,13,14,11,10,11,13,13,14,13,13,13,12,13,10,11,10,10,10,10,12,11,12,11,14,13,14,13,10,14,10,11,12,13,13,14,11,12,0,12,12,10,12,10,12,14,12,11,11,13,11,11,14,11,10,12,11,11,12,12,11,11,10,13,10,13,12,10,14,10,10,14,12,13,12,14,14,11,14,12,11,12,13,14,13,13,10,14,12,11,11,13,13,10,10,11,10
14,10,14,11,12,11,11,13,11,13,11,13,11,12,10,11,10,10,14,13,11,14,12,12,12,12,13,13,11,11,12,12,11,14,10,11,10,10,14,11,11,10,0,12,14,14,11,11,13,11,11,13,10,11,13,13,14,13,11,14,14,13,13,11,14,11,13,12,12,12,13,11,14,10,13,11,11,12,12,12,11,11,14,11,14,13,12,11,13,10,10,13,13,11,10,12,13,13,12,12
11,14,14,11,12,10,13,14,13,11,12,12,10,14,12,12,14,11,12,11,14,11,13,11,11,10,13,12,10,10,13,12,14,14,11,12,12,12,14,14,14,12,13,0,12,13,13,13,14,14,12,12,11,11,11,12,14,10,12,14,12,11,11,13,12,12,14,12,10,12,10,10,11,12,12,11,11,13,11,12,13,12,14,12,13,12,11,10,13,12,11,12,14,13,12,12,13,14,11,14
13,11,12,11,14,11,11,14,14,14,11,11,13,14,11,14,12,13,10,14,11,14,13,13,11,13,10,13,10,14,13,12,12,12,14,12,14,13,13,11,11,12,11,14,0,10,10,13,14,11,12,10,14,13,11,12,14,12,14,14,10,11,13,14,14,11,13,13,10,10,14,10,14,14,14,13,14,13,14,12,10,14,11,11,13,13,13,14,10,10,10,14,10,13,13,14,12,12,11,13
12,11,13,13,12,12,11,14,13,13,13,11,12,11,14,11,14,12,11,10,12,13,12,10,10,14,14,11,11,14,10,11,11,11,14,13,10,12,13,10,12,13,10,12,11,0,13,11,13,14,11,10,10,11,10,11,14,14,12,13,13,12,10,13,13,13,12,14,11,12,10,10,12,13,10,13,13,12,10,13,11,12,11,11,14,14,14,14,11,10,10,14,12,13,10,13,11,10,11,14
14,14,10,11,13,10,12,12,11,11,12,11,14,14,12,10,11,13,13,14,14,12,13,10,12,10,12,13,13,11,11,12,10,11,14,12,12,14,13,14,11,12,13,14,12,13,0,10,13,11,14,12,13,12,12,10,12,10,14,14,13,12,14,13,14,10,10,11,13,14,14,13,11,10,14,13,11,13,14,13,13,14,14,11,13,14,13,10,13,11,11,11,12,10,14,11,12,13,13,13
12,12,12,13,11,11,11,13,12,14,13,13,11,11,10,13,13,12,10,10,12,14,12,11,12,13,11,10,10,12,10,13,14,10,10,11,12,10,14,12,12,14,12,14,13,13,10,0,10,10,11,12,14,12,13,11,12,14,10,11,13,10,11,12,14,13,14,14,10,10,13,11,13,12,13,13,12,12,13,13,14,13,10,14,14,14,11,10,11,14,13,12,11,14,11,11,10,12,12,10
13,13,14,14,11,10,14,12,14,10,13,10,10,11,11,14,14,11,13,10,11,13,13,11,12,11,14,13,10,11,12,10,14,13,10,11,14,11,13,14,10,14,11,11,10,13,11,10,0,13,12,12,14,13,12,13,10,10,12,12,14,11,10,11,12,12,13,10,12,11,14,10,13,13,13,14,12,11,12,11,13,10,14,10,13,14,12,11,11,14,14,10,11,14,13,13,14,12,13,13
11,13,14,13,13,11,14,10,14,12,10,13,13,11,13,14,11,10,12,13,14,12,13,12,11,14,13,13,10,10,10,14,13,14,14,10,11,10,12,11,14,12,11,13,13,11,12,10,10,0,14,11,14,10,14,13,14,14,11,11,13,12,10,10,14,12,11,10,14,11,12,13,11,12,10,14,12,10,14,14,10,11,13,13,11,14,11,14,13,10,10,11,10,14,13,13,14,12,12,11
12,11,13,13,12,11,10,11,14,10,10,14,14,11,11,11,14,12,14,14,11,11,11,13,11,11,12,12,14,11,10,10,13,13,12,14,13,10,10,10,14,14,10,13,10,11,11,13,13,11,0,14,11,12,12,10,10,14,14,11,10,13,13,11,12,10,10,10,11,14,11,13,13,11,14,10,11,11,13,12,10,14,14,13,12,12,13,12,10,13,11,10,14,13,10,11,11,13,12,12
10,10,10,13,11,13,10,10,13,12,13,14,10,11,11,10,13,14,14,10,11,12,10,12,13,11,14,10,10,12,13,13,13,10,12,10,14,10,12,14,11,12,13,12,14,11,14,12,12,14,13,0,12,13,12,11,12,14,12,10,10,14,10,10,11,13,10,10,14,14,10,11,12,11,14,14,14,13,12,13,11,11,11,13,11,13,11,14,11,14,14,10,11,10,12,10,10,12,11,14
13,11,14,12,11,12,10,10,14,12,11,13,11,14,14,13,12,12,13,13,11,11,14,10,14,14,10,12,14,14,13,12,12,13,14,10,12,14,11,14,13,11,10,13,12,11,13,12,11,14,12,13,0,14,13,12,12,12,14,13,11,12,13,11,14,14,14,11,13,14,13,10,13,10,14,14,10,11,10,12,13,11,12,11,14,12,10,13,13,11,12,13,13,10,10,11,10,14,10,14
13,14,10,12,12,13,14,12,14,13,11,11,11,11,14,10,14,11,12,12,13,11,13,12,12,10,12,12,10,12,14,11,10,11,14,13,10,10,14,10,12,13,13,14,14,11,11,11,11,14,12,13,12,0,12,10,11,10,13,10,11,11,11,11,12,13,14,10,14,12,11,14,14,12,11,14,10,13,14,12,10,14,10,11,11,10,11,13,13,11,12,12,12,14,12,14,10,11,11,10
14,10,11,14,14,14,12,10,11,12,14,13,11,11,14,12,10,10,10,11,12,11,12,13,10,13,12,14,14,11,14,13,12,13,12,14,12,11,11,11,12,10,12,10,11,13,11,11,14,10,13,10,11,14,0,12,13,13,12,13,11,11,12,11,14,13,11,11,12,13,10,10,13,14,13,13,11,13,12,12,11,12,11,10,14,12,13,12,12,11,13,11,14,12,14,14,10,14,13,11
14,12,13,12,14,14,10,10,12,11,10,10,11,10,12,14,10,12,11,11,14,13,14,11,10,13,11,11,14,14,13,12,10,10,12,14,13,14,11,14,12,13,14,11,10,12,14,14,10,10,14,12,12,11,11,0,11,12,11,12,10,13,13,11,13,12,13,10,10,12,13,10,11,11,11,13,11,13,12,11,12,13,12,10,13,14,10,14,13,14,11,11,11,12,10,11,13,11,11,13
11,12,14,11,12,14,13,11,11,13,14,12,10,10,14,11,11,13,12,13,11,13,12,11,10,11,13,13,10,10,14,10,12,14,14,10,14,10,13,14,11,13,13,14,14,14,11,11,12,13,14,10,14,12,11,13,0,10,12,11,10,11,14,10,10,13,14,10,10,11,14,12,11,14,13,12,12,10,12,11,10,10,12,11,12,11,13,11,14,12,11,14,11,13,13,12,11,12,12,11
10,14,10,14,13,11,12,10,10,10,13,12,13,10,10,14,13,13,13,14,10,13,10,13,10,14,10,13,11,10,10,10,12,10,11,11,10,13,13,11,13,12,10,14,13,13,11,11,12,14,14,13,14,13,11,12,13,0,11,14,13,10,14,14,10,14,13,10,12,13,14,14,10,14,12,11,12,12,11,14,11,13,14,10,12,10,12,10,14,14,14,13,13,13,14,10,13,13,10,14
14,13,14,12,13,14,14,13,11,11,13,14,11,11,12,14,10,14,12,14,12,12,10,12,14,10,10,11,10,11,12,14,11,11,10,13,14,12,12,12,11,13,14,12,10,14,11,11,10,10,14,13,10,11,12,11,12,11,0,12,12,14,12,13,14,14,14,12,14,11,14,10,13,12,10,13,14,13,13,11,14,14,14,11,14,11,13,13,10,14,13,11,12,14,14,13,13,14,14,13
11,12,11,14,11,14,11,11,14,12,13,13,13,10,13,12,14,11,13,13,10,11,12,10,13,12,12,14,12,12,14,14,14,14,10,12,12,14,10,10,10,12,13,12,10,10,12,12,10,11,13,11,10,11,13,14,14,11,11,0,13,12,11,14,12,13,13,13,14,14,11,10,10,11,13,12,12,12,14,14,13,10,10,13,10,14,13,13,13,11,10,12,11,13,11,13,14,12,11,14
11,11,13,12,14,11,13,10,11,13,10,12,10,11,12,12,11,12,13,13,14,10,10,12,14,13,13,11,14,10,12,14,10,14,12,11,12,12,13,13,10,13,12,14,10,12,11,14,10,14,11,11,14,13,14,11,11,10,13,11,0,12,11,10,11,10,10,12,10,13,10,10,14,14,14,12,11,12,11,11,11,11,13,10,10,14,11,10,11,14,10,10,11,13,12,11,14,12,10,13
10,10,10,11,14,13,11,12,14,11,13,13,10,14,12,14,14,11,10,11,14,14,10,11,12,10,14,10,11,13,13,13,12,12,11,10,10,12,10,11,12,14,11,10,11,11,10,12,10,13,11,12,12,13,14,10,10,14,13,14,14,0,10,11,10,13,14,11,12,12,12,13,11,10,13,14,14,12,14,14,10,14,11,14,12,11,10,11,13,13,10,14,11,14,11,12,11,13,11,12
11,10,13,14,13,14,10,12,14,14,14,12,11,14,12,10,12,10,13,13,13,12,13,13,12,12,12,12,14,11,12,11,11,12,12,10,10,12,11,12,11,12,12,13,14,12,13,11,11,10,14,10,14,13,14,14,11,14,12,10,12,13,0,13,13,11,12,11,13,11,11,14,10,14,10,11,10,10,14,14,14,14,11,10,13,11,11,11,12,12,13,13,10,10,10,10,13,14,13,11
11,11,14,14,14,10,13,11,14,11,13,13,12,10,13,11,11,12,14,11,10,11,13,11,13,13,13,10,13,10,13,10,12,12,13,12,14,12,10,13,12,10,12,11,13,10,11,10,12,13,14,11,10,12,11,10,12,13,11,11,11,13,12,0,14,13,13,11,14,11,10,12,13,11,10,13,14,14,12,12,12,11,13,13,14,11,12,10,14,11,13,14,10,11,13,11,14,13,13,13
10,14,12,13,11,11,10,14,14,14,12,10,10,11,13,10,13,10,12,12,10,12,11,12,13,10,11,12,12,14,14,11,11,13,11,12,14,14,11,13,10,13,11,10,14,12,13,14,12,13,12,13,10,10,12,13,13,14,14,11,14,12,11,10,0,14,11,14,12,10,11,11,14,14,13,12,12,11,11,13,11,11,12,10,14,11,10,10,10,11,13,14,14,14,14,13,13,11,11,10
13,12,11,13,11,11,13,13,11,13,14,11,12,10,13,14,11,12,11,13,13,10,14,10,11,11,11,10,14,10,14,11,10,10,10,14,10,13,13,12,12,11,13,12,11,11,12,13,11,10,11,10,10,12,11,12,13,10,11,14,10,13,14,11,14,0,13,11,11,10,13,14,13,13,13,10,11,12,11,14,10,14,12,14,14,13,13,11,12,13,12,11,14,11,14,12,14,12,11,13
13,14,10,13,12,11,13,11,11,11,14,10,11,11,11,14,12,13,10,13,10,12,14,13,12,12,14,11,14,11,10,14,10,12,11,11,14,14,12,12,14,11,14,10,13,12,14,12,10,14,10,11,12,12,13,10,10,11,11,14,11,12,12,14,10,10,0,14,14,10,14,10,13,11,12,14,13,12,13,14,14,13,11,10,10,11,14,12,12,14,10,11,12,13,12,11,11,14,10,10
13,13,10,12,10,13,12,14,14,13,14,12,11,11,11,11,14,11,11,13,11,13,11,14,14,13,12,14,14,11,12,13,12,13,11,11,12,14,14,11,14,10,13,14,10,12,14,10,11,11,11,14,12,12,14,10,11,10,12,12,10,12,10,12,10,10,10,0,13,10,10,13,10,11,14,13,10,14,11,14,12,13,12,13,12,14,12,11,10,14,11,14,12,11,12,11,12,10,10,14
14,12,10,10,11,13,11,13,12,13,13,10,14,11,10,13,13,13,12,13,12,14,10,14,13,10,11,13,14,13,11,10,14,12,14,10,12,11,12,14,13,14,13,12,10,11,10,10,11,13,12,13,12,12,12,10,11,11,12,11,12,12,13,14,11,13,10,12,0,12,14,10,11,11,13,14,12,11,13,13,11,14,10,12,10,11,13,12,12,14,14,13,11,14,11,12,11,11,13,10
12,11,12,13,11,13,10,11,14,12,14,13,13,13,10,11,11,10,12,12,12,10,12,12,12,11,14,12,10,10,12,11,12,12,10,10,12,12,10,12,10,11,13,10,10,11,10,13,14,14,11,11,13,11,12,12,14,14,10,10,14,13,11,13,14,13,10,10,12,0,10,14,13,14,14,11,11,11,12,12,11,11,11,13,10,14,11,12,11,14,13,11,12,11,14,13,12,14,14,10
11,10,14,10,14,10,12,11,13,14,11,10,11,12,14,14,12,14,10,13,13,11,14,11,13,13,11,12,10,11,14,11,12,12,11,10,12,10,14,14,12,10,13,12,13,13,14,14,11,10,10,13,14,11,11,14,10,12,12,10,13,10,11,12,10,14,13,14,11,13,0,12,12,10,10,11,13,13,12,13,10,14,11,10,14,10,10,12,11,10,11,10,14,12,14,10,11,14,10,11
13,14,14,13,13,13,12,13,13,14,13,11,13,14,11,10,12,10,11,12,14,12,12,14,14,13,12,14,10,14,14,14,12,10,14,10,14,12,11,11,12,12,14,11,11,14,11,14,11,13,13,11,12,13,12,10,12,10,14,14,10,12,12,13,10,14,14,12,10,10,11,0,14,13,10,14,12,13,10,12,14,12,13,13,12,11,12,11,13,13,13,12,14,13,12,10,10,10,10,11
12,10,14,14,10,12,14,13,12,14,10,12,12,12,14,12,12,14,14,12,12,12,10,14,11,12,11,10,10,14,14,12,12,14,10,14,12,14,12,10,11,14,14,14,13,10,10,12,14,10,13,10,10,13,13,14,10,10,13,12,11,13,12,12,10,12,10,12,12,14,14,12,0,11,14,10,12,13,10,10,10,12,13,11,10,11,13,11,13,10,10,13,12,10,10,14,12,11,12,14
10,10,13,10,14,10,10,14,10,12,10,10,14,14,12,10,12,12,12,11,12,11,11,11,11,11,11,12,10,14,12,11,11,11,14,14,13,13,12,14,10,13,10,11,14,14,13,13,13,14,12,10,14,10,11,14,14,11,13,13,14,13,13,11,10,14,14,13,14,12,11,13,10,0,12,10,13,10,10,12,11,12,13,13,11,12,12,12,10,14,10,10,12,14,13,10,11,10,14,10
10,10,10,13,10,12,13,10,11,14,13,13,14,14,12,11,10,14,12,13,13,12,13,13,13,12,14,14,11,12,14,13,10,14,12,11,11,14,13,13,14,11,10,10,11,12,11,13,12,12,14,11,12,11,12,12,11,12,14,12,13,14,14,13,10,14,12,14,11,10,14,10,11,14,0,13,11,11,12,11,11,11,11,11,13,12,12,10,14,11,14,14,14,14,10,14,14,12,12,14
12,14,11,11,11,13,13,10,13,12,11,11,13,10,13,11,12,12,10,10,13,13,13,13,12,11,14,11,11,14,13,13,14,13,14,12,10,14,14,14,14,12,11,11,10,13,10,14,11,14,12,11,11,11,11,13,10,12,13,10,13,12,13,14,13,12,11,10,10,10,10,12,12,10,11,0,11,11,12,13,14,10,10,14,12,11,11,11,12,11,11,12,12,10,14,11,11,13,12,12
12,11,10,13,11,13,14,13,10,10,10,11,13,14,14,14,13,13,11,12,11,11,14,13,14,12,13,11,13,14,14,12,14,14,10,13,10,11,12,13,12,13,10,12,11,14,14,12,11,10,12,13,11,14,11,11,12,11,13,13,10,12,10,11,10,12,12,13,13,10,14,11,10,13,10,13,0,10,11,12,10,13,10,10,12,12,11,10,14,13,14,11,13,13,13,13,14,12,14,12
14,12,10,13,10,10,11,12,13,14,12,10,10,14,13,10,10,12,13,13,13,11,12,10,14,14,10,13,12,10,10,11,10,13,12,13,12,11,14,11,10,14,12,14,11,14,10,14,14,13,13,12,14,10,13,12,14,10,14,11,10,13,10,13,14,10,14,11,11,10,13,13,13,11,13,14,14,0,13,14,10,13,11,13,13,11,13,12,10,10,10,13,11,11,12,11,12,14,13,10
10,14,13,12,14,14,14,13,12,12,14,13,11,11,14,12,13,14,11,11,11,13,14,11,11,11,11,12,10,14,10,10,10,12,13,10,14,13,13,13,12,14,14,12,10,11,11,14,11,14,13,12,12,12,14,12,14,12,11,12,13,12,12,13,11,14,13,13,12,13,12,14,10,12,14,11,13,11,0,11,10,14,11,10,11,11,12,12,12,13,11,11,12,12,11,10,10,12,11,10
11,12,13,11,12,11,13,12,10,13,13,13,12,11,11,12,11,12,11,12,14,12,10,10,11,12,10,12,14,11,14,13,11,11,14,12,11,10,12,14,12,10,11,14,10,12,13,11,11,13,14,12,11,13,11,13,11,13,10,10,11,11,12,13,13,14,11,11,11,13,11,10,10,12,14,14,10,10,14,0,13,14,13,11,11,11,11,12,13,14,11,10,13,14,12,12,11,12,13,11
11,10,11,10,12,12,13,12,13,14,12,13,11,13,11,10,13,14,11,11,12,11,13,12,14,13,12,11,13,14,13,11,12,14,13,13,13,12,14,13,13,13,13,13,12,12,14,14,13,11,14,11,11,11,13,14,11,14,10,14,14,12,14,14,10,11,10,11,10,13,11,10,10,12,13,13,13,14,14,12,0,13,12,12,11,10,11,10,11,11,13,11,14,12,14,13,10,14,14,13
11,12,13,13,10,14,13,10,13,12,14,11,11,14,13,10,11,14,13,13,13,10,14,10,12,11,12,12,10,13,12,14,13,11,13,10,10,14,12,11,11,10,11,13,11,12,14,10,13,14,12,10,11,10,14,10,12,12,11,13,12,10,10,14,10,10,13,10,10,13,10,12,12,11,11,13,14,11,13,10,12,0,12,14,11,11,11,12,12,12,13,12,12,12,14,13,11,10,12,13
10,13,14,14,10,14,14,13,14,14,11,11,11,13,11,10,10,11,13,12,13,12,10,13,12,10,12,10,12,12,10,12,11,12,13,11,13,12,13,12,12,12,13,13,10,12,11,13,11,13,13,14,12,10,10,12,13,10,12,14,11,13,11,11,13,14,14,13,10,10,12,12,13,11,14,10,14,12,12,10,14,13,0,14,14,13,11,10,11,12,10,12,12,10,13,10,14,11,11,14
11,12,12,13,10,10,11,10,11,10,14,13,11,13,12,10,13,14,11,13,12,13,13,10,14,12,10,11,14,10,10,13,13,12,10,12,11,10,13,13,12,10,14,10,12,12,11,13,13,12,12,14,10,13,12,12,14,12,13,13,10,14,11,10,10,11,10,14,12,14,14,12,10,13,10,11,14,12,13,12,10,11,13,0,12,13,10,13,14,14,12,12,14,11,14,13,13,14,13,10
11,12,12,11,13,13,14,13,11,12,11,13,12,13,11,12,13,11,14,12,14,13,10,10,14,11,10,11,11,10,12,12,11,11,12,14,13,10,14,13,13,11,11,12,12,14,10,10,10,11,14,11,10,10,11,12,12,11,11,12,13,13,12,11,10,14,11,10,11,11,13,13,11,10,13,12,11,13,12,14,10,14,10,14,0,11,10,11,10,14,14,12,11,13,12,10,10,14,10,12
13,12,14,14,13,13,10,10,14,11,14,11,14,14,12,11,13,12,13,10,14,12,11,11,11,13,12,10,14,14,13,12,11,10,13,12,11,10,12,11,10,10,11,13,10,13,13,12,11,10,12,13,11,10,12,11,11,13,12,10,11,14,10,10,13,11,10,13,11,10,10,12,10,12,14,14,10,12,10,13,10,14,14,14,12,0,14,11,11,13,12,10,12,13,11,10,10,14,11,10
13,12,10,11,11,10,14,13,13,10,12,10,13,12,13,10,11,10,11,12,13,14,14,14,13,14,12,14,13,11,13,10,14,12,11,10,14,13,13,13,13,11,12,10,11,12,12,14,14,11,13,10,12,14,11,14,13,11,12,11,12,14,14,12,11,12,11,10,11,12,10,12,11,12,14,11,11,13,13,11,11,12,14,11,12,13,0,12,10,10,12,11,13,10,11,10,13,11,10,13
13,11,11,13,12,10,11,13,14,10,14,12,10,12,11,10,14,14,13,14,13,10,10,14,13,10,12,11,10,11,10,10,11,14,14,14,10,13,12,10,11,14,12,10,11,14,11,10,13,11,11,14,13,11,10,13,10,11,10,11,13,14,13,12,14,14,11,10,12,12,14,10,11,12,12,13,12,10,13,13,14,11,13,13,10,10,11,0,14,14,11,14,13,13,11,12,12,11,14,10
11,13,11,12,11,11,10,12,11,14,12,10,14,12,11,12,11,11,14,11,14,12,12,10,11,12,10,12,14,14,10,11,12,10,11,10,12,13,11,11,10,13,10,14,12,11,14,10,12,14,10,10,12,12,11,14,11,10,11,14,10,12,12,11,14,10,12,14,11,11,14,12,10,12,10,10,11,12,13,14,12,10,14,10,14,14,14,10,0,14,12,13,12,12,12,10,13,10,14,10
11,13,10,14,10,10,12,10,14,11,10,12,14,11,11,11,10,12,12,11,10,11,12,14,14,12,12,10,13,11,12,10,12,11,12,11,12,10,14,10,11,13,14,13,14,14,14,10,10,10,10,10,13,12,10,10,11,11,10,12,12,11,12,12,13,14,14,12,14,10,13,10,13,12,10,12,11,14,10,14,13,11,10,12,11,12,12,10,11,0,12,10,11,10,11,12,10,10,12,14
14,14,12,11,14,11,10,11,11,12,13,13,11,10,11,14,11,10,10,10,11,12,14,10,12,10,12,14,12,14,10,11,14,14,11,14,11,10,11,10,11,11,11,13,13,13,13,10,14,11,11,14,14,11,13,11,10,11,14,14,14,10,14,11,12,11,14,11,14,11,13,10,14,10,14,14,11,11,12,13,12,11,10,10,13,10,11,12,11,14,0,13,14,11,12,11,11,12,14,10
12,14,11,11,12,13,10,14,14,11,13,14,14,14,10,12,12,14,13,12,11,14,11,10,14,12,13,14,12,14,13,12,11,10,10,13,10,10,13,12,13,11,12,11,13,10,14,10,10,10,14,11,14,12,14,12,13,11,12,14,14,10,12,10,13,10,12,13,14,12,11,11,11,10,14,10,12,10,11,13,13,12,14,12,10,12,13,14,11,12,10,0,14,12,14,12,12,14,11,13
12,12,11,11,13,13,12,10,13,13,14,10,13,14,13,11,12,11,14,10,11,12,12,12,11,11,12,14,12,12,11,11,10,12,14,11,12,11,10,13,13,11,10,11,11,12,12,14,13,13,10,10,14,11,11,10,14,13,14,11,11,12,12,10,11,13,14,11,10,12,13,10,11,11,12,14,12,11,10,14,13,12,10,14,12,10,11,14,10,14,12,13,0,11,13,12,10,14,14,14
13,12,11,14,11,14,14,14,13,13,12,13,12,13,10,13,13,11,13,13,10,11,14,10,11,10,10,14,12,14,11,10,12,11,11,11,12,13,14,10,12,11,13,10,12,10,14,10,10,10,13,13,10,11,13,12,12,10,13,11,13,14,12,13,11,12,10,11,11,13,11,10,12,13,11,14,12,14,13,10,10,10,14,11,10,13,14,11,12,14,14,11,14,0,12,11,12,14,14,14
10,10,12,13,11,14,12,11,11,10,14,14,13,12,13,10,13,10,10,13,13,12,14,13,12,14,10,10,14,12,13,10,13,14,12,14,12,11,12,12,12,11,13,10,13,14,10,13,11,12,13,11,14,11,10,12,10,14,11,12,14,12,11,14,11,13,11,13,14,13,12,11,13,12,10,11,13,13,14,12,14,11,13,12,13,11,11,11,14,10,13,13,10,10,0,13,10,14,14,14
14,13,11,14,13,14,11,13,11,11,13,13,12,10,14,13,12,13,14,10,10,12,14,14,14,14,14,11,13,14,14,11,14,14,14,13,12,12,10,12,12,12,14,10,10,11,11,13,10,11,10,12,10,13,14,12,13,11,14,14,14,10,10,12,11,12,13,13,10,10,10,10,13,11,13,12,12,14,14,13,12,11,10,11,13,12,11,11,14,12,14,11,12,10,12,0,11,12,12,13
13,12,12,13,14,11,14,13,13,10,11,14,14,12,11,11,13,14,14,13,14,10,12,13,12,11,14,13,12,13,12,10,10,10,11,10,10,13,10,14,13,13,12,11,13,12,14,13,11,14,14,11,12,13,14,12,14,14,10,13,12,11,10,10,13,11,14,14,10,10,11,10,14,10,10,10,13,11,10,14,11,10,11,13,14,10,12,11,10,14,11,10,13,12,12,12,0,12,12,12
11,13,14,12,10,12,14,12,12,13,13,13,13,14,10,12,12,14,12,10,12,13,13,14,11,14,10,12,12,12,13,13,11,13,13,11,11,12,11,10,10,13,10,12,11,10,13,11,12,10,14,12,10,11,10,13,14,10,11,11,12,11,10,14,10,10,12,14,10,13,10,14,13,11,10,14,12,10,12,11,10,13,14,12,13,10,13,14,13,14,12,11,11,14,13,13,13,0,10,12
11,13,13,10,14,14,14,13,13,11,10,10,14,12,14,11,13,12,13,11,14,12,12,11,11,11,13,13,14,13,11,11,11,12,11,13,12,13,10,12,13,12,14,13,12,13,12,14,11,13,14,11,14,14,13,13,10,11,14,13,11,11,13,10,14,14,13,11,10,11,13,10,11,11,12,11,12,14,14,12,13,13,12,11,13,10,11,12,14,12,12,10,14,12,10,12,13,14,0,13
12,10,11,14,14,14,14,14,13,11,11,11,11,12,11,14,12,13,12,11,13,13,11,11,12,14,13,11,14,10,10,13,12,10,11,12,11,14,13,11,13,11,12,10,13,11,11,12,12,12,12,13,11,13,14,14,13,10,11,10,11,13,14,13,11,12,13,11,10,14,13,12,10,10,12,12,10,11,12,11,13,10,13,12,12,11,12,14,10,12,13,11,13,13,10,10,11,14,14,0
