R=100
Pi=(29,27,27,26,27,22,23,24,22,29,26,22,25,26,29,22,20,21,29,21,21,23,26,25,26,29,25,28,23,21,28,20,23,22,21,21,23,21,20,26,21,24,28,24,21,26,27,26,21,25,25,22,28,25,21,26,20,22,20,27,27,25,21,20,20,25,29,22,25,27,29,28,21,23,20,26,24,22,23,20,22,29,27,27,25,26,21,27,20,24,21,20,21,22,28,26,23,27,23,26)
A=
1,2,0
2,3,0
5,6,40
6,7,46
8,9,40
9,10,0
11,12,0
12,13,0
13,14,0
17,18,0
18,19,49
19,20,0
21,22,0
22,23,0
26,27,50
27,28,0
29,31,0
32,33,0
34,35,0
35,36,42
36,37,0
37,38,0
38,39,0
39,40,0
40,41,53
42,43,0
43,44,46
45,46,44
47,48,0
49,50,0
52,53,48
53,54,0
54,55,48
58,59,46
60,61,45
61,62,55
62,63,0
64,65,59
65,66,55
66,67,48
67,68,55
69,71,0
73,77,56
78,80,45
83,85,0
85,87,52
88,90,46
90,92,59
92,94,42
97,99,55
Sij=
0,6,8,9,6,7,7,9,5,9,5,9,9,5,7,9,8,9,6,7,5,5,6,9,8,7,9,7,7,6,7,5,5,5,9,9,6,6,6,6,6,7,8,8,7,8,5,7,9,7,9,8,8,7,5,8,5,8,5,9,7,5,6,9,7,5,8,9,6,8,8,6,8,5,5,8,6,8,7,9,6,7,7,5,7,8,7,7,9,5,8,8,5,6,8,6,5,9,5,7
5,0,6,5,5,9,7,5,8,7,7,7,7,6,6,7,5,8,5,7,8,8,6,9,6,5,5,6,6,7,9,7,7,7,9,9,5,6,6,6,9,8,8,9,6,8,6,7,9,8,8,8,9,6,7,9,8,6,9,5,9,6,9,6,8,9,9,5,6,6,7,8,6,9,7,5,9,7,8,7,8,7,7,7,9,6,8,5,5,5,6,8,7,5,7,8,9,7,6,6
8,6,0,5,7,6,9,6,5,9,6,9,6,8,6,6,6,9,6,7,6,6,8,5,5,5,9,6,5,6,9,6,6,5,6,8,7,7,9,6,9,9,7,6,8,5,9,5,5,9,6,8,7,5,9,5,5,5,5,6,6,8,6,8,9,5,7,5,7,7,9,9,9,5,7,7,8,7,6,9,5,9,5,6,9,5,9,6,6,5,8,6,6,8,9,5,8,8,6,7
7,9,8,0,7,5,7,9,6,7,7,6,8,9,5,5,7,8,5,9,9,6,6,9,6,9,7,7,6,5,6,9,5,5,8,6,6,5,8,6,7,6,7,8,9,9,5,7,5,7,7,7,8,9,7,6,6,5,7,7,7,5,7,6,6,7,6,7,5,9,9,6,9,8,6,7,8,7,9,6,9,9,7,9,8,8,6,5,8,6,5,5,8,5,8,7,8,6,7,6
7,8,7,6,0,7,5,8,9,7,9,8,8,5,5,8,8,7,8,7,7,6,6,9,8,9,8,7,9,5,9,9,7,5,8,8,5,7,5,6,7,5,6,7,8,8,6,5,8,6,9,9,9,8,5,9,6,9,9,6,8,8,8,8,8,5,5,8,6,6,7,6,7,7,9,6,9,8,5,9,7,8,9,8,6,5,9,8,5,8,6,6,7,8,7,9,7,8,8,8
8,8,8,6,8,0,8,7,7,8,8,9,8,8,9,9,5,8,9,7,8,6,6,8,8,9,6,8,8,9,5,8,6,9,6,6,9,9,7,5,7,8,6,5,6,8,8,8,8,9,7,5,7,6,5,7,6,9,5,6,7,9,8,8,8,9,8,8,6,8,9,5,6,9,9,5,9,6,6,9,6,7,5,8,6,9,6,9,9,9,9,5,9,5,7,8,9,7,6,6
9,5,6,9,5,6,0,9,7,6,5,7,5,8,5,5,9,9,5,7,8,8,8,8,7,9,9,6,5,6,6,6,7,9,9,9,5,6,5,7,5,5,8,8,8,6,8,6,8,9,8,8,8,5,8,8,6,6,8,5,6,5,8,5,5,9,5,6,8,6,5,7,9,7,6,8,9,5,5,5,6,7,8,5,8,7,7,6,5,6,8,8,8,9,5,9,6,7,7,9
6,6,8,6,9,6,9,0,5,8,5,8,5,6,8,9,9,7,7,7,7,7,9,5,7,8,6,9,9,6,7,6,6,8,5,9,9,9,6,6,7,8,6,7,5,7,7,7,9,5,6,7,8,5,9,7,6,6,6,8,7,6,9,9,6,8,7,7,6,8,5,9,5,6,5,8,5,6,9,9,5,9,9,9,5,9,7,6,8,8,7,7,8,7,8,5,9,7,6,7
5,5,5,6,5,6,6,7,0,9,5,6,5,6,6,8,8,6,5,9,7,5,5,9,7,6,7,6,8,8,9,9,8,5,7,8,9,8,8,8,8,7,5,6,7,6,6,6,6,9,9,8,8,8,8,6,9,6,8,5,8,5,8,9,5,6,8,5,8,7,8,9,8,6,5,9,5,9,6,6,9,5,5,9,8,5,5,5,6,5,9,8,5,8,5,8,8,5,6,5
8,6,7,8,5,5,5,7,7,0,9,6,5,9,6,5,7,5,9,5,9,5,8,8,8,8,9,9,5,5,7,6,9,7,6,7,7,8,6,8,8,5,8,7,7,9,8,9,8,7,8,8,9,5,6,5,5,8,9,5,5,5,9,6,9,8,6,7,8,8,8,9,8,5,7,8,6,5,6,8,5,5,5,7,7,9,6,9,5,5,7,9,8,5,8,7,5,7,7,9
7,5,5,5,9,9,9,9,7,8,0,8,9,6,5,5,9,5,7,8,9,6,7,6,7,6,8,5,7,7,5,8,9,7,7,6,9,9,5,8,8,5,6,6,7,7,7,7,8,5,8,7,8,8,7,7,5,8,8,8,5,8,6,7,7,5,8,7,9,9,6,5,5,8,5,9,5,5,9,5,8,5,7,7,8,7,9,6,9,5,5,5,6,6,7,9,9,9,9,7
8,9,8,8,9,8,7,9,7,8,7,0,9,9,7,9,5,6,9,8,9,5,7,8,9,8,5,8,8,6,6,5,6,5,6,6,8,6,8,7,5,5,9,8,6,7,5,5,8,6,7,8,9,5,9,7,5,6,9,9,8,9,8,8,6,7,6,8,8,5,6,8,7,6,8,9,5,9,7,6,7,9,9,6,8,7,5,5,6,9,6,6,7,9,8,5,6,5,6,8
6,6,7,7,5,9,5,8,7,5,6,6,0,9,8,6,9,5,6,5,9,7,5,7,8,9,9,5,8,7,7,7,9,7,8,9,6,7,6,6,9,6,7,8,5,8,9,7,9,7,9,5,9,5,7,5,6,9,8,8,6,8,7,5,9,8,6,9,5,8,5,6,8,5,5,7,5,6,7,5,5,7,6,6,8,7,7,9,9,8,8,6,8,8,5,5,9,6,9,6
6,9,6,5,6,7,6,9,5,5,5,9,6,0,8,7,9,6,6,7,7,6,7,9,7,5,8,8,9,5,9,7,8,7,5,8,5,5,6,9,5,5,8,8,8,7,8,5,5,6,6,9,8,8,6,5,9,5,8,9,7,9,6,8,5,7,6,6,6,9,6,8,5,6,7,6,7,8,5,5,6,8,8,8,9,5,9,9,6,9,9,5,6,6,7,5,8,9,8,6
5,7,8,5,9,7,8,6,6,9,7,6,9,8,0,8,8,6,7,9,9,7,7,5,6,5,6,6,8,9,6,8,8,9,9,9,9,5,8,9,6,7,8,8,6,6,8,6,7,8,8,9,5,9,9,8,8,7,7,5,7,6,5,7,9,6,9,6,9,9,9,8,8,8,8,7,9,8,8,5,6,9,8,5,5,6,7,9,9,6,6,6,8,7,7,5,7,6,8,9
7,6,6,8,9,5,6,7,5,7,9,9,8,6,8,0,7,7,9,6,7,8,9,6,8,7,7,5,5,5,8,5,8,9,8,7,5,8,9,5,5,5,5,8,7,6,6,8,6,9,9,7,7,9,5,6,7,5,8,6,7,9,6,6,7,7,5,5,9,9,8,9,7,9,6,7,7,5,9,6,6,8,9,5,6,5,7,9,8,7,9,5,5,8,8,5,8,8,6,5
6,5,8,6,6,5,5,8,7,8,8,6,6,6,9,8,0,9,6,5,6,9,6,6,7,9,7,9,8,5,5,9,9,9,8,5,5,5,7,8,5,9,9,6,5,8,8,8,8,8,5,5,7,8,9,5,9,9,6,7,8,5,6,7,7,8,9,7,7,5,9,8,7,7,9,6,9,5,6,8,6,8,5,5,9,9,6,5,9,7,6,6,8,5,5,5,8,7,8,7
9,5,6,7,9,7,8,5,8,8,6,8,8,8,6,9,9,0,6,7,8,6,8,8,9,9,8,5,7,6,9,8,7,6,8,9,5,7,8,6,7,5,6,7,6,6,7,8,9,8,5,5,6,9,5,5,5,6,7,8,6,7,6,8,9,9,8,7,9,9,5,7,6,5,9,7,9,6,7,7,7,9,5,8,6,8,6,7,6,8,8,9,5,5,9,5,9,8,7,6
7,5,9,9,7,8,8,6,9,8,5,8,9,9,5,6,6,7,0,7,5,8,6,5,5,5,6,7,6,5,9,7,6,8,6,5,7,5,5,5,8,5,9,7,8,7,9,9,6,9,8,8,7,5,7,8,6,9,8,8,6,6,7,6,5,5,8,9,8,8,8,5,6,6,9,5,8,8,7,7,6,6,6,7,6,6,5,6,6,7,9,8,7,6,9,6,8,8,7,8
9,9,6,7,5,8,7,5,6,6,5,7,6,5,7,9,5,9,9,0,9,9,7,8,5,9,5,7,9,6,7,7,9,5,9,8,6,5,8,6,7,8,5,9,5,7,6,6,7,8,5,6,8,9,8,8,7,6,6,7,5,6,8,8,8,9,6,7,6,7,6,9,6,8,6,5,9,7,7,7,8,8,5,5,6,5,9,5,6,5,6,9,8,6,5,6,5,6,5,5
6,8,9,9,7,6,5,9,7,8,9,9,9,8,8,7,5,8,6,8,0,5,6,5,5,6,7,5,9,7,5,5,7,6,7,6,9,8,5,7,5,5,9,7,8,6,6,5,5,8,8,5,7,9,7,5,5,8,8,8,9,5,5,7,7,7,7,8,6,6,8,8,5,5,6,8,6,8,6,9,9,7,5,6,9,9,8,7,8,6,6,6,9,6,7,5,9,7,5,5
8,7,8,8,9,9,5,6,8,9,9,6,6,9,9,7,5,9,7,8,9,0,5,9,5,5,7,8,8,7,6,8,9,7,5,5,7,8,6,6,9,8,6,8,8,7,9,9,5,7,5,9,5,9,7,6,8,7,7,7,7,5,6,9,7,6,5,9,5,8,7,8,8,7,7,9,7,6,5,7,6,7,8,6,6,6,8,9,5,9,7,9,5,9,9,9,6,6,5,7
7,5,9,7,5,6,6,7,7,8,8,7,6,5,6,5,7,5,7,6,7,5,0,8,6,6,7,7,9,7,8,7,6,5,8,5,6,8,5,5,5,9,5,7,7,5,5,7,5,7,9,6,6,8,9,5,6,6,7,6,7,8,7,9,8,5,7,6,8,9,5,7,6,9,7,6,7,8,6,6,5,5,7,6,8,7,6,7,6,7,8,9,5,9,7,7,7,5,8,6
7,8,8,5,7,6,9,6,6,7,8,7,5,5,5,7,6,5,5,6,9,9,5,0,5,6,5,6,7,7,5,8,6,5,9,8,7,6,6,8,7,7,5,6,8,9,5,9,5,8,5,5,7,9,6,7,7,8,7,9,7,5,6,9,5,8,6,7,5,6,8,6,9,6,8,8,8,8,6,6,5,5,6,8,6,9,6,6,8,6,5,9,8,6,6,6,5,6,5,9
7,8,9,8,5,8,6,5,5,7,8,9,6,6,9,6,9,8,7,6,6,9,8,8,0,6,8,8,7,5,7,7,7,7,7,8,6,6,8,7,8,8,6,6,5,7,6,7,6,7,9,7,7,8,9,8,8,9,5,7,7,9,8,9,8,5,6,7,9,8,7,5,6,5,8,7,9,8,7,5,9,6,6,5,6,5,5,8,7,9,5,6,5,6,5,8,5,7,7,5
6,8,8,8,9,9,6,7,5,7,8,9,6,9,7,5,8,7,8,8,9,7,9,5,7,0,5,9,5,5,5,7,7,5,7,8,5,7,8,5,6,8,7,8,5,5,5,9,6,8,9,5,7,8,9,5,9,8,7,5,8,9,6,7,9,9,5,9,9,5,6,8,9,7,6,9,7,8,9,9,7,5,8,6,5,9,5,8,5,6,9,6,9,7,6,7,7,5,8,5
5,5,9,5,7,6,5,9,7,5,8,5,9,8,7,8,6,9,6,9,9,6,8,8,6,9,0,8,7,5,9,6,6,5,8,8,6,5,8,9,9,9,5,6,5,7,9,7,6,9,8,6,8,9,8,6,8,7,6,9,7,8,8,8,8,9,7,5,5,9,6,7,7,5,7,5,8,5,8,6,6,7,7,7,7,7,7,6,6,6,5,9,9,9,6,5,6,7,7,5
9,9,6,6,8,6,8,8,6,8,8,8,8,9,7,5,5,5,6,5,6,6,9,8,9,6,7,0,8,8,6,8,6,7,7,7,7,5,5,9,6,9,9,9,7,8,6,5,5,6,6,9,6,6,7,9,8,9,8,6,6,9,9,9,5,9,7,5,6,7,5,5,5,5,9,6,6,6,6,5,8,6,6,7,6,6,7,5,5,8,8,7,7,8,7,6,9,9,9,7
5,5,9,7,6,6,9,5,6,6,7,6,8,7,8,5,7,7,7,8,6,7,5,7,8,7,8,6,0,7,8,6,6,7,8,9,7,6,9,5,5,6,7,8,9,5,6,9,9,9,7,9,7,7,5,5,8,5,6,8,9,8,8,7,7,5,5,9,9,7,6,8,7,7,6,6,9,8,6,7,6,8,8,6,5,8,8,9,6,7,6,7,5,5,6,7,8,9,5,9
5,7,9,6,8,8,6,5,5,8,6,9,8,9,6,5,9,6,7,9,6,5,7,6,6,8,8,7,5,0,9,7,5,7,7,6,9,8,6,7,6,6,8,9,8,6,7,8,5,8,5,8,7,7,6,7,9,5,8,5,9,5,9,9,5,5,5,6,6,7,7,6,7,8,5,7,8,6,9,9,8,5,7,8,5,6,5,7,6,9,7,9,5,6,8,6,7,8,8,7
5,5,7,7,5,8,5,8,6,8,9,7,6,8,6,9,7,5,9,9,5,8,5,6,5,8,6,6,5,9,0,5,9,8,6,8,8,7,9,7,6,5,6,6,7,5,9,7,6,9,8,8,7,9,8,7,7,9,5,7,7,7,9,8,6,7,5,9,9,9,8,6,7,7,7,9,8,6,7,6,5,5,9,6,6,6,8,9,9,8,6,8,6,7,5,9,5,7,9,5
9,5,8,7,6,7,5,9,7,8,8,5,7,9,7,6,7,7,7,5,9,6,9,5,8,9,9,5,6,7,8,0,5,7,7,6,9,7,7,5,9,5,8,6,5,5,5,6,7,9,9,7,7,5,8,5,8,5,7,8,6,7,5,8,9,9,7,8,9,7,7,8,9,7,7,5,5,9,8,5,8,8,7,6,7,5,6,5,8,6,8,9,5,9,9,7,5,5,6,6
7,7,6,5,6,5,8,5,7,8,9,8,6,6,5,8,5,8,5,9,8,7,9,7,8,8,8,5,8,5,9,5,0,7,7,7,6,6,7,9,7,7,5,7,5,7,9,7,8,8,6,6,6,9,7,7,5,7,9,6,8,6,7,6,7,8,9,5,9,8,9,6,8,9,7,7,7,9,8,5,9,6,9,6,7,8,8,5,5,9,7,8,7,5,6,5,9,9,5,7
8,9,8,9,9,9,8,7,7,9,5,5,9,8,7,6,6,5,9,8,9,8,5,9,5,6,8,7,7,7,7,8,9,0,5,7,9,7,9,7,7,9,6,8,5,9,7,9,9,8,9,9,8,9,7,7,9,9,9,9,7,6,6,9,9,6,6,6,8,6,7,8,6,7,6,8,8,5,9,9,8,6,9,8,8,7,9,8,6,8,7,5,8,5,9,6,8,6,8,9
8,5,6,7,6,5,7,5,8,9,8,9,9,9,5,5,6,7,6,7,7,7,9,9,8,6,5,6,8,9,9,7,6,9,0,6,7,5,6,7,7,5,8,5,7,9,8,5,8,5,9,5,5,5,6,6,5,6,6,9,9,5,6,7,8,9,6,8,5,8,7,9,9,5,8,6,9,7,7,5,5,5,6,5,8,9,9,6,9,8,5,6,9,7,7,7,9,5,7,8
7,5,5,9,7,9,5,5,6,5,7,7,9,5,8,9,8,5,8,8,5,9,8,6,8,6,5,7,7,6,7,8,5,8,7,0,5,9,7,7,9,9,8,5,9,6,7,7,9,9,8,8,8,6,8,8,7,6,9,6,6,8,8,8,9,8,8,7,5,7,8,9,6,7,8,8,6,9,8,5,5,8,6,8,8,7,8,7,7,5,9,8,5,5,6,5,6,9,5,6
8,5,6,6,5,8,7,5,7,9,6,8,8,9,6,7,7,9,5,6,9,5,5,5,8,9,9,6,6,7,7,6,9,6,6,9,0,7,9,7,9,5,7,9,7,8,6,9,5,8,8,8,6,9,8,6,7,5,6,8,5,9,6,8,9,7,9,9,6,7,6,5,8,7,5,6,7,6,7,7,6,9,8,7,8,9,5,7,5,9,9,9,5,6,6,5,9,8,9,5
8,7,8,8,7,7,9,8,9,7,9,6,7,9,6,6,5,8,5,9,6,7,8,6,8,6,5,6,6,5,6,8,6,7,8,9,6,0,5,5,6,5,7,8,8,5,7,7,6,9,5,9,6,8,5,9,5,8,6,5,5,7,7,7,8,5,6,9,9,5,7,9,5,8,8,9,9,9,9,6,5,9,8,7,6,6,5,9,6,7,7,5,5,9,9,8,7,9,9,7
9,8,7,6,7,5,8,7,9,5,5,6,9,9,5,5,8,5,6,7,5,6,8,7,7,6,8,6,8,9,7,9,9,6,7,7,6,7,0,5,5,7,7,5,6,7,6,6,5,9,9,9,6,8,7,7,7,9,5,8,5,6,7,8,9,7,6,6,7,7,7,8,6,5,5,9,7,6,7,9,5,5,8,6,9,9,6,5,7,9,9,7,6,8,9,8,5,9,5,8
6,5,9,8,6,5,8,5,7,8,5,6,7,5,8,9,8,5,9,9,6,5,8,7,7,5,7,8,6,7,8,8,5,8,8,5,6,5,9,0,9,6,5,7,9,9,7,9,5,5,9,9,9,9,5,6,6,6,6,5,6,7,9,9,5,9,6,6,8,7,7,8,8,6,5,8,6,7,9,8,5,5,7,8,6,7,8,8,5,7,7,8,9,9,8,6,7,5,7,5
7,6,6,7,7,6,6,8,9,7,5,8,7,8,5,5,5,6,8,8,5,8,6,6,5,9,9,9,7,8,5,5,5,8,5,8,9,9,5,5,0,6,5,8,7,6,8,5,6,9,8,5,5,7,8,9,9,5,5,7,8,6,7,5,5,6,5,8,8,7,6,6,6,5,8,7,5,9,8,9,7,8,7,9,9,8,9,7,6,9,6,8,8,7,7,8,9,9,8,6
6,5,6,9,7,6,9,5,9,6,8,9,6,5,5,9,9,7,6,7,6,7,6,9,5,7,7,9,7,9,7,6,6,7,8,6,7,8,6,7,8,0,9,8,9,6,7,6,8,6,8,8,6,7,5,9,9,8,7,8,5,9,5,7,9,8,7,8,9,7,8,7,6,5,8,9,6,8,6,8,8,5,8,7,9,6,6,8,6,7,8,8,9,9,6,8,8,7,9,6
8,8,7,5,8,5,7,6,9,6,7,5,6,9,5,9,5,7,7,8,7,8,7,7,8,5,7,6,9,5,5,9,9,5,9,9,8,8,8,8,8,9,0,9,9,9,8,6,5,9,6,7,5,9,6,8,5,6,9,7,8,8,6,7,8,5,8,6,6,5,5,6,7,8,8,9,8,8,7,8,5,8,7,7,7,8,5,5,8,7,8,7,8,5,5,5,7,7,6,9
6,7,5,5,8,9,9,6,5,6,5,6,9,6,7,5,5,8,9,5,5,7,7,8,6,8,7,6,8,7,7,5,7,8,7,7,7,7,9,7,8,8,9,0,6,6,7,8,7,8,5,5,8,7,5,8,8,9,6,8,5,7,8,8,7,9,9,8,6,8,9,7,8,9,7,7,7,8,6,6,8,9,9,8,8,7,8,8,7,9,8,8,6,8,9,5,5,5,6,7
7,8,7,9,9,8,7,9,5,8,6,5,7,9,9,5,7,9,5,5,5,6,6,6,9,5,5,9,9,6,7,6,6,8,9,5,7,5,8,9,5,8,8,8,0,7,8,5,6,8,8,7,5,5,6,6,6,7,5,9,9,7,7,9,8,6,9,8,9,5,9,7,6,6,5,5,6,8,7,9,5,9,9,5,6,8,7,6,9,6,8,7,7,6,9,7,7,9,9,7
8,9,6,5,8,6,6,8,9,5,5,7,9,6,8,9,8,7,8,9,9,8,8,7,7,7,5,5,6,8,8,7,8,5,6,6,7,8,6,5,7,8,6,8,6,0,5,7,5,8,9,8,9,5,9,8,9,5,9,8,6,5,6,6,6,7,7,9,9,5,7,6,9,5,8,7,5,6,5,5,6,9,9,6,7,9,8,6,8,6,6,5,8,9,5,9,6,6,9,6
8,6,7,5,6,7,9,9,7,7,7,8,5,8,6,6,5,9,9,7,9,6,5,8,8,6,8,9,9,8,5,9,6,8,6,5,7,8,5,9,9,9,9,6,9,7,0,9,9,8,9,9,6,7,7,6,7,5,9,7,9,9,9,9,8,6,8,7,6,6,5,9,6,8,5,7,5,7,8,9,6,7,8,6,5,9,9,6,9,6,9,5,7,6,6,9,5,9,5,9
5,5,7,7,7,5,7,8,7,9,6,9,6,5,5,7,6,8,9,9,7,6,7,5,7,5,6,9,7,5,7,5,6,9,8,5,9,5,8,5,6,5,9,5,5,9,8,0,7,5,9,8,7,9,6,7,8,7,7,5,7,8,7,5,6,6,5,8,7,7,5,7,5,9,8,7,6,7,7,9,7,7,9,8,7,7,5,6,5,6,9,7,7,9,6,6,9,9,8,8
9,6,5,5,5,7,7,7,6,9,5,6,5,7,8,9,9,8,8,9,6,9,8,5,7,7,5,5,7,6,8,6,8,9,5,6,6,9,8,5,9,7,9,5,6,8,7,9,0,6,6,7,5,6,9,6,9,7,9,7,8,7,6,5,9,6,8,7,6,7,6,8,9,5,7,9,9,9,7,9,9,9,5,9,5,8,7,9,9,7,5,8,7,6,9,8,8,7,5,9
7,5,5,7,5,8,8,9,9,9,7,9,5,5,8,8,6,7,9,5,8,8,8,9,6,8,6,7,6,8,5,7,9,8,6,9,8,7,9,7,5,8,5,9,5,5,8,6,8,0,5,7,5,7,5,5,9,6,6,6,6,7,5,8,5,8,9,5,6,8,8,9,8,8,6,9,5,8,8,8,5,9,9,9,5,6,5,9,8,8,7,7,7,6,7,5,5,5,9,5
5,5,6,8,9,5,8,7,5,5,9,6,8,7,5,7,8,6,7,9,8,5,6,8,6,6,7,7,6,6,9,5,8,7,8,5,8,5,9,9,8,7,9,8,8,5,8,9,5,9,0,6,9,7,9,7,5,8,8,6,7,8,5,6,8,6,9,7,6,9,5,8,7,6,7,6,6,6,8,9,6,8,8,7,6,5,5,7,8,5,8,7,9,9,6,6,7,6,5,7
8,7,7,9,9,6,9,7,9,8,5,9,9,8,5,9,9,8,9,8,5,6,9,6,5,8,9,8,9,6,8,5,5,6,6,8,5,8,7,5,5,7,7,9,9,9,7,5,8,7,6,0,8,6,6,6,7,8,6,8,6,6,6,8,8,5,5,8,8,7,7,9,5,6,9,8,8,8,9,6,6,6,8,9,7,9,9,9,9,5,9,9,9,9,5,8,9,9,8,9
9,6,9,8,6,7,5,7,6,8,8,8,9,5,7,5,8,6,6,9,5,5,8,7,8,8,5,6,5,6,8,8,9,9,7,5,6,5,8,9,8,6,8,6,7,5,9,9,7,5,5,7,0,8,9,8,8,7,6,9,7,7,9,6,5,9,9,8,9,7,7,8,7,8,6,6,9,7,7,5,7,8,5,8,9,5,6,5,5,6,8,7,5,5,5,6,8,9,7,6
8,7,9,6,5,7,7,8,6,7,9,5,5,6,6,8,6,6,7,9,7,8,7,7,9,9,8,7,7,5,8,9,9,5,7,5,9,9,7,7,8,7,9,8,7,7,7,8,8,6,9,6,7,0,8,8,9,9,6,6,6,9,5,6,5,9,5,5,9,8,6,9,7,8,5,5,5,8,9,5,6,6,9,8,5,5,6,6,6,6,7,5,7,7,6,7,8,6,8,8
7,6,8,5,7,7,7,8,7,7,8,6,5,6,5,9,9,6,5,5,8,8,9,7,6,6,7,9,7,7,7,8,5,5,8,9,8,9,6,8,8,8,9,8,8,6,5,5,7,6,7,6,6,8,0,5,8,7,5,9,6,9,8,5,9,5,9,6,9,7,5,6,5,9,6,6,9,9,6,9,9,5,6,6,5,9,5,7,6,9,5,7,7,5,5,8,5,7,9,8
8,5,5,7,7,5,7,6,9,6,5,8,5,6,9,5,8,6,5,9,9,6,9,9,7,7,8,5,9,8,6,7,9,7,5,9,5,8,9,5,7,8,8,5,9,6,6,6,5,5,5,8,7,9,9,0,6,5,5,5,9,6,6,7,6,9,8,9,8,5,9,9,9,7,9,7,5,8,9,5,6,5,7,9,9,7,7,9,9,8,8,8,9,8,9,8,5,6,7,5
5,7,8,5,5,5,5,6,7,7,9,8,6,5,8,8,8,7,8,8,7,8,9,9,7,6,5,6,7,5,7,8,6,9,5,9,6,7,9,8,7,5,7,7,9,5,7,9,9,5,5,8,8,8,7,6,0,8,9,7,9,5,9,9,6,9,5,6,7,9,9,7,6,8,5,5,6,6,6,5,6,8,5,6,6,5,9,5,7,6,8,6,7,9,9,7,8,6,5,8
9,9,5,9,5,8,8,9,8,7,6,9,7,9,6,5,9,7,7,5,5,5,8,6,6,8,9,6,8,7,7,5,6,8,5,7,8,6,5,7,6,9,7,5,5,8,9,8,8,8,7,5,8,9,7,8,5,0,9,8,7,9,7,6,5,5,5,8,8,8,9,7,8,6,9,9,5,7,8,5,7,9,6,7,9,9,7,6,7,5,6,6,9,7,8,8,9,7,6,9
9,5,5,9,9,6,9,8,8,5,6,6,6,8,6,8,7,9,7,5,7,9,6,8,6,7,7,5,8,6,9,8,6,8,6,6,9,6,8,7,5,8,8,6,8,5,5,6,6,5,6,9,5,5,7,5,9,6,0,8,7,9,8,5,7,5,8,9,8,6,9,8,5,6,9,5,9,5,9,5,5,7,6,8,7,9,5,7,5,6,6,7,8,8,6,8,7,8,5,6
9,6,7,9,7,6,5,7,6,5,8,9,9,5,7,9,7,9,7,7,5,6,8,6,9,6,5,7,5,6,7,5,5,8,6,9,5,6,6,6,9,7,6,5,8,7,8,7,5,6,5,7,5,8,6,7,7,5,9,0,5,5,8,7,5,7,7,8,6,9,8,9,5,8,6,7,7,5,8,7,7,8,8,6,8,5,5,9,6,6,8,6,9,7,5,5,6,9,5,8
6,8,6,7,7,6,5,9,9,5,8,7,9,7,6,7,7,6,9,9,7,7,7,9,6,6,5,8,7,6,6,8,9,5,6,9,7,5,8,6,5,6,5,6,8,5,7,6,5,7,7,9,5,5,6,8,6,6,6,5,0,6,6,6,7,8,5,7,8,6,7,5,6,7,7,9,6,6,5,6,5,8,8,8,9,8,7,7,8,9,7,7,5,9,8,5,8,9,7,8
7,8,9,5,7,7,6,6,8,6,5,7,6,5,5,7,7,8,6,9,6,7,9,9,8,9,5,7,9,6,6,6,9,7,8,7,9,7,5,7,7,6,9,7,8,5,6,9,8,5,7,5,8,8,6,9,9,9,7,7,7,0,8,6,6,5,8,7,8,6,8,7,9,7,9,6,9,8,6,5,7,7,5,8,9,8,5,8,6,5,8,8,5,5,7,9,8,9,8,7
5,7,8,8,9,7,8,7,9,6,7,6,7,8,9,5,7,5,7,7,9,5,6,8,7,5,7,9,9,9,8,5,5,8,5,9,9,6,8,6,5,7,9,9,8,7,5,7,6,7,7,8,7,5,8,9,6,9,5,9,5,8,0,7,5,8,6,6,8,7,9,5,5,6,5,6,6,6,7,5,5,9,5,8,7,6,9,7,9,5,5,8,9,5,9,5,6,9,8,6
6,5,6,9,6,7,6,6,7,8,6,8,8,9,5,5,5,5,5,8,8,9,6,8,6,5,5,9,7,9,5,6,7,6,9,9,7,5,6,5,9,7,5,6,9,7,5,5,9,8,5,6,9,5,7,6,9,8,7,5,6,7,9,0,7,8,9,5,7,5,6,7,9,9,5,9,5,9,5,8,8,5,5,9,8,8,8,7,7,8,7,9,8,8,5,8,7,8,7,7
9,7,7,9,8,5,6,6,8,6,6,6,8,9,9,5,6,7,5,8,9,6,8,9,7,6,9,6,8,6,6,7,7,7,9,6,8,5,6,7,7,7,9,5,6,5,6,8,9,9,7,5,7,8,8,7,8,8,7,6,6,5,7,6,0,9,9,9,6,5,7,7,6,5,7,6,7,7,7,7,7,5,5,7,8,9,6,9,8,9,6,7,9,8,5,6,6,9,7,5
7,6,9,8,6,7,6,9,9,6,5,5,6,5,9,5,5,8,9,6,8,9,5,6,8,5,7,7,5,6,5,8,5,6,5,5,5,7,5,6,8,6,5,6,8,6,6,8,8,9,5,7,5,5,7,7,5,8,9,5,9,8,9,8,6,0,7,9,9,5,9,5,8,7,7,8,6,9,9,8,7,9,8,9,6,5,7,8,9,9,7,9,7,7,9,6,5,7,6,5
5,6,6,7,8,9,7,5,7,7,5,8,6,9,7,6,5,8,7,8,8,9,9,9,8,9,7,5,7,6,7,8,7,8,7,5,7,5,5,7,7,7,5,7,8,8,8,7,5,8,5,7,5,8,6,6,7,6,9,9,6,6,7,6,5,6,0,6,7,6,6,9,9,7,5,5,6,8,7,5,9,6,9,9,9,5,5,8,8,7,6,8,5,6,6,6,6,5,9,7
7,7,5,5,8,9,5,9,9,8,9,7,9,5,9,8,6,6,7,5,5,7,7,5,5,8,8,8,6,9,8,6,8,5,8,7,5,9,6,5,9,5,9,5,7,9,8,9,7,7,9,9,7,9,7,9,5,5,5,5,5,7,7,5,9,8,8,0,9,7,7,7,7,5,6,5,9,8,7,7,5,9,8,6,8,9,9,8,9,8,9,6,5,8,5,9,7,7,8,5
9,6,9,7,9,9,7,8,6,8,7,5,8,7,5,5,7,5,8,6,5,5,8,5,7,5,7,8,5,7,7,6,5,6,8,9,5,6,6,9,6,6,7,6,5,9,8,7,8,5,7,6,8,7,5,8,7,8,5,8,7,8,8,8,5,6,9,6,0,9,5,5,6,9,9,9,9,8,7,5,7,7,5,5,9,9,6,7,7,6,9,7,6,5,7,6,7,7,8,5
9,9,6,7,7,5,6,7,9,8,6,9,5,8,7,5,7,8,8,8,9,8,6,5,9,8,9,5,6,7,6,6,5,6,5,7,6,7,8,9,8,8,8,9,5,5,6,7,7,7,9,9,9,9,6,5,8,5,8,8,6,6,6,6,6,9,9,9,7,0,5,8,9,5,8,5,5,5,7,5,9,6,6,7,9,7,6,6,6,9,5,9,6,8,9,8,7,7,6,7
5,5,7,9,7,8,5,9,5,8,5,9,6,5,8,6,9,8,6,8,5,7,8,9,7,5,7,6,6,9,8,8,8,9,9,8,9,7,9,6,7,6,6,7,8,5,8,6,5,7,9,8,5,7,7,7,7,7,7,6,5,9,8,5,5,7,6,6,5,5,0,7,7,9,5,6,8,6,6,6,6,7,6,5,8,5,5,7,5,6,7,6,7,5,7,5,8,8,5,6
5,9,6,6,5,9,7,8,9,6,8,5,6,6,5,9,9,8,9,5,9,5,5,9,7,8,9,7,6,5,7,9,6,9,5,7,5,5,5,8,8,6,7,8,8,6,5,6,5,8,6,5,8,5,7,5,8,6,8,6,5,5,6,9,9,8,9,7,5,7,8,0,9,7,5,6,8,7,6,6,6,8,8,7,8,8,6,6,5,7,5,9,9,6,9,8,8,9,7,9
9,6,7,5,7,5,7,8,8,8,8,7,6,5,7,8,6,8,8,5,8,7,9,5,5,8,9,7,7,6,8,8,9,7,7,9,5,7,9,8,6,7,7,7,8,7,7,9,9,6,7,5,6,6,6,6,7,7,5,9,5,9,6,6,9,5,7,9,7,7,7,9,0,8,5,9,5,9,6,7,7,5,5,8,6,9,8,7,8,6,6,7,7,6,9,7,6,6,6,7
7,9,7,6,6,8,7,6,5,7,5,6,5,5,7,8,5,6,9,6,6,8,9,7,6,5,9,7,9,7,7,8,8,9,9,8,7,8,6,7,7,7,6,5,5,5,6,6,9,5,6,9,7,5,6,9,5,5,5,6,9,5,6,8,9,7,7,6,6,9,5,7,5,0,7,9,8,6,8,7,5,8,7,8,8,6,8,6,7,7,5,7,7,8,9,8,6,5,8,6
7,7,5,5,9,9,9,9,9,6,8,7,6,7,9,8,6,7,8,7,6,6,5,8,6,6,7,9,6,9,7,7,8,7,9,8,7,7,9,8,6,9,6,6,9,7,6,5,8,5,7,9,7,6,9,6,7,6,9,7,6,5,7,9,8,5,8,8,8,5,6,8,8,9,0,5,7,9,8,9,8,5,7,5,5,7,8,5,7,7,8,6,5,8,6,6,6,6,7,8
9,8,7,6,8,9,8,6,8,5,7,6,9,7,5,6,9,5,6,7,9,5,6,5,5,9,5,5,6,7,9,5,7,9,9,9,7,5,7,6,9,6,6,7,5,6,7,7,7,9,7,6,9,9,8,9,7,6,6,8,9,7,5,5,6,6,9,9,8,5,9,8,7,5,8,0,8,8,9,5,8,6,7,8,6,9,8,6,7,5,5,6,5,9,8,6,6,6,5,5
8,7,7,9,6,5,9,8,9,6,5,5,8,6,8,7,6,9,8,5,7,5,6,8,7,9,8,9,9,8,7,6,7,8,6,6,8,7,6,5,5,5,7,5,5,9,8,9,5,6,9,6,8,9,8,8,5,9,7,7,7,5,8,5,9,9,7,5,9,7,8,9,8,8,5,7,0,8,6,8,7,5,9,8,8,8,5,7,7,9,8,5,9,5,9,8,5,6,6,5
5,7,7,9,8,7,5,8,5,9,5,5,9,5,9,6,7,6,5,6,9,6,9,5,5,6,9,8,8,9,5,6,6,5,7,5,8,9,5,6,8,7,7,8,9,7,6,8,6,7,5,8,5,9,6,9,7,6,9,6,7,6,9,5,9,8,9,9,8,8,8,8,6,9,8,7,8,0,6,6,7,5,6,7,6,8,6,6,6,8,8,8,7,5,8,8,6,7,7,9
5,8,7,9,7,9,7,7,5,6,9,5,5,5,6,6,6,9,8,6,7,7,7,5,5,5,5,8,7,6,7,9,6,7,5,9,8,6,9,6,6,8,5,9,8,7,7,7,9,7,6,7,9,5,6,8,5,6,9,7,8,8,5,9,9,5,9,8,9,6,7,5,9,6,5,9,7,7,0,6,7,7,8,9,9,5,5,5,6,5,7,8,6,6,7,7,8,8,5,5
8,8,8,7,7,9,5,7,7,9,6,6,7,9,6,9,9,9,5,9,9,5,7,8,6,8,6,9,7,8,6,5,6,7,7,9,9,6,6,5,9,7,7,6,8,6,5,6,5,8,8,8,8,6,6,8,5,5,5,8,8,6,5,8,7,6,5,5,6,7,9,8,7,9,9,6,7,5,9,0,5,8,9,8,8,5,8,7,9,5,9,8,9,5,8,7,8,7,8,8
7,6,9,9,7,8,9,6,8,6,5,5,9,5,5,5,8,7,6,8,9,8,5,9,7,8,5,7,9,7,6,8,9,7,6,9,8,9,5,5,5,6,8,7,5,8,8,8,5,7,8,5,5,5,8,8,5,9,7,9,7,6,6,6,5,6,6,7,9,5,6,9,6,5,7,7,9,7,9,8,0,5,7,7,7,8,6,7,9,8,7,8,9,7,6,7,9,5,7,7
8,7,5,9,9,5,9,8,5,7,5,8,7,5,8,8,5,9,9,7,8,8,7,8,6,7,7,6,9,7,8,7,7,5,5,6,9,8,7,6,9,7,7,6,7,9,5,9,8,7,7,9,5,5,8,5,9,7,8,7,7,7,8,7,9,8,6,7,9,6,9,7,6,8,7,5,5,6,6,7,6,0,8,7,7,5,8,7,7,6,5,7,7,5,5,8,6,9,5,6
9,7,7,9,7,8,5,8,6,7,7,9,8,6,6,6,9,5,6,6,6,5,9,6,9,9,7,7,6,9,6,6,5,9,6,9,8,9,5,8,9,5,5,9,8,5,8,6,8,8,9,6,7,8,5,9,8,6,5,8,6,8,6,7,6,6,9,9,9,6,7,9,9,7,7,5,9,9,8,9,5,5,0,8,7,5,9,9,6,8,6,6,7,8,7,7,6,8,8,8
7,5,9,6,7,6,9,6,9,6,9,9,8,8,6,7,5,5,9,6,6,6,8,5,7,5,5,5,7,9,6,7,6,5,5,8,5,9,5,6,5,7,9,5,8,7,7,8,7,9,7,5,9,6,7,5,7,9,8,7,5,8,9,5,5,7,8,8,7,7,7,6,9,8,6,8,7,8,6,5,8,6,8,0,8,7,5,8,9,7,5,6,6,5,8,5,6,8,9,9
6,9,8,6,5,7,6,6,5,5,9,8,8,7,8,8,9,5,6,7,5,8,8,5,7,6,5,5,5,7,9,9,7,8,5,6,9,5,7,5,6,8,7,8,8,6,7,9,7,9,5,6,7,6,9,7,5,8,8,8,6,5,5,7,6,9,5,5,7,6,9,9,7,5,5,6,6,5,6,5,8,6,8,5,0,7,8,7,5,9,7,6,5,6,9,8,5,7,9,6
9,6,7,7,5,5,6,8,7,5,7,6,9,6,8,5,5,7,9,5,8,7,9,5,9,5,8,8,8,6,5,8,6,8,7,9,5,9,7,5,5,9,5,9,6,5,6,9,7,8,8,8,8,8,8,6,6,7,7,9,6,8,9,5,5,8,5,6,9,8,9,6,9,8,5,8,7,9,8,8,9,9,5,5,7,0,6,5,7,9,5,7,8,6,7,9,6,5,9,9
8,5,9,5,8,9,6,8,9,8,5,9,7,8,8,5,7,8,9,7,9,7,8,6,8,6,5,9,7,9,8,8,8,5,5,8,5,9,6,5,5,8,6,8,9,5,5,5,8,7,7,8,5,6,9,5,7,7,6,7,8,7,6,9,5,7,6,6,7,9,9,7,6,8,6,5,6,9,7,7,5,5,6,9,7,9,0,7,7,5,5,6,7,7,8,7,8,6,7,8
7,9,9,7,8,7,9,6,6,9,8,9,8,5,9,6,8,6,7,6,5,9,9,5,7,8,7,5,8,6,8,9,8,5,9,8,6,7,7,6,8,8,5,7,6,6,8,6,8,6,8,7,9,5,8,8,9,8,5,5,5,8,8,5,5,9,5,7,5,5,5,6,8,5,8,7,8,6,9,6,9,5,7,6,8,5,5,0,8,6,6,8,8,6,6,6,9,9,5,7
7,5,5,6,7,6,7,9,8,6,6,9,8,8,9,5,9,6,7,7,9,9,6,5,8,7,6,5,6,9,9,7,7,9,7,5,8,9,9,9,5,6,7,6,5,7,5,9,7,5,6,7,7,8,7,7,8,9,7,5,5,7,7,8,7,8,6,8,6,8,7,9,6,7,6,8,7,5,9,6,6,6,7,5,8,6,5,9,0,7,9,6,9,7,9,9,8,9,8,9
7,5,6,8,8,8,6,5,9,7,8,5,8,5,5,8,8,9,6,5,5,7,7,6,7,7,7,7,7,8,7,9,8,5,7,6,9,8,9,6,6,5,6,6,8,8,7,8,6,6,5,9,7,8,8,9,7,5,5,6,5,9,8,5,5,9,7,7,7,8,8,9,5,5,9,5,6,6,7,8,9,9,5,5,7,7,7,5,7,0,7,9,9,8,7,5,6,6,5,6
8,6,5,6,7,7,6,9,6,9,8,8,6,8,6,6,6,8,8,7,7,7,7,5,5,9,9,6,7,9,7,8,5,9,8,7,9,8,7,7,6,8,5,6,9,8,8,5,6,5,8,8,8,7,9,6,8,9,5,8,8,5,7,7,6,9,7,6,9,9,7,8,5,5,6,8,7,6,6,7,5,8,9,6,6,8,9,7,5,7,0,8,9,7,9,9,5,6,8,9
9,5,7,6,7,8,9,8,7,5,5,9,7,8,8,7,5,5,5,5,8,9,9,6,7,5,7,6,6,6,6,7,9,7,6,6,8,6,7,8,6,5,7,7,9,8,6,5,9,6,9,5,5,7,6,9,5,6,9,7,5,8,6,6,9,8,9,5,6,6,9,8,7,7,9,7,7,7,6,8,8,7,6,9,7,6,6,6,6,7,5,0,7,7,5,7,7,8,5,7
6,8,6,9,7,7,5,7,8,7,8,6,7,9,5,8,8,6,7,8,8,7,8,9,9,5,6,5,7,9,7,8,7,5,5,5,7,8,8,7,6,8,7,9,7,6,8,7,6,7,9,5,6,6,8,8,5,6,9,7,6,9,9,8,5,9,9,7,9,5,5,5,8,5,7,9,9,9,6,7,7,8,9,5,5,6,7,5,6,6,5,5,0,8,6,5,6,8,9,8
7,7,5,8,6,6,9,7,5,9,9,9,5,9,6,9,7,5,9,7,9,6,8,5,8,5,9,7,6,9,5,5,9,5,8,5,6,5,8,8,6,8,6,5,7,6,9,5,6,7,8,6,9,6,9,5,8,5,9,5,6,6,5,6,8,8,9,5,6,5,7,7,7,5,6,5,5,7,8,6,5,8,5,9,6,9,6,7,6,7,7,6,5,0,7,7,9,7,5,6
8,7,9,9,5,9,6,9,8,5,9,5,5,7,8,5,7,5,6,5,9,7,6,8,8,8,6,6,9,8,6,7,9,6,5,9,6,9,5,9,5,9,8,6,7,7,7,9,6,7,5,8,6,5,6,5,5,5,6,7,8,9,9,9,9,6,5,9,6,9,8,8,5,7,5,5,9,9,6,6,5,6,5,7,8,7,6,9,9,9,9,6,7,8,0,5,5,9,8,7
5,6,8,7,7,8,6,8,8,5,6,6,5,8,5,6,6,9,6,6,7,5,5,9,7,9,7,5,6,7,9,5,5,7,5,9,6,9,7,9,6,8,7,9,7,7,9,7,7,6,9,6,8,7,5,5,5,8,9,8,5,6,6,6,5,6,6,7,7,5,5,6,6,7,9,8,7,6,7,5,5,5,8,5,7,7,7,8,7,5,9,8,5,9,8,0,5,7,6,8
6,6,6,9,6,6,7,9,5,7,7,7,9,6,9,7,5,7,6,8,8,8,8,5,7,6,7,6,7,8,9,5,6,7,6,8,8,6,7,8,5,7,6,5,9,8,9,6,5,6,8,7,5,7,5,7,8,5,7,9,9,5,7,6,8,6,5,6,9,5,8,8,5,7,7,6,7,7,5,8,6,5,5,6,9,6,5,8,7,9,5,7,9,7,9,5,0,5,5,6
8,7,7,7,5,7,5,7,7,5,8,5,5,5,8,8,9,9,5,6,7,6,6,9,5,9,5,9,7,8,7,5,7,5,7,5,8,7,5,8,9,8,7,8,8,9,5,7,5,9,9,6,9,8,9,6,5,8,7,5,7,5,5,9,8,7,7,9,7,7,9,6,8,7,7,8,9,8,6,5,9,7,8,8,8,5,6,9,6,5,9,5,5,5,6,8,8,0,7,5
5,6,6,5,7,9,8,7,6,5,6,7,7,7,6,5,9,7,6,5,7,6,8,8,6,8,9,5,7,6,8,9,6,7,5,9,8,7,5,8,5,8,9,8,9,8,7,8,9,9,6,6,6,7,8,9,7,7,9,9,5,7,9,5,7,6,6,9,6,6,7,6,6,8,5,8,6,5,8,7,6,5,6,7,9,6,8,9,9,5,6,5,8,5,7,7,8,9,0,5
8,7,7,6,8,7,9,9,8,6,9,8,7,9,6,8,9,6,6,5,5,8,6,5,6,9,7,8,6,5,8,5,6,9,5,5,8,9,8,5,9,7,9,7,5,7,9,6,7,6,7,5,6,9,5,9,5,7,9,8,5,6,8,7,8,9,6,7,8,5,5,5,8,6,5,8,8,9,5,8,9,5,5,9,8,7,8,7,9,6,9,6,9,9,9,8,8,6,9,0
