R=100
Pi=(23,22,22,26,24,29,21,29,25,21,29,23,20,20,24,21,29,20,28,22,24,20,28,27,21,27,22,27,29,21,20,27,23,21,23,29,21,27,21,27,23,21,29,28,25,21,20,25,26,28,29,29,22,25,21,22,24,24,24,27,26,23,20,24,20,22,20,29,26,25,29,21,28,20,29,23,20,29,22,29,27,26,21,20,21,20,25,28,29,21,25,26,23,24,21,29,20,24,27,23)
A=
1,2,44
2,3,46
5,6,0
6,7,47
8,9,0
9,11,47
12,13,54
13,14,0
18,20,40
21,22,0
22,23,0
23,24,54
24,27,48
28,29,0
29,30,0
31,32,54
34,35,0
35,36,55
36,37,0
38,39,40
39,40,0
40,41,0
41,42,0
42,44,0
45,46,0
46,47,53
48,49,0
49,50,41
56,57,54
59,60,40
60,61,0
61,62,0
63,64,43
69,71,0
71,73,0
72,74,0
73,75,41
74,76,47
76,78,52
77,79,57
78,80,58
80,82,0
82,84,52
83,85,47
84,86,0
89,91,0
90,92,42
93,95,0
95,97,0
98,100,54
Sij=
0,11,14,11,11,10,14,10,14,10,13,11,13,10,14,12,14,12,14,11,10,11,11,12,12,13,10,13,14,14,12,10,11,13,14,12,13,11,14,10,10,12,13,13,13,14,12,13,12,11,13,10,10,14,12,12,10,12,14,12,14,11,11,10,12,12,14,14,10,12,13,12,12,14,10,12,12,13,13,13,11,12,10,12,10,12,14,11,10,11,12,11,12,12,10,14,10,13,10,11
14,0,12,12,10,13,11,12,11,13,14,14,11,14,11,10,12,10,14,14,10,12,13,13,13,10,11,10,10,14,11,11,14,12,11,13,14,14,10,13,14,14,13,13,11,12,10,12,11,11,12,13,11,14,10,13,11,13,13,14,12,10,12,12,12,12,10,13,12,12,10,12,14,10,14,10,14,14,12,11,14,14,14,13,11,12,10,10,12,13,11,11,10,10,11,14,12,11,11,14
12,12,0,10,13,10,14,14,10,14,10,14,12,11,12,14,12,11,13,10,14,12,14,11,13,11,14,11,13,14,10,13,12,13,12,14,12,14,11,12,11,13,14,10,12,14,14,10,13,10,13,12,13,11,11,12,12,10,11,11,11,13,10,11,14,11,11,13,13,12,12,13,10,10,13,10,12,13,14,14,11,14,12,13,10,12,10,11,11,10,11,12,12,14,11,13,13,12,11,10
12,11,12,0,11,13,10,12,12,12,11,14,14,11,11,10,12,10,11,11,12,11,10,12,12,11,10,11,11,14,10,12,10,11,14,12,10,12,11,14,10,14,13,13,10,11,12,10,10,13,14,13,11,11,14,14,11,13,14,10,13,14,11,12,11,14,13,12,12,14,14,14,13,12,10,12,13,11,12,10,13,14,10,12,14,11,10,14,12,14,11,11,12,11,11,11,13,10,12,10
12,14,13,11,0,14,14,10,14,10,12,11,14,11,14,11,13,13,14,12,10,13,14,14,12,13,13,12,11,10,14,14,12,14,11,13,13,10,13,13,10,11,10,13,10,13,11,14,12,10,12,12,13,12,11,11,13,10,11,13,11,11,13,13,10,12,13,14,10,11,12,13,10,11,12,13,12,10,14,13,11,13,10,10,13,11,10,10,12,14,14,13,14,10,11,13,12,12,13,12
10,12,14,11,13,0,13,12,12,14,13,13,12,10,12,11,12,11,13,10,13,12,13,11,11,11,13,14,10,14,13,11,10,12,11,13,14,14,13,12,14,14,12,10,14,10,12,12,11,13,14,12,14,12,14,10,11,10,12,10,10,14,11,13,11,12,13,14,14,14,11,13,12,10,10,13,14,13,12,10,13,10,13,11,10,11,11,13,13,11,11,14,11,13,12,14,13,14,14,12
12,12,13,12,11,10,0,14,13,11,10,10,13,13,12,11,14,11,10,12,14,10,14,11,13,12,12,12,13,13,11,10,10,13,10,13,10,12,11,14,14,11,13,12,12,11,13,11,14,12,12,13,12,11,14,11,12,11,10,14,14,13,10,14,10,14,14,14,12,13,10,12,10,10,13,12,12,12,13,11,14,11,13,11,11,12,12,13,14,13,10,14,12,11,10,11,10,13,12,13
11,13,13,10,11,14,13,0,12,13,11,14,10,13,13,10,13,14,14,13,12,11,10,10,14,12,11,10,13,10,11,11,13,14,10,10,10,12,12,10,11,14,10,10,12,14,10,10,13,10,11,11,11,10,14,11,10,13,14,12,14,14,14,11,11,14,10,10,12,13,10,10,11,13,11,13,10,10,12,14,12,10,11,13,14,14,10,12,14,13,14,12,13,10,10,12,14,14,13,12
14,14,13,10,10,10,14,13,0,14,11,10,14,10,14,14,13,12,11,12,12,14,12,11,13,13,12,12,11,12,14,13,11,12,10,10,13,12,11,12,13,14,11,13,13,13,14,12,13,10,12,14,13,12,11,12,11,13,14,11,12,13,13,10,10,12,13,12,14,14,11,11,11,13,14,12,12,14,12,10,14,10,13,11,10,14,10,14,11,12,13,14,13,14,14,14,11,11,13,10
14,12,12,13,13,11,13,14,13,0,13,14,11,10,14,12,12,10,11,14,10,12,14,11,12,10,12,12,11,13,14,10,11,11,12,10,11,12,14,12,14,11,10,11,12,12,12,13,14,11,11,14,14,12,12,12,10,10,10,13,11,13,11,10,13,13,13,14,13,13,10,10,10,14,10,14,11,13,14,14,13,13,13,10,12,10,11,14,14,14,10,11,11,11,11,11,14,14,12,14
13,13,10,10,10,11,13,10,11,13,0,11,11,11,10,10,13,14,11,13,13,11,14,10,14,12,14,14,13,12,14,14,11,10,10,11,10,12,12,14,10,11,10,12,10,13,13,14,10,11,13,11,13,11,14,12,14,12,11,12,11,12,14,12,12,13,14,11,11,14,14,10,12,11,12,11,11,12,14,11,14,14,13,12,14,12,10,10,10,13,12,12,11,14,13,13,11,13,14,11
13,11,13,11,11,12,13,11,13,13,10,0,11,13,10,13,11,13,12,12,10,12,13,10,13,12,12,14,12,13,13,14,12,13,12,12,12,10,12,11,11,14,14,12,12,12,10,14,11,11,12,10,14,10,14,14,10,11,10,13,13,13,11,13,14,13,12,13,10,13,10,10,11,11,11,10,13,11,13,10,12,13,12,11,11,13,10,12,14,13,12,11,10,13,12,13,13,10,12,14
14,12,13,13,10,11,13,13,14,13,10,14,0,12,14,11,10,10,14,12,10,12,10,14,12,10,14,10,13,14,13,12,13,13,14,11,14,14,14,10,14,10,12,13,10,13,12,13,10,12,11,12,13,12,12,11,13,13,11,12,11,10,14,14,11,10,11,10,13,13,11,11,10,14,13,10,10,12,13,13,13,10,10,10,12,10,14,11,11,12,12,11,13,12,14,13,10,13,12,14
12,12,14,11,11,10,11,14,14,12,10,11,14,0,12,14,10,10,14,11,10,11,14,14,10,10,14,13,13,14,14,14,12,14,13,11,11,10,13,14,12,14,14,12,13,12,10,12,10,13,14,13,11,12,11,13,12,12,14,10,12,11,13,14,10,12,13,11,11,11,13,14,11,14,13,11,12,12,10,13,10,12,12,14,10,10,13,10,13,10,13,13,11,12,12,11,10,14,11,11
14,13,10,13,10,14,11,11,13,10,10,14,11,11,0,10,14,13,13,14,14,14,12,13,10,12,14,13,13,12,12,10,12,11,14,13,11,11,13,13,10,13,11,11,12,14,14,12,10,12,12,12,11,10,12,11,11,10,10,11,11,11,12,13,11,14,13,13,11,12,14,13,14,10,13,10,13,10,10,10,12,11,12,11,10,10,13,12,14,13,12,10,11,12,12,14,11,12,10,12
11,10,11,13,13,13,12,11,11,11,13,10,14,14,13,0,10,13,11,13,11,11,10,14,13,14,13,12,12,12,14,14,10,10,12,14,12,10,14,13,11,12,11,11,12,14,11,11,11,13,12,10,14,13,14,11,10,11,12,13,14,11,14,13,11,11,12,10,11,14,11,10,14,13,12,13,14,14,11,13,13,12,10,13,10,14,14,12,11,11,14,10,12,10,13,10,13,12,14,10
11,11,14,12,12,11,10,11,11,10,11,10,14,13,10,12,0,10,10,12,12,11,10,13,10,10,10,12,13,14,12,14,11,10,10,12,12,12,13,11,13,14,13,10,10,14,13,11,13,10,11,14,12,14,12,14,11,12,14,11,11,14,11,12,13,10,14,10,13,11,12,10,11,14,13,13,13,14,13,10,11,14,13,12,13,12,12,11,12,11,10,14,12,12,14,14,12,11,12,14
14,13,12,12,12,10,12,13,11,14,10,11,13,13,14,12,10,0,13,13,11,13,13,12,11,10,12,12,14,14,14,10,11,12,13,11,13,12,11,14,12,14,14,10,13,10,14,11,14,12,12,13,13,12,11,10,11,10,10,11,10,13,13,13,11,13,14,13,14,12,11,10,13,13,11,11,14,12,14,11,11,11,12,12,11,10,12,13,11,13,14,13,11,10,14,13,11,10,14,14
11,11,11,11,11,12,14,14,11,14,11,14,11,14,10,13,10,10,0,12,10,11,10,11,11,12,12,13,13,13,12,14,14,13,14,14,14,10,10,11,14,10,12,12,11,11,10,11,12,10,11,13,11,13,13,12,11,14,14,14,13,13,11,10,14,10,12,11,11,10,10,12,14,14,13,10,13,12,14,10,12,11,11,13,12,13,13,10,14,12,12,10,10,11,13,10,14,11,12,11
14,14,10,11,14,13,13,11,10,13,14,13,14,14,11,12,12,13,13,0,10,12,11,11,14,12,10,12,12,11,12,11,12,10,13,10,13,10,14,13,13,10,11,10,11,12,13,10,11,10,10,12,10,13,12,13,12,12,11,13,14,11,10,10,12,11,12,13,11,13,13,11,12,10,10,10,10,10,14,11,14,14,10,12,10,10,10,13,12,14,13,10,13,10,13,11,14,11,13,14
10,14,14,13,11,13,10,10,13,11,13,11,12,10,14,10,11,12,14,12,0,11,13,10,11,10,12,13,11,12,13,10,14,12,14,10,14,10,12,11,11,14,10,10,11,11,11,12,13,11,13,10,11,11,11,13,12,13,12,12,14,10,13,13,14,10,13,14,13,14,14,14,13,11,13,12,10,12,14,10,14,14,14,10,13,12,13,13,11,11,12,11,12,14,11,10,11,12,11,10
13,11,14,13,11,13,11,10,13,14,12,14,13,12,13,14,11,13,14,11,11,0,14,13,11,12,13,12,13,10,12,10,13,11,14,12,12,10,10,13,14,11,13,10,11,13,12,12,14,11,12,14,12,12,14,13,13,13,12,11,13,11,13,10,10,13,14,13,14,10,11,14,10,10,14,10,13,14,11,13,14,10,12,12,12,12,13,10,12,10,13,14,12,14,14,13,12,13,14,13
14,14,12,14,10,12,13,11,13,13,10,13,11,14,12,12,14,10,12,12,14,13,0,11,14,11,11,11,11,10,11,12,14,14,13,14,14,12,12,12,10,14,11,12,13,10,10,13,13,11,11,13,12,11,12,13,10,13,13,12,13,10,11,11,11,11,10,14,12,14,12,14,11,13,12,13,13,11,13,13,11,13,13,14,13,12,10,13,12,14,14,11,14,10,13,14,12,10,10,11
14,10,10,13,14,11,12,13,13,13,10,13,14,14,10,14,12,12,12,14,11,11,12,0,13,10,10,10,11,14,12,10,12,10,11,14,11,13,14,14,11,10,11,14,13,14,10,12,14,14,13,12,10,13,11,10,13,13,11,13,14,11,11,14,10,12,12,13,12,10,14,11,12,12,10,13,10,11,13,13,10,12,11,11,10,10,10,14,14,11,10,12,11,11,10,10,14,12,14,10
11,12,14,13,10,12,14,12,13,13,10,11,14,12,13,11,14,14,13,10,12,13,13,11,0,14,11,14,10,12,14,14,13,12,13,12,12,13,12,11,13,11,13,10,10,11,14,13,13,13,13,10,14,13,14,13,12,13,12,13,13,12,14,10,13,13,12,13,10,10,10,13,12,13,14,13,13,12,13,10,10,13,11,11,13,13,14,14,13,10,10,14,10,14,13,11,11,12,12,12
14,10,12,13,13,10,13,11,14,10,14,14,10,12,12,10,11,12,11,10,13,12,10,10,10,0,11,12,12,10,13,12,10,10,10,10,10,10,12,13,13,14,13,10,13,10,10,13,13,11,13,14,13,11,11,13,11,14,12,13,11,13,11,10,10,12,13,14,14,11,12,14,13,14,13,10,10,12,12,14,10,12,14,11,12,13,13,14,13,12,14,10,13,14,11,10,13,13,14,10
11,10,14,11,13,13,11,14,12,11,13,14,12,12,13,14,13,14,13,12,14,14,10,11,12,12,0,11,13,12,13,11,11,13,11,13,14,12,12,12,13,11,13,11,11,14,10,12,11,11,12,11,13,14,12,11,12,10,12,13,11,12,13,12,14,10,11,10,10,13,13,11,11,12,14,10,10,12,13,12,12,14,14,11,10,12,12,11,10,10,10,13,10,13,11,11,13,10,12,11
13,14,11,12,12,10,14,11,10,12,10,14,11,10,11,11,12,11,12,11,12,14,10,10,13,10,11,0,12,11,12,11,14,10,11,14,12,13,12,13,10,12,11,11,13,10,11,12,14,12,14,14,12,13,10,14,13,14,11,14,12,13,12,10,12,10,10,14,14,11,13,13,14,13,11,14,10,12,11,10,12,12,12,10,11,13,14,11,14,12,10,13,12,13,10,12,10,11,13,13
14,11,12,13,13,11,14,13,11,11,13,11,12,10,12,10,11,11,14,13,11,14,10,12,10,14,10,11,0,12,14,13,14,13,13,10,10,10,13,12,14,14,10,14,13,13,14,11,11,11,10,10,13,12,10,12,10,11,10,12,13,10,13,11,11,12,13,12,14,14,11,10,12,14,14,14,10,10,11,13,11,13,14,14,11,14,10,12,13,11,10,14,14,10,13,13,11,13,12,10
14,12,11,11,10,10,13,13,12,10,11,14,14,11,11,14,11,13,10,12,11,11,13,12,14,12,10,12,11,0,11,13,11,13,11,13,14,12,12,14,10,10,12,10,12,14,11,14,12,14,14,11,12,13,14,14,13,13,13,12,12,10,11,12,10,12,14,11,13,12,11,12,13,14,14,12,14,10,10,13,13,12,12,12,11,14,10,13,13,12,10,11,13,10,11,10,14,14,14,10
10,14,11,14,12,11,13,13,14,12,14,12,12,10,14,10,12,13,10,11,11,11,12,11,12,10,14,12,12,13,0,12,14,10,10,12,13,11,12,14,10,10,12,14,11,12,12,13,12,11,11,13,11,14,13,13,14,11,14,12,12,12,10,10,10,14,14,11,11,13,10,14,14,13,10,10,14,12,11,13,14,11,11,11,11,14,10,10,12,12,13,12,11,10,12,12,10,12,13,11
13,11,11,14,10,12,13,12,13,13,13,12,10,11,13,10,10,13,13,11,14,13,14,14,14,13,12,14,11,12,14,0,11,14,14,10,13,10,12,11,14,10,12,11,13,13,11,12,10,11,11,11,11,13,11,12,14,11,12,14,11,14,14,11,11,13,12,12,10,10,10,10,13,12,14,10,11,11,10,10,13,11,12,12,14,10,13,13,12,11,11,11,12,12,14,10,11,11,10,10
11,13,11,14,11,11,13,13,14,11,11,12,11,11,11,10,11,11,12,10,14,13,10,13,14,14,12,11,12,13,14,14,0,11,10,14,14,10,13,11,12,12,14,13,10,10,13,10,11,10,14,13,14,13,14,10,12,12,12,10,12,14,12,10,10,12,11,11,11,12,11,10,13,14,14,13,10,10,10,13,10,13,11,10,13,14,14,10,11,14,11,11,12,13,14,13,14,13,12,13
13,11,14,14,13,13,10,10,14,11,10,12,12,14,14,13,12,11,12,10,13,10,10,11,10,10,12,14,10,10,13,11,12,0,11,14,13,14,12,11,14,13,14,11,10,14,14,14,13,13,11,10,13,11,11,14,12,11,12,13,13,11,11,14,13,12,13,10,10,14,10,13,10,10,12,11,14,14,14,12,11,10,14,10,14,10,10,10,10,11,12,11,12,13,13,13,12,14,13,12
10,14,13,14,13,12,14,12,14,10,10,13,12,10,11,12,11,10,10,13,11,13,14,13,11,13,11,12,12,13,13,10,10,11,0,11,12,12,14,12,11,10,12,10,10,11,13,14,11,11,10,11,12,13,10,11,12,14,14,12,10,11,12,10,10,11,10,13,10,14,14,10,11,12,14,12,14,12,14,12,13,13,14,10,12,11,11,11,10,10,14,12,12,12,12,10,12,11,10,14
10,10,14,12,12,14,10,14,13,12,12,14,14,11,14,11,11,12,13,14,10,13,13,14,14,11,12,14,10,14,10,12,12,10,11,0,12,13,12,13,12,11,11,13,12,13,10,13,10,13,10,13,10,13,10,14,11,12,10,13,10,11,10,14,14,12,14,11,14,14,11,12,14,14,11,12,13,10,10,10,14,13,11,11,10,11,14,13,11,11,14,10,13,14,12,10,11,12,13,14
13,13,13,11,11,12,14,11,11,13,10,11,11,14,13,11,14,13,13,13,12,11,10,13,14,10,14,10,11,10,11,11,11,10,11,11,0,10,10,14,12,11,13,11,13,10,13,13,13,10,10,10,12,13,10,12,12,12,14,11,10,13,13,14,11,11,13,14,11,12,12,11,14,13,10,11,13,14,12,12,11,12,10,14,10,14,14,13,10,13,14,13,10,14,14,14,13,13,10,12
12,13,12,10,12,14,11,13,12,14,13,13,10,12,14,13,12,14,14,11,11,14,14,12,13,13,11,14,14,11,13,10,13,14,10,12,14,0,14,11,11,12,10,10,10,14,10,12,13,10,10,11,13,14,13,10,12,14,14,11,14,13,12,13,11,11,13,14,10,11,11,14,13,12,13,14,11,14,13,13,13,10,12,14,14,14,14,10,10,14,12,13,14,12,12,12,10,11,14,14
11,10,12,11,13,11,13,11,11,14,13,13,11,11,13,13,10,12,14,11,12,12,14,10,13,13,14,10,14,10,13,14,14,13,11,12,13,11,0,11,13,11,12,14,10,10,14,11,13,14,14,12,12,12,12,11,13,10,11,12,14,11,12,11,10,10,14,13,12,10,10,14,13,11,11,10,14,13,13,10,13,11,11,11,10,12,11,12,12,12,13,12,12,13,11,11,13,10,13,10
11,11,14,13,13,10,14,10,10,12,12,10,11,11,13,12,10,11,11,12,14,12,11,10,11,13,11,14,14,10,11,13,14,13,13,12,12,12,12,0,14,13,10,11,10,14,12,10,11,10,14,10,12,14,11,11,14,10,14,11,10,13,14,11,14,10,13,10,13,12,11,10,12,13,12,14,13,10,10,10,14,13,10,14,10,14,13,14,13,12,14,12,12,11,12,11,14,14,12,14
11,11,11,14,13,14,12,14,11,12,12,13,14,13,12,12,13,14,10,14,11,13,12,11,12,13,12,10,11,11,14,14,13,11,13,12,11,10,10,11,0,11,14,12,11,14,10,13,13,14,14,12,10,13,12,12,12,14,10,11,10,11,12,13,10,12,13,10,13,10,14,10,12,13,14,12,12,10,11,11,11,10,13,11,11,13,14,10,10,13,10,12,11,14,10,14,14,10,11,13
11,10,14,13,14,14,14,11,14,14,10,12,12,13,10,14,13,10,11,12,13,12,14,14,14,11,14,13,12,14,13,11,13,12,10,11,10,14,11,11,14,0,12,11,11,13,13,14,13,13,10,11,13,14,14,10,13,10,14,14,12,10,10,13,14,11,13,13,10,12,13,14,13,14,10,13,10,11,13,11,10,12,11,14,12,13,14,12,14,12,11,11,10,10,13,11,13,13,11,10
10,10,14,10,10,11,13,14,13,11,10,12,12,13,13,10,13,10,11,11,11,10,14,12,11,12,13,13,11,13,14,11,14,12,11,10,12,11,14,11,14,10,0,13,12,12,14,14,12,11,12,13,12,12,10,13,14,11,12,14,13,12,14,12,10,11,13,13,14,11,13,13,12,11,10,11,11,11,11,10,11,12,10,11,14,10,12,13,13,13,12,14,10,11,11,13,10,12,12,10
13,10,14,11,13,13,10,10,12,13,11,12,14,11,12,10,11,12,12,10,14,14,14,11,14,14,13,10,10,11,11,14,13,10,11,11,13,14,13,10,14,11,11,0,14,11,14,14,13,14,10,11,12,14,12,11,14,11,12,11,13,10,14,10,11,12,12,14,14,10,11,11,11,13,11,10,12,13,14,14,10,14,14,11,14,14,13,14,11,13,12,14,10,13,14,10,10,11,10,12
14,14,10,13,13,13,14,13,13,11,13,11,11,13,11,14,10,13,10,11,13,13,12,10,13,11,11,13,14,11,14,11,12,11,10,10,14,11,12,11,14,10,11,14,0,10,11,12,12,11,10,10,12,10,13,14,10,12,14,10,12,12,11,14,11,11,12,13,14,13,10,14,13,10,14,11,12,11,12,10,12,13,13,11,13,10,12,10,14,12,14,13,10,11,10,13,13,11,14,13
12,12,12,14,11,11,11,12,11,11,11,13,14,14,12,13,13,14,11,10,14,12,14,11,13,12,14,11,10,10,13,11,12,14,12,14,10,14,10,11,13,10,13,12,11,0,10,13,10,13,12,14,14,14,13,14,10,13,10,10,13,12,10,12,11,13,14,11,10,11,13,12,14,13,14,12,13,13,12,10,13,13,13,12,12,10,14,11,13,10,12,10,14,13,11,14,13,13,12,13
12,14,13,14,10,14,14,10,10,11,10,12,11,10,12,10,14,12,14,10,14,12,12,10,14,13,12,11,12,14,13,10,10,13,12,13,14,14,12,13,10,13,11,12,14,10,0,14,14,10,11,10,11,13,12,13,10,11,13,10,12,11,13,13,10,13,14,11,13,13,13,10,14,14,10,14,10,11,10,10,13,13,13,10,10,14,12,11,13,14,12,12,11,14,10,11,12,10,10,14
10,13,11,10,11,11,10,11,13,13,13,14,11,13,11,13,13,13,12,10,11,12,13,13,10,11,13,10,13,14,12,14,10,11,10,14,12,12,13,14,14,10,13,14,11,13,11,0,13,12,12,13,13,12,14,13,12,10,12,14,10,12,14,12,13,11,13,13,14,12,11,10,10,14,13,11,10,13,13,12,12,14,10,13,11,11,13,11,10,13,12,14,10,13,12,11,14,13,14,13
12,14,11,10,11,12,12,13,14,13,12,13,12,10,11,10,11,11,11,12,13,11,13,11,10,12,14,12,12,11,11,12,13,14,14,13,13,10,11,13,13,14,12,12,10,13,11,10,0,11,11,10,13,11,12,10,11,11,14,14,13,12,10,11,12,11,10,14,12,10,13,12,11,14,12,13,13,13,10,11,11,10,14,11,10,11,13,10,11,14,13,11,13,10,13,10,13,12,10,11
10,13,14,14,12,14,14,13,14,13,11,12,11,13,13,13,13,13,11,10,12,14,13,13,12,11,13,10,11,11,10,11,13,13,11,12,10,14,13,11,12,10,11,13,12,11,10,10,12,0,14,12,10,11,14,14,10,10,11,12,10,10,13,12,12,13,10,13,12,12,10,12,13,14,10,13,12,13,10,11,10,10,13,12,11,14,10,10,14,14,10,12,14,12,13,10,13,12,13,14
11,12,13,12,12,12,13,10,10,10,12,11,10,10,11,14,11,10,10,13,13,10,14,12,11,13,12,11,11,14,14,14,14,10,14,13,12,10,10,14,10,14,14,13,12,13,12,14,10,13,0,13,12,12,10,11,11,13,11,11,13,14,12,13,11,10,12,12,14,10,13,12,11,14,11,13,13,10,10,10,12,10,12,10,13,10,12,11,14,14,12,10,10,14,11,14,12,10,13,13
14,11,12,13,12,10,12,13,10,11,12,10,13,11,13,13,11,12,10,10,13,10,12,10,12,13,12,11,12,12,10,12,12,11,10,11,13,14,12,12,13,14,10,12,11,12,11,14,10,13,12,0,10,10,13,14,13,14,12,10,14,13,11,10,13,10,10,13,11,10,12,10,12,14,12,12,14,14,14,13,10,11,12,10,14,14,10,12,14,12,11,12,10,13,13,14,11,13,12,11
11,14,10,14,13,13,14,10,12,11,10,13,14,14,10,13,11,10,11,14,10,12,13,14,13,10,14,14,10,13,10,10,12,12,12,10,10,12,12,10,10,14,10,13,11,12,12,11,12,10,13,11,0,12,12,11,13,10,11,10,13,14,14,14,14,10,10,11,11,11,14,12,13,13,10,14,10,12,10,12,11,12,13,12,10,14,14,12,10,11,13,10,14,12,13,11,10,14,10,12
11,11,11,14,12,12,10,12,11,13,11,10,10,13,14,10,10,12,14,14,11,12,10,10,12,14,12,10,14,14,13,10,11,13,11,14,11,13,14,13,14,11,10,11,10,13,10,11,13,13,10,13,10,0,11,10,14,10,11,11,13,10,14,13,11,10,10,13,11,11,14,14,11,13,10,10,10,11,14,10,14,14,10,11,11,14,10,10,10,12,12,14,10,12,11,12,14,12,13,11
14,14,13,14,14,13,13,10,14,11,10,12,11,10,12,13,14,12,12,12,14,14,13,14,14,10,14,14,11,13,10,13,12,13,10,14,11,11,12,12,10,10,10,14,12,14,13,14,14,12,13,11,10,11,0,11,10,11,13,10,14,14,14,13,11,10,12,14,12,10,12,12,13,10,10,12,14,14,14,12,14,11,10,14,14,14,13,12,11,11,10,13,12,11,13,12,10,12,14,13
10,14,10,13,12,10,10,11,10,14,12,10,12,11,10,12,14,10,13,11,11,14,13,11,10,13,14,12,11,12,11,12,14,10,11,14,11,11,11,14,14,12,12,12,14,14,11,11,10,10,13,10,13,12,12,0,11,11,14,13,13,10,12,14,12,13,10,11,11,14,10,11,12,13,14,12,14,11,11,11,11,12,13,11,11,13,10,13,12,13,10,13,11,13,12,14,11,12,14,14
14,13,14,11,10,14,11,12,14,10,12,14,10,12,12,11,12,11,13,14,12,11,13,13,13,11,14,13,10,10,10,11,11,11,12,12,12,11,10,11,12,12,14,11,10,11,12,14,11,11,11,10,14,10,11,13,0,14,11,13,13,10,12,12,13,10,11,12,13,10,14,14,11,10,12,11,10,11,12,12,12,14,10,12,14,13,14,12,11,10,14,13,10,12,11,11,10,10,11,11
14,14,13,13,12,11,10,14,12,13,11,11,12,13,11,14,14,10,13,10,10,13,11,13,11,10,13,13,13,10,11,14,10,10,13,12,10,11,14,12,13,10,10,12,14,12,11,12,11,12,11,10,12,10,11,10,13,0,10,12,12,12,12,10,11,12,11,11,11,14,13,14,13,10,10,12,14,12,13,14,13,14,10,11,11,14,11,12,14,14,12,14,10,14,12,14,10,14,14,10
12,11,14,12,13,13,13,14,11,13,11,13,14,10,13,13,12,10,14,12,10,13,11,12,12,13,14,14,12,10,11,10,13,13,11,12,14,12,13,13,11,11,10,10,13,14,10,14,10,14,12,14,10,11,14,14,14,12,0,10,14,14,13,11,11,12,11,14,11,14,11,13,14,12,11,11,13,12,11,13,12,13,14,14,13,12,11,14,11,14,12,12,11,12,13,13,12,10,14,13
12,10,14,14,13,10,13,12,14,10,10,11,13,13,13,11,14,14,13,13,10,11,12,12,12,14,12,12,14,12,14,13,13,13,11,12,14,10,10,12,14,14,14,11,13,10,13,12,13,11,14,12,11,11,12,10,12,12,12,0,13,13,11,12,12,11,11,13,10,11,10,12,14,14,11,13,11,12,11,13,11,11,14,13,12,12,11,12,12,10,11,14,11,12,11,14,13,12,12,14
12,12,12,10,13,14,10,13,14,12,11,13,11,13,10,12,13,13,10,14,10,13,11,10,10,11,10,11,12,12,10,13,14,11,11,14,14,13,10,13,12,13,12,14,14,13,13,13,12,14,10,10,11,12,14,13,10,12,10,11,0,13,13,10,12,11,12,13,10,12,10,12,10,12,11,12,11,11,11,10,11,13,12,14,12,12,10,11,11,11,12,14,12,12,13,10,13,12,10,13
12,10,12,10,11,11,10,12,10,10,12,12,14,11,14,13,10,14,13,10,11,10,11,14,14,11,10,12,14,11,13,14,10,13,13,11,10,12,12,11,12,13,11,11,13,10,14,10,13,14,14,14,14,14,11,11,13,12,10,10,10,0,12,12,14,12,13,11,11,13,13,12,13,11,12,13,13,13,10,11,13,12,10,14,10,11,13,10,10,11,11,12,12,11,12,10,14,10,11,13
14,14,13,11,10,11,11,12,12,11,13,13,13,11,12,12,10,13,12,13,13,12,10,14,11,10,10,12,14,11,13,12,11,11,11,14,13,13,13,13,10,11,13,14,13,13,13,11,13,14,14,10,13,13,14,12,13,14,10,14,11,13,0,13,10,12,11,11,11,10,12,14,12,14,13,12,12,13,11,11,13,11,13,13,14,12,12,13,12,12,13,11,14,13,14,11,11,12,13,11
12,12,12,11,11,10,12,11,14,11,11,13,11,12,11,12,12,10,13,12,10,12,13,14,11,11,14,13,10,11,11,14,10,10,13,11,14,12,11,14,14,11,14,11,10,10,14,11,11,12,14,10,14,11,10,14,14,12,10,10,10,13,11,0,12,14,11,13,11,14,10,12,10,13,13,12,13,13,11,14,10,12,12,11,12,12,10,10,14,14,14,12,12,12,11,13,11,10,11,11
13,11,13,12,11,14,14,12,10,13,12,11,12,13,14,12,12,11,13,10,14,11,14,11,14,13,14,13,11,10,11,13,12,14,10,14,13,10,10,13,13,13,14,10,12,13,14,14,12,13,10,14,12,11,12,11,12,11,13,12,14,11,10,10,0,11,14,14,12,12,10,14,12,11,10,11,10,11,13,14,11,13,10,10,12,14,12,11,10,11,14,12,12,12,12,13,12,12,14,13
13,14,11,11,12,14,13,12,11,14,12,14,13,12,11,14,14,10,12,10,14,12,13,10,13,12,12,10,13,11,14,12,12,14,11,12,11,13,12,13,11,14,14,11,14,14,14,14,10,13,14,11,10,13,14,10,11,10,13,10,12,12,14,10,10,0,14,12,13,11,13,12,10,13,14,14,10,13,11,11,14,13,12,10,10,12,12,12,14,10,10,11,11,10,12,10,14,10,14,11
10,11,10,13,11,11,14,13,11,13,14,11,14,14,14,11,10,12,13,12,12,11,13,12,10,12,11,10,11,13,10,10,14,10,10,12,12,13,13,14,13,14,11,10,11,14,12,11,10,10,10,11,11,11,13,13,13,12,13,14,14,13,11,12,13,14,0,11,13,14,12,13,11,13,14,14,13,10,13,11,10,10,14,14,10,13,13,13,13,12,11,13,10,10,13,14,14,12,13,11
12,12,13,12,13,12,13,12,11,11,10,13,10,11,12,14,10,13,10,13,14,10,13,11,12,13,13,11,14,10,10,10,11,11,14,13,12,12,11,13,10,10,12,12,12,13,13,13,13,14,14,10,12,10,11,11,14,11,14,14,13,12,13,11,11,14,11,0,14,12,13,11,12,11,12,13,14,12,11,14,13,10,14,12,10,11,14,13,11,14,12,14,10,12,12,14,13,12,11,10
12,12,14,11,14,12,11,13,14,12,12,13,12,11,10,14,14,14,12,14,11,11,14,14,10,14,11,10,14,12,10,11,11,10,12,11,10,13,13,12,14,10,13,14,11,13,11,13,11,13,10,13,14,11,13,10,12,14,11,14,11,11,14,12,12,11,12,12,0,14,14,13,11,11,10,14,11,13,10,13,11,13,12,13,11,12,11,11,10,11,11,14,11,11,13,10,13,11,11,11
10,11,14,14,12,14,14,12,14,11,12,12,11,11,14,11,14,12,13,14,10,14,11,10,13,10,11,14,12,14,11,10,11,13,12,10,13,12,11,11,13,13,12,13,14,13,12,14,11,11,11,11,12,11,11,11,14,14,11,12,13,14,14,14,10,11,10,12,14,0,13,12,11,11,12,11,11,11,13,10,14,12,11,12,10,13,14,12,10,12,10,11,14,11,14,13,13,14,13,13
12,13,14,10,12,14,10,10,10,14,14,10,11,13,12,14,11,11,13,11,10,14,10,10,13,12,12,14,11,13,13,12,13,14,12,10,12,11,14,11,13,14,11,10,13,10,10,11,14,14,11,11,10,11,13,13,12,14,12,10,11,10,13,11,11,11,11,11,10,11,0,12,10,12,12,13,11,12,10,11,12,11,11,10,12,12,11,12,11,11,14,13,12,13,14,10,12,10,10,14
11,14,13,11,12,12,11,14,13,13,12,10,12,12,10,14,14,10,11,14,14,14,14,10,10,12,14,11,12,11,10,10,12,11,10,13,12,10,12,10,10,12,14,13,13,13,11,10,13,10,11,12,14,10,14,12,14,13,10,14,13,14,11,11,12,12,13,11,12,11,11,0,14,12,11,13,12,14,11,11,12,11,14,13,12,10,13,10,11,11,12,14,14,14,12,11,10,10,12,11
11,10,10,12,11,13,11,14,13,11,12,13,12,11,13,13,14,11,13,11,13,11,11,14,10,12,11,14,10,14,13,11,12,10,10,12,11,11,12,13,13,13,11,10,14,14,11,13,11,14,12,14,11,11,12,10,13,10,12,14,12,11,14,14,13,11,11,11,11,10,11,12,0,14,10,12,14,14,11,10,10,10,13,12,10,11,13,14,10,13,14,13,10,14,12,11,11,14,12,12
12,13,10,12,10,12,10,10,11,13,12,10,12,10,11,13,13,14,13,12,14,12,10,13,11,12,10,13,11,13,10,10,12,13,12,12,10,11,12,12,11,13,12,12,11,14,11,10,13,14,13,12,10,14,12,10,13,11,10,13,12,12,13,13,12,11,12,13,12,13,13,12,11,0,11,11,11,14,12,12,11,10,10,14,12,10,13,10,13,11,12,14,13,10,13,10,14,14,13,14
14,11,13,12,14,10,10,10,14,12,11,10,10,14,13,12,11,12,11,13,14,11,14,12,10,14,14,11,13,10,12,11,11,13,13,10,12,13,10,11,14,12,10,10,14,11,14,14,11,10,14,11,12,10,10,12,12,10,11,10,11,14,12,13,10,14,14,11,10,13,10,13,11,10,0,13,11,10,13,12,14,14,14,14,12,11,10,13,11,12,10,12,11,11,10,14,10,14,12,10
14,12,12,13,12,10,10,10,11,11,13,11,13,13,12,10,11,14,10,12,14,10,12,14,10,10,13,11,11,11,13,12,13,13,12,11,12,10,12,11,11,10,12,14,13,13,14,13,14,14,12,11,14,10,11,13,14,12,13,11,12,13,13,10,13,11,13,10,11,11,12,11,12,14,11,0,14,13,13,10,11,11,14,12,11,13,11,13,13,12,13,11,14,12,10,13,12,11,11,11
12,10,14,12,12,12,11,14,14,14,11,10,11,12,12,10,12,10,11,11,11,13,10,13,12,14,12,14,11,10,13,12,12,11,13,10,12,12,14,14,12,12,13,14,10,13,10,12,14,14,10,11,14,14,10,14,10,11,14,13,14,12,12,14,10,14,12,14,14,11,13,10,10,12,14,14,0,14,10,12,13,14,10,14,12,14,11,12,12,11,13,10,10,12,11,10,10,14,13,13
10,10,10,13,13,11,10,11,12,10,11,14,14,13,10,14,13,12,10,14,13,11,10,13,10,11,12,12,14,12,14,14,11,12,11,13,13,12,10,10,14,10,10,12,10,14,10,12,11,11,11,12,14,14,14,14,10,12,12,12,14,12,11,10,11,11,13,11,11,12,10,11,12,14,10,13,11,0,13,12,10,10,14,10,12,11,11,14,11,13,12,13,11,14,13,11,11,13,10,10
13,11,13,10,14,10,14,10,14,13,11,13,11,14,12,11,14,12,14,13,14,12,11,13,14,14,14,11,14,13,14,14,10,12,14,13,11,14,11,11,11,11,10,13,12,14,11,12,12,11,12,13,14,11,10,11,10,14,11,10,11,12,10,11,13,11,12,13,10,13,14,10,10,12,12,13,11,12,0,11,14,12,12,14,12,11,10,14,14,11,12,13,12,12,11,10,13,10,13,14
10,12,12,11,13,11,12,12,12,13,12,14,12,13,12,12,14,13,13,10,13,11,12,11,13,14,12,12,14,11,14,12,13,12,11,12,14,10,10,11,14,12,12,10,14,12,10,13,10,13,10,14,12,13,11,13,14,10,13,14,13,14,13,10,14,10,11,14,11,14,12,14,12,11,11,10,14,11,12,0,10,13,13,12,11,10,14,10,14,11,12,12,14,11,11,12,14,14,11,11
14,11,11,12,10,11,11,12,10,11,11,14,12,13,13,10,14,11,11,14,14,14,11,13,14,12,13,12,11,14,11,10,12,10,13,14,12,11,12,10,13,12,14,12,10,13,10,11,13,11,12,13,13,11,11,14,14,12,12,13,12,14,11,11,10,10,11,12,14,13,12,13,14,11,10,12,10,13,13,11,0,11,12,14,10,11,13,12,10,13,14,14,10,14,14,12,14,11,13,12
14,11,12,11,14,13,14,14,11,11,14,14,11,14,11,11,14,10,10,14,12,13,10,13,14,14,12,13,14,14,11,11,11,11,14,14,14,10,14,11,12,14,11,14,13,10,13,10,13,13,12,14,10,14,10,10,11,14,12,14,10,10,14,11,14,13,12,10,10,11,12,14,10,14,12,13,12,10,14,14,10,0,11,10,11,11,11,10,12,10,13,12,14,13,14,10,11,10,14,14
10,12,13,10,11,10,13,13,11,12,12,12,11,14,12,14,14,14,12,10,13,12,10,14,11,13,12,10,10,13,10,12,13,10,14,11,12,11,14,11,13,12,14,14,13,10,11,10,11,10,11,11,13,14,11,13,12,14,14,12,13,13,13,13,11,14,14,10,10,11,11,12,10,10,11,10,12,10,10,10,11,11,0,14,14,11,13,14,13,13,10,14,12,12,11,12,10,14,11,13
14,10,11,10,14,14,13,11,12,12,11,11,11,14,13,10,12,13,13,11,12,14,11,11,14,11,13,10,13,13,11,10,11,12,10,14,10,11,14,10,12,12,12,11,11,14,13,13,13,11,10,11,10,10,10,10,14,14,10,12,10,13,13,13,11,11,14,14,13,13,10,10,13,13,13,10,11,14,14,10,13,14,11,0,12,12,14,14,11,11,10,14,10,10,11,10,14,13,13,10
10,14,13,10,10,10,14,12,12,11,10,13,10,14,10,14,10,11,10,11,11,11,13,12,12,13,14,10,12,12,14,11,13,14,13,11,14,13,11,11,13,11,12,14,11,12,14,10,10,12,14,13,13,12,13,14,10,11,13,11,11,13,10,14,12,13,10,10,11,14,14,11,10,14,13,14,13,14,11,10,13,13,10,14,0,13,11,13,10,10,14,10,13,10,14,14,14,11,12,12
13,12,13,14,10,13,13,12,13,14,14,10,11,14,12,13,13,13,11,11,10,14,14,10,11,13,10,10,10,14,13,13,11,11,13,13,14,13,14,11,14,13,14,10,11,13,14,13,12,11,11,10,10,10,11,13,12,13,12,12,12,12,11,14,10,11,14,14,11,14,13,14,13,14,11,12,10,13,13,13,14,12,13,14,12,0,13,13,10,10,10,11,11,10,12,13,12,11,10,10
10,14,10,12,12,13,11,11,10,14,14,12,13,14,14,13,10,14,12,11,12,12,13,14,11,13,12,14,11,10,13,10,10,13,13,14,13,14,10,11,10,11,12,11,11,12,12,11,11,13,13,13,14,13,12,12,10,10,10,14,10,12,10,14,10,13,12,14,11,10,14,10,13,10,10,10,10,11,13,13,11,10,13,12,12,10,0,11,11,10,11,13,13,14,10,10,13,11,12,11
12,10,12,10,10,14,13,14,14,13,11,11,13,12,12,13,10,14,12,12,10,12,10,14,14,11,11,11,12,14,12,14,12,10,10,12,13,10,12,13,13,10,11,13,13,14,14,10,11,12,10,13,13,14,11,10,10,13,10,14,13,12,12,14,10,12,14,13,11,14,14,14,12,14,14,14,10,11,10,10,11,10,14,10,14,14,11,0,12,14,10,12,10,10,13,14,11,13,11,13
11,10,11,13,12,12,10,10,13,10,11,14,13,12,14,12,12,12,11,10,11,10,11,14,11,12,14,14,14,14,12,11,14,13,14,10,10,11,12,12,13,13,13,12,12,10,13,12,10,11,11,14,11,10,11,11,13,12,12,10,13,10,11,13,13,14,10,10,12,14,12,11,10,14,12,13,12,14,11,10,13,11,14,13,13,13,10,13,0,11,13,11,12,14,12,14,12,11,14,13
12,10,13,14,10,13,10,14,12,13,12,13,14,10,11,11,11,11,13,10,14,14,12,13,14,12,14,11,12,14,14,12,12,10,14,10,10,11,13,14,12,14,13,14,14,14,12,11,12,10,13,11,12,13,14,12,12,14,10,12,14,14,11,12,13,10,10,13,11,11,11,14,12,14,13,10,11,13,14,14,10,13,14,12,11,13,14,13,11,0,11,12,10,11,11,10,13,13,11,10
13,13,13,14,11,14,13,13,13,10,13,11,14,10,10,11,11,14,14,10,10,11,11,12,10,13,10,12,11,14,10,12,10,12,10,11,12,13,13,12,12,14,11,13,12,10,12,10,10,14,13,13,13,10,10,12,11,10,14,12,13,11,12,13,14,11,10,12,14,14,14,13,11,11,12,10,10,13,14,10,10,10,12,12,10,12,13,14,11,13,0,14,11,13,10,14,11,12,12,13
11,14,10,11,11,14,10,11,12,13,10,12,13,11,14,11,13,14,14,13,12,13,11,10,10,14,12,14,11,12,10,12,12,14,13,11,10,13,10,12,14,11,11,11,11,11,11,10,14,13,10,12,13,13,11,13,12,14,10,11,12,11,14,10,12,13,14,13,12,13,11,14,13,12,13,11,11,14,14,14,13,11,10,12,11,13,14,14,13,10,13,0,11,13,13,10,13,11,10,14
12,11,12,13,10,12,10,13,10,14,14,11,12,14,10,13,11,10,12,13,13,13,10,14,12,10,14,11,10,12,10,10,10,10,11,12,10,13,14,14,10,14,13,14,14,13,10,11,12,14,14,12,13,12,10,13,11,13,10,10,12,14,13,13,14,14,10,11,12,12,13,12,11,13,12,14,10,11,10,14,14,13,13,10,13,13,12,13,10,13,11,11,0,13,14,11,11,10,14,14
14,13,13,13,10,10,11,10,10,14,10,13,10,12,11,10,14,11,13,10,10,12,12,11,14,11,11,14,12,11,11,13,10,11,10,11,11,14,13,14,11,12,11,14,10,14,10,14,12,13,12,10,12,14,13,12,11,12,14,13,13,12,13,13,12,12,12,14,11,14,14,10,12,13,13,13,10,12,10,14,10,12,12,14,14,11,10,11,12,13,10,13,10,0,14,11,14,13,12,11
13,12,11,13,12,13,12,12,14,10,10,12,13,11,14,12,11,10,14,14,10,11,10,12,13,14,10,14,12,11,14,14,12,11,12,12,14,13,14,10,12,14,11,11,11,10,11,12,10,11,14,14,14,13,10,12,11,14,10,12,12,12,14,12,10,10,14,11,14,12,13,12,10,13,12,11,14,13,10,12,12,13,14,11,12,14,10,14,10,10,10,14,13,12,0,13,10,10,13,10
11,11,10,12,13,13,11,14,10,10,14,12,12,14,13,14,13,13,13,10,10,14,14,11,13,11,13,14,12,10,12,10,11,13,14,10,12,10,10,13,10,10,10,14,10,13,12,10,10,13,14,11,11,12,14,11,11,13,14,12,14,12,11,10,13,13,10,14,14,12,11,12,12,10,10,10,14,10,10,10,13,13,14,14,10,10,14,13,13,12,14,13,11,13,13,0,12,13,14,10
11,12,12,10,12,11,12,14,11,12,14,11,11,13,14,13,10,12,12,14,13,14,12,11,12,13,12,11,14,11,12,11,10,14,13,12,10,12,11,12,13,10,13,11,13,11,12,10,11,14,12,14,11,10,12,12,10,11,13,14,13,10,14,14,14,13,11,11,14,11,12,13,11,14,11,12,11,11,12,10,10,12,14,14,13,12,14,14,11,11,12,14,13,11,13,12,0,11,13,11
10,10,11,10,10,11,14,13,11,13,10,10,14,14,13,14,11,11,10,11,11,13,11,14,12,14,13,10,14,11,14,11,13,14,11,10,13,11,14,12,14,14,13,11,11,11,13,14,10,12,12,10,10,11,10,12,13,11,13,10,13,13,13,10,14,14,12,14,12,12,11,14,12,12,12,12,14,10,13,11,11,13,14,12,13,13,10,11,14,13,11,11,13,13,14,10,10,0,13,11
12,13,13,12,12,10,13,13,13,14,12,13,13,13,11,14,14,14,11,11,11,13,10,10,13,10,14,11,13,12,11,11,11,13,10,13,12,11,11,11,10,10,11,11,11,10,13,13,12,14,14,11,14,11,10,13,12,13,13,12,11,12,14,10,12,11,11,10,12,13,11,13,12,14,11,11,12,13,13,13,12,10,14,14,13,10,12,14,13,12,10,13,13,14,14,13,10,11,0,14
10,13,12,10,13,12,11,14,14,14,14,11,13,10,10,10,10,13,10,12,12,13,11,12,10,13,12,14,12,10,13,10,10,14,13,14,14,10,10,11,11,11,13,10,14,11,11,13,13,14,13,10,10,14,11,11,12,10,10,10,10,11,11,14,11,13,10,14,12,10,11,10,12,13,10,10,10,11,13,13,12,14,11,13,11,13,10,11,13,11,12,13,10,10,11,10,14,14,13,0
