R=100
Pi=(23,22,22,26,24,29,21,29,25,21,29,23,20,20,24,21,29,20,28,22,24,20,28,27,21,27,22,27,29,21,20,27,23,21,23,29,21,27,21,27,23,21,29,28,25,21,20,25,26,28,29,29,22,25,21,22,24,24,24,27,26,23,20,24,20,22,20,29,26,25,29,21,28,20,29,23,20,29,22,29,27,26,21,20,21,20,25,28,29,21,25,26,23,24,21,29,20,24,27,23)
A=
1,2,24
2,3,26
5,6,0
6,7,27
8,9,0
9,11,27
12,13,34
13,14,0
18,20,20
21,22,0
22,23,0
23,24,34
24,27,28
28,29,0
29,30,0
31,32,34
34,35,0
35,36,35
36,37,0
38,39,20
39,40,0
40,41,0
41,42,0
42,44,0
45,46,0
46,47,33
48,49,0
49,50,21
56,57,34
59,60,20
60,61,0
61,62,0
63,64,23
69,71,0
71,73,0
72,74,0
73,75,21
74,76,27
76,78,32
77,79,37
78,80,38
80,82,0
82,84,32
83,85,27
84,86,0
89,91,0
90,92,22
93,95,0
95,97,0
98,100,34
Sij=
0,6,9,6,6,5,9,5,9,5,8,6,8,5,9,7,9,7,9,6,5,6,6,7,7,8,5,8,9,9,7,5,6,8,9,7,8,6,9,5,5,7,8,8,8,9,7,8,7,6,8,5,5,9,7,7,5,7,9,7,9,6,6,5,7,7,9,9,5,7,8,7,7,9,5,7,7,8,8,8,6,7,5,7,5,7,9,6,5,6,7,6,7,7,5,9,5,8,5,6
9,0,7,7,5,8,6,7,6,8,9,9,6,9,6,5,7,5,9,9,5,7,8,8,8,5,6,5,5,9,6,6,9,7,6,8,9,9,5,8,9,9,8,8,6,7,5,7,6,6,7,8,6,9,5,8,6,8,8,9,7,5,7,7,7,7,5,8,7,7,5,7,9,5,9,5,9,9,7,6,9,9,9,8,6,7,5,5,7,8,6,6,5,5,6,9,7,6,6,9
7,7,0,5,8,5,9,9,5,9,5,9,7,6,7,9,7,6,8,5,9,7,9,6,8,6,9,6,8,9,5,8,7,8,7,9,7,9,6,7,6,8,9,5,7,9,9,5,8,5,8,7,8,6,6,7,7,5,6,6,6,8,5,6,9,6,6,8,8,7,7,8,5,5,8,5,7,8,9,9,6,9,7,8,5,7,5,6,6,5,6,7,7,9,6,8,8,7,6,5
7,6,7,0,6,8,5,7,7,7,6,9,9,6,6,5,7,5,6,6,7,6,5,7,7,6,5,6,6,9,5,7,5,6,9,7,5,7,6,9,5,9,8,8,5,6,7,5,5,8,9,8,6,6,9,9,6,8,9,5,8,9,6,7,6,9,8,7,7,9,9,9,8,7,5,7,8,6,7,5,8,9,5,7,9,6,5,9,7,9,6,6,7,6,6,6,8,5,7,5
7,9,8,6,0,9,9,5,9,5,7,6,9,6,9,6,8,8,9,7,5,8,9,9,7,8,8,7,6,5,9,9,7,9,6,8,8,5,8,8,5,6,5,8,5,8,6,9,7,5,7,7,8,7,6,6,8,5,6,8,6,6,8,8,5,7,8,9,5,6,7,8,5,6,7,8,7,5,9,8,6,8,5,5,8,6,5,5,7,9,9,8,9,5,6,8,7,7,8,7
5,7,9,6,8,0,8,7,7,9,8,8,7,5,7,6,7,6,8,5,8,7,8,6,6,6,8,9,5,9,8,6,5,7,6,8,9,9,8,7,9,9,7,5,9,5,7,7,6,8,9,7,9,7,9,5,6,5,7,5,5,9,6,8,6,7,8,9,9,9,6,8,7,5,5,8,9,8,7,5,8,5,8,6,5,6,6,8,8,6,6,9,6,8,7,9,8,9,9,7
7,7,8,7,6,5,0,9,8,6,5,5,8,8,7,6,9,6,5,7,9,5,9,6,8,7,7,7,8,8,6,5,5,8,5,8,5,7,6,9,9,6,8,7,7,6,8,6,9,7,7,8,7,6,9,6,7,6,5,9,9,8,5,9,5,9,9,9,7,8,5,7,5,5,8,7,7,7,8,6,9,6,8,6,6,7,7,8,9,8,5,9,7,6,5,6,5,8,7,8
6,8,8,5,6,9,8,0,7,8,6,9,5,8,8,5,8,9,9,8,7,6,5,5,9,7,6,5,8,5,6,6,8,9,5,5,5,7,7,5,6,9,5,5,7,9,5,5,8,5,6,6,6,5,9,6,5,8,9,7,9,9,9,6,6,9,5,5,7,8,5,5,6,8,6,8,5,5,7,9,7,5,6,8,9,9,5,7,9,8,9,7,8,5,5,7,9,9,8,7
9,9,8,5,5,5,9,8,0,9,6,5,9,5,9,9,8,7,6,7,7,9,7,6,8,8,7,7,6,7,9,8,6,7,5,5,8,7,6,7,8,9,6,8,8,8,9,7,8,5,7,9,8,7,6,7,6,8,9,6,7,8,8,5,5,7,8,7,9,9,6,6,6,8,9,7,7,9,7,5,9,5,8,6,5,9,5,9,6,7,8,9,8,9,9,9,6,6,8,5
9,7,7,8,8,6,8,9,8,0,8,9,6,5,9,7,7,5,6,9,5,7,9,6,7,5,7,7,6,8,9,5,6,6,7,5,6,7,9,7,9,6,5,6,7,7,7,8,9,6,6,9,9,7,7,7,5,5,5,8,6,8,6,5,8,8,8,9,8,8,5,5,5,9,5,9,6,8,9,9,8,8,8,5,7,5,6,9,9,9,5,6,6,6,6,6,9,9,7,9
8,8,5,5,5,6,8,5,6,8,0,6,6,6,5,5,8,9,6,8,8,6,9,5,9,7,9,9,8,7,9,9,6,5,5,6,5,7,7,9,5,6,5,7,5,8,8,9,5,6,8,6,8,6,9,7,9,7,6,7,6,7,9,7,7,8,9,6,6,9,9,5,7,6,7,6,6,7,9,6,9,9,8,7,9,7,5,5,5,8,7,7,6,9,8,8,6,8,9,6
8,6,8,6,6,7,8,6,8,8,5,0,6,8,5,8,6,8,7,7,5,7,8,5,8,7,7,9,7,8,8,9,7,8,7,7,7,5,7,6,6,9,9,7,7,7,5,9,6,6,7,5,9,5,9,9,5,6,5,8,8,8,6,8,9,8,7,8,5,8,5,5,6,6,6,5,8,6,8,5,7,8,7,6,6,8,5,7,9,8,7,6,5,8,7,8,8,5,7,9
9,7,8,8,5,6,8,8,9,8,5,9,0,7,9,6,5,5,9,7,5,7,5,9,7,5,9,5,8,9,8,7,8,8,9,6,9,9,9,5,9,5,7,8,5,8,7,8,5,7,6,7,8,7,7,6,8,8,6,7,6,5,9,9,6,5,6,5,8,8,6,6,5,9,8,5,5,7,8,8,8,5,5,5,7,5,9,6,6,7,7,6,8,7,9,8,5,8,7,9
7,7,9,6,6,5,6,9,9,7,5,6,9,0,7,9,5,5,9,6,5,6,9,9,5,5,9,8,8,9,9,9,7,9,8,6,6,5,8,9,7,9,9,7,8,7,5,7,5,8,9,8,6,7,6,8,7,7,9,5,7,6,8,9,5,7,8,6,6,6,8,9,6,9,8,6,7,7,5,8,5,7,7,9,5,5,8,5,8,5,8,8,6,7,7,6,5,9,6,6
9,8,5,8,5,9,6,6,8,5,5,9,6,6,0,5,9,8,8,9,9,9,7,8,5,7,9,8,8,7,7,5,7,6,9,8,6,6,8,8,5,8,6,6,7,9,9,7,5,7,7,7,6,5,7,6,6,5,5,6,6,6,7,8,6,9,8,8,6,7,9,8,9,5,8,5,8,5,5,5,7,6,7,6,5,5,8,7,9,8,7,5,6,7,7,9,6,7,5,7
6,5,6,8,8,8,7,6,6,6,8,5,9,9,8,0,5,8,6,8,6,6,5,9,8,9,8,7,7,7,9,9,5,5,7,9,7,5,9,8,6,7,6,6,7,9,6,6,6,8,7,5,9,8,9,6,5,6,7,8,9,6,9,8,6,6,7,5,6,9,6,5,9,8,7,8,9,9,6,8,8,7,5,8,5,9,9,7,6,6,9,5,7,5,8,5,8,7,9,5
6,6,9,7,7,6,5,6,6,5,6,5,9,8,5,7,0,5,5,7,7,6,5,8,5,5,5,7,8,9,7,9,6,5,5,7,7,7,8,6,8,9,8,5,5,9,8,6,8,5,6,9,7,9,7,9,6,7,9,6,6,9,6,7,8,5,9,5,8,6,7,5,6,9,8,8,8,9,8,5,6,9,8,7,8,7,7,6,7,6,5,9,7,7,9,9,7,6,7,9
9,8,7,7,7,5,7,8,6,9,5,6,8,8,9,7,5,0,8,8,6,8,8,7,6,5,7,7,9,9,9,5,6,7,8,6,8,7,6,9,7,9,9,5,8,5,9,6,9,7,7,8,8,7,6,5,6,5,5,6,5,8,8,8,6,8,9,8,9,7,6,5,8,8,6,6,9,7,9,6,6,6,7,7,6,5,7,8,6,8,9,8,6,5,9,8,6,5,9,9
6,6,6,6,6,7,9,9,6,9,6,9,6,9,5,8,5,5,0,7,5,6,5,6,6,7,7,8,8,8,7,9,9,8,9,9,9,5,5,6,9,5,7,7,6,6,5,6,7,5,6,8,6,8,8,7,6,9,9,9,8,8,6,5,9,5,7,6,6,5,5,7,9,9,8,5,8,7,9,5,7,6,6,8,7,8,8,5,9,7,7,5,5,6,8,5,9,6,7,6
9,9,5,6,9,8,8,6,5,8,9,8,9,9,6,7,7,8,8,0,5,7,6,6,9,7,5,7,7,6,7,6,7,5,8,5,8,5,9,8,8,5,6,5,6,7,8,5,6,5,5,7,5,8,7,8,7,7,6,8,9,6,5,5,7,6,7,8,6,8,8,6,7,5,5,5,5,5,9,6,9,9,5,7,5,5,5,8,7,9,8,5,8,5,8,6,9,6,8,9
5,9,9,8,6,8,5,5,8,6,8,6,7,5,9,5,6,7,9,7,0,6,8,5,6,5,7,8,6,7,8,5,9,7,9,5,9,5,7,6,6,9,5,5,6,6,6,7,8,6,8,5,6,6,6,8,7,8,7,7,9,5,8,8,9,5,8,9,8,9,9,9,8,6,8,7,5,7,9,5,9,9,9,5,8,7,8,8,6,6,7,6,7,9,6,5,6,7,6,5
8,6,9,8,6,8,6,5,8,9,7,9,8,7,8,9,6,8,9,6,6,0,9,8,6,7,8,7,8,5,7,5,8,6,9,7,7,5,5,8,9,6,8,5,6,8,7,7,9,6,7,9,7,7,9,8,8,8,7,6,8,6,8,5,5,8,9,8,9,5,6,9,5,5,9,5,8,9,6,8,9,5,7,7,7,7,8,5,7,5,8,9,7,9,9,8,7,8,9,8
9,9,7,9,5,7,8,6,8,8,5,8,6,9,7,7,9,5,7,7,9,8,0,6,9,6,6,6,6,5,6,7,9,9,8,9,9,7,7,7,5,9,6,7,8,5,5,8,8,6,6,8,7,6,7,8,5,8,8,7,8,5,6,6,6,6,5,9,7,9,7,9,6,8,7,8,8,6,8,8,6,8,8,9,8,7,5,8,7,9,9,6,9,5,8,9,7,5,5,6
9,5,5,8,9,6,7,8,8,8,5,8,9,9,5,9,7,7,7,9,6,6,7,0,8,5,5,5,6,9,7,5,7,5,6,9,6,8,9,9,6,5,6,9,8,9,5,7,9,9,8,7,5,8,6,5,8,8,6,8,9,6,6,9,5,7,7,8,7,5,9,6,7,7,5,8,5,6,8,8,5,7,6,6,5,5,5,9,9,6,5,7,6,6,5,5,9,7,9,5
6,7,9,8,5,7,9,7,8,8,5,6,9,7,8,6,9,9,8,5,7,8,8,6,0,9,6,9,5,7,9,9,8,7,8,7,7,8,7,6,8,6,8,5,5,6,9,8,8,8,8,5,9,8,9,8,7,8,7,8,8,7,9,5,8,8,7,8,5,5,5,8,7,8,9,8,8,7,8,5,5,8,6,6,8,8,9,9,8,5,5,9,5,9,8,6,6,7,7,7
9,5,7,8,8,5,8,6,9,5,9,9,5,7,7,5,6,7,6,5,8,7,5,5,5,0,6,7,7,5,8,7,5,5,5,5,5,5,7,8,8,9,8,5,8,5,5,8,8,6,8,9,8,6,6,8,6,9,7,8,6,8,6,5,5,7,8,9,9,6,7,9,8,9,8,5,5,7,7,9,5,7,9,6,7,8,8,9,8,7,9,5,8,9,6,5,8,8,9,5
6,5,9,6,8,8,6,9,7,6,8,9,7,7,8,9,8,9,8,7,9,9,5,6,7,7,0,6,8,7,8,6,6,8,6,8,9,7,7,7,8,6,8,6,6,9,5,7,6,6,7,6,8,9,7,6,7,5,7,8,6,7,8,7,9,5,6,5,5,8,8,6,6,7,9,5,5,7,8,7,7,9,9,6,5,7,7,6,5,5,5,8,5,8,6,6,8,5,7,6
8,9,6,7,7,5,9,6,5,7,5,9,6,5,6,6,7,6,7,6,7,9,5,5,8,5,6,0,7,6,7,6,9,5,6,9,7,8,7,8,5,7,6,6,8,5,6,7,9,7,9,9,7,8,5,9,8,9,6,9,7,8,7,5,7,5,5,9,9,6,8,8,9,8,6,9,5,7,6,5,7,7,7,5,6,8,9,6,9,7,5,8,7,8,5,7,5,6,8,8
9,6,7,8,8,6,9,8,6,6,8,6,7,5,7,5,6,6,9,8,6,9,5,7,5,9,5,6,0,7,9,8,9,8,8,5,5,5,8,7,9,9,5,9,8,8,9,6,6,6,5,5,8,7,5,7,5,6,5,7,8,5,8,6,6,7,8,7,9,9,6,5,7,9,9,9,5,5,6,8,6,8,9,9,6,9,5,7,8,6,5,9,9,5,8,8,6,8,7,5
9,7,6,6,5,5,8,8,7,5,6,9,9,6,6,9,6,8,5,7,6,6,8,7,9,7,5,7,6,0,6,8,6,8,6,8,9,7,7,9,5,5,7,5,7,9,6,9,7,9,9,6,7,8,9,9,8,8,8,7,7,5,6,7,5,7,9,6,8,7,6,7,8,9,9,7,9,5,5,8,8,7,7,7,6,9,5,8,8,7,5,6,8,5,6,5,9,9,9,5
5,9,6,9,7,6,8,8,9,7,9,7,7,5,9,5,7,8,5,6,6,6,7,6,7,5,9,7,7,8,0,7,9,5,5,7,8,6,7,9,5,5,7,9,6,7,7,8,7,6,6,8,6,9,8,8,9,6,9,7,7,7,5,5,5,9,9,6,6,8,5,9,9,8,5,5,9,7,6,8,9,6,6,6,6,9,5,5,7,7,8,7,6,5,7,7,5,7,8,6
8,6,6,9,5,7,8,7,8,8,8,7,5,6,8,5,5,8,8,6,9,8,9,9,9,8,7,9,6,7,9,0,6,9,9,5,8,5,7,6,9,5,7,6,8,8,6,7,5,6,6,6,6,8,6,7,9,6,7,9,6,9,9,6,6,8,7,7,5,5,5,5,8,7,9,5,6,6,5,5,8,6,7,7,9,5,8,8,7,6,6,6,7,7,9,5,6,6,5,5
6,8,6,9,6,6,8,8,9,6,6,7,6,6,6,5,6,6,7,5,9,8,5,8,9,9,7,6,7,8,9,9,0,6,5,9,9,5,8,6,7,7,9,8,5,5,8,5,6,5,9,8,9,8,9,5,7,7,7,5,7,9,7,5,5,7,6,6,6,7,6,5,8,9,9,8,5,5,5,8,5,8,6,5,8,9,9,5,6,9,6,6,7,8,9,8,9,8,7,8
8,6,9,9,8,8,5,5,9,6,5,7,7,9,9,8,7,6,7,5,8,5,5,6,5,5,7,9,5,5,8,6,7,0,6,9,8,9,7,6,9,8,9,6,5,9,9,9,8,8,6,5,8,6,6,9,7,6,7,8,8,6,6,9,8,7,8,5,5,9,5,8,5,5,7,6,9,9,9,7,6,5,9,5,9,5,5,5,5,6,7,6,7,8,8,8,7,9,8,7
5,9,8,9,8,7,9,7,9,5,5,8,7,5,6,7,6,5,5,8,6,8,9,8,6,8,6,7,7,8,8,5,5,6,0,6,7,7,9,7,6,5,7,5,5,6,8,9,6,6,5,6,7,8,5,6,7,9,9,7,5,6,7,5,5,6,5,8,5,9,9,5,6,7,9,7,9,7,9,7,8,8,9,5,7,6,6,6,5,5,9,7,7,7,7,5,7,6,5,9
5,5,9,7,7,9,5,9,8,7,7,9,9,6,9,6,6,7,8,9,5,8,8,9,9,6,7,9,5,9,5,7,7,5,6,0,7,8,7,8,7,6,6,8,7,8,5,8,5,8,5,8,5,8,5,9,6,7,5,8,5,6,5,9,9,7,9,6,9,9,6,7,9,9,6,7,8,5,5,5,9,8,6,6,5,6,9,8,6,6,9,5,8,9,7,5,6,7,8,9
8,8,8,6,6,7,9,6,6,8,5,6,6,9,8,6,9,8,8,8,7,6,5,8,9,5,9,5,6,5,6,6,6,5,6,6,0,5,5,9,7,6,8,6,8,5,8,8,8,5,5,5,7,8,5,7,7,7,9,6,5,8,8,9,6,6,8,9,6,7,7,6,9,8,5,6,8,9,7,7,6,7,5,9,5,9,9,8,5,8,9,8,5,9,9,9,8,8,5,7
7,8,7,5,7,9,6,8,7,9,8,8,5,7,9,8,7,9,9,6,6,9,9,7,8,8,6,9,9,6,8,5,8,9,5,7,9,0,9,6,6,7,5,5,5,9,5,7,8,5,5,6,8,9,8,5,7,9,9,6,9,8,7,8,6,6,8,9,5,6,6,9,8,7,8,9,6,9,8,8,8,5,7,9,9,9,9,5,5,9,7,8,9,7,7,7,5,6,9,9
6,5,7,6,8,6,8,6,6,9,8,8,6,6,8,8,5,7,9,6,7,7,9,5,8,8,9,5,9,5,8,9,9,8,6,7,8,6,0,6,8,6,7,9,5,5,9,6,8,9,9,7,7,7,7,6,8,5,6,7,9,6,7,6,5,5,9,8,7,5,5,9,8,6,6,5,9,8,8,5,8,6,6,6,5,7,6,7,7,7,8,7,7,8,6,6,8,5,8,5
6,6,9,8,8,5,9,5,5,7,7,5,6,6,8,7,5,6,6,7,9,7,6,5,6,8,6,9,9,5,6,8,9,8,8,7,7,7,7,0,9,8,5,6,5,9,7,5,6,5,9,5,7,9,6,6,9,5,9,6,5,8,9,6,9,5,8,5,8,7,6,5,7,8,7,9,8,5,5,5,9,8,5,9,5,9,8,9,8,7,9,7,7,6,7,6,9,9,7,9
6,6,6,9,8,9,7,9,6,7,7,8,9,8,7,7,8,9,5,9,6,8,7,6,7,8,7,5,6,6,9,9,8,6,8,7,6,5,5,6,0,6,9,7,6,9,5,8,8,9,9,7,5,8,7,7,7,9,5,6,5,6,7,8,5,7,8,5,8,5,9,5,7,8,9,7,7,5,6,6,6,5,8,6,6,8,9,5,5,8,5,7,6,9,5,9,9,5,6,8
6,5,9,8,9,9,9,6,9,9,5,7,7,8,5,9,8,5,6,7,8,7,9,9,9,6,9,8,7,9,8,6,8,7,5,6,5,9,6,6,9,0,7,6,6,8,8,9,8,8,5,6,8,9,9,5,8,5,9,9,7,5,5,8,9,6,8,8,5,7,8,9,8,9,5,8,5,6,8,6,5,7,6,9,7,8,9,7,9,7,6,6,5,5,8,6,8,8,6,5
5,5,9,5,5,6,8,9,8,6,5,7,7,8,8,5,8,5,6,6,6,5,9,7,6,7,8,8,6,8,9,6,9,7,6,5,7,6,9,6,9,5,0,8,7,7,9,9,7,6,7,8,7,7,5,8,9,6,7,9,8,7,9,7,5,6,8,8,9,6,8,8,7,6,5,6,6,6,6,5,6,7,5,6,9,5,7,8,8,8,7,9,5,6,6,8,5,7,7,5
8,5,9,6,8,8,5,5,7,8,6,7,9,6,7,5,6,7,7,5,9,9,9,6,9,9,8,5,5,6,6,9,8,5,6,6,8,9,8,5,9,6,6,0,9,6,9,9,8,9,5,6,7,9,7,6,9,6,7,6,8,5,9,5,6,7,7,9,9,5,6,6,6,8,6,5,7,8,9,9,5,9,9,6,9,9,8,9,6,8,7,9,5,8,9,5,5,6,5,7
9,9,5,8,8,8,9,8,8,6,8,6,6,8,6,9,5,8,5,6,8,8,7,5,8,6,6,8,9,6,9,6,7,6,5,5,9,6,7,6,9,5,6,9,0,5,6,7,7,6,5,5,7,5,8,9,5,7,9,5,7,7,6,9,6,6,7,8,9,8,5,9,8,5,9,6,7,6,7,5,7,8,8,6,8,5,7,5,9,7,9,8,5,6,5,8,8,6,9,8
7,7,7,9,6,6,6,7,6,6,6,8,9,9,7,8,8,9,6,5,9,7,9,6,8,7,9,6,5,5,8,6,7,9,7,9,5,9,5,6,8,5,8,7,6,0,5,8,5,8,7,9,9,9,8,9,5,8,5,5,8,7,5,7,6,8,9,6,5,6,8,7,9,8,9,7,8,8,7,5,8,8,8,7,7,5,9,6,8,5,7,5,9,8,6,9,8,8,7,8
7,9,8,9,5,9,9,5,5,6,5,7,6,5,7,5,9,7,9,5,9,7,7,5,9,8,7,6,7,9,8,5,5,8,7,8,9,9,7,8,5,8,6,7,9,5,0,9,9,5,6,5,6,8,7,8,5,6,8,5,7,6,8,8,5,8,9,6,8,8,8,5,9,9,5,9,5,6,5,5,8,8,8,5,5,9,7,6,8,9,7,7,6,9,5,6,7,5,5,9
5,8,6,5,6,6,5,6,8,8,8,9,6,8,6,8,8,8,7,5,6,7,8,8,5,6,8,5,8,9,7,9,5,6,5,9,7,7,8,9,9,5,8,9,6,8,6,0,8,7,7,8,8,7,9,8,7,5,7,9,5,7,9,7,8,6,8,8,9,7,6,5,5,9,8,6,5,8,8,7,7,9,5,8,6,6,8,6,5,8,7,9,5,8,7,6,9,8,9,8
7,9,6,5,6,7,7,8,9,8,7,8,7,5,6,5,6,6,6,7,8,6,8,6,5,7,9,7,7,6,6,7,8,9,9,8,8,5,6,8,8,9,7,7,5,8,6,5,0,6,6,5,8,6,7,5,6,6,9,9,8,7,5,6,7,6,5,9,7,5,8,7,6,9,7,8,8,8,5,6,6,5,9,6,5,6,8,5,6,9,8,6,8,5,8,5,8,7,5,6
5,8,9,9,7,9,9,8,9,8,6,7,6,8,8,8,8,8,6,5,7,9,8,8,7,6,8,5,6,6,5,6,8,8,6,7,5,9,8,6,7,5,6,8,7,6,5,5,7,0,9,7,5,6,9,9,5,5,6,7,5,5,8,7,7,8,5,8,7,7,5,7,8,9,5,8,7,8,5,6,5,5,8,7,6,9,5,5,9,9,5,7,9,7,8,5,8,7,8,9
6,7,8,7,7,7,8,5,5,5,7,6,5,5,6,9,6,5,5,8,8,5,9,7,6,8,7,6,6,9,9,9,9,5,9,8,7,5,5,9,5,9,9,8,7,8,7,9,5,8,0,8,7,7,5,6,6,8,6,6,8,9,7,8,6,5,7,7,9,5,8,7,6,9,6,8,8,5,5,5,7,5,7,5,8,5,7,6,9,9,7,5,5,9,6,9,7,5,8,8
9,6,7,8,7,5,7,8,5,6,7,5,8,6,8,8,6,7,5,5,8,5,7,5,7,8,7,6,7,7,5,7,7,6,5,6,8,9,7,7,8,9,5,7,6,7,6,9,5,8,7,0,5,5,8,9,8,9,7,5,9,8,6,5,8,5,5,8,6,5,7,5,7,9,7,7,9,9,9,8,5,6,7,5,9,9,5,7,9,7,6,7,5,8,8,9,6,8,7,6
6,9,5,9,8,8,9,5,7,6,5,8,9,9,5,8,6,5,6,9,5,7,8,9,8,5,9,9,5,8,5,5,7,7,7,5,5,7,7,5,5,9,5,8,6,7,7,6,7,5,8,6,0,7,7,6,8,5,6,5,8,9,9,9,9,5,5,6,6,6,9,7,8,8,5,9,5,7,5,7,6,7,8,7,5,9,9,7,5,6,8,5,9,7,8,6,5,9,5,7
6,6,6,9,7,7,5,7,6,8,6,5,5,8,9,5,5,7,9,9,6,7,5,5,7,9,7,5,9,9,8,5,6,8,6,9,6,8,9,8,9,6,5,6,5,8,5,6,8,8,5,8,5,0,6,5,9,5,6,6,8,5,9,8,6,5,5,8,6,6,9,9,6,8,5,5,5,6,9,5,9,9,5,6,6,9,5,5,5,7,7,9,5,7,6,7,9,7,8,6
9,9,8,9,9,8,8,5,9,6,5,7,6,5,7,8,9,7,7,7,9,9,8,9,9,5,9,9,6,8,5,8,7,8,5,9,6,6,7,7,5,5,5,9,7,9,8,9,9,7,8,6,5,6,0,6,5,6,8,5,9,9,9,8,6,5,7,9,7,5,7,7,8,5,5,7,9,9,9,7,9,6,5,9,9,9,8,7,6,6,5,8,7,6,8,7,5,7,9,8
5,9,5,8,7,5,5,6,5,9,7,5,7,6,5,7,9,5,8,6,6,9,8,6,5,8,9,7,6,7,6,7,9,5,6,9,6,6,6,9,9,7,7,7,9,9,6,6,5,5,8,5,8,7,7,0,6,6,9,8,8,5,7,9,7,8,5,6,6,9,5,6,7,8,9,7,9,6,6,6,6,7,8,6,6,8,5,8,7,8,5,8,6,8,7,9,6,7,9,9
9,8,9,6,5,9,6,7,9,5,7,9,5,7,7,6,7,6,8,9,7,6,8,8,8,6,9,8,5,5,5,6,6,6,7,7,7,6,5,6,7,7,9,6,5,6,7,9,6,6,6,5,9,5,6,8,0,9,6,8,8,5,7,7,8,5,6,7,8,5,9,9,6,5,7,6,5,6,7,7,7,9,5,7,9,8,9,7,6,5,9,8,5,7,6,6,5,5,6,6
9,9,8,8,7,6,5,9,7,8,6,6,7,8,6,9,9,5,8,5,5,8,6,8,6,5,8,8,8,5,6,9,5,5,8,7,5,6,9,7,8,5,5,7,9,7,6,7,6,7,6,5,7,5,6,5,8,0,5,7,7,7,7,5,6,7,6,6,6,9,8,9,8,5,5,7,9,7,8,9,8,9,5,6,6,9,6,7,9,9,7,9,5,9,7,9,5,9,9,5
7,6,9,7,8,8,8,9,6,8,6,8,9,5,8,8,7,5,9,7,5,8,6,7,7,8,9,9,7,5,6,5,8,8,6,7,9,7,8,8,6,6,5,5,8,9,5,9,5,9,7,9,5,6,9,9,9,7,0,5,9,9,8,6,6,7,6,9,6,9,6,8,9,7,6,6,8,7,6,8,7,8,9,9,8,7,6,9,6,9,7,7,6,7,8,8,7,5,9,8
7,5,9,9,8,5,8,7,9,5,5,6,8,8,8,6,9,9,8,8,5,6,7,7,7,9,7,7,9,7,9,8,8,8,6,7,9,5,5,7,9,9,9,6,8,5,8,7,8,6,9,7,6,6,7,5,7,7,7,0,8,8,6,7,7,6,6,8,5,6,5,7,9,9,6,8,6,7,6,8,6,6,9,8,7,7,6,7,7,5,6,9,6,7,6,9,8,7,7,9
7,7,7,5,8,9,5,8,9,7,6,8,6,8,5,7,8,8,5,9,5,8,6,5,5,6,5,6,7,7,5,8,9,6,6,9,9,8,5,8,7,8,7,9,9,8,8,8,7,9,5,5,6,7,9,8,5,7,5,6,0,8,8,5,7,6,7,8,5,7,5,7,5,7,6,7,6,6,6,5,6,8,7,9,7,7,5,6,6,6,7,9,7,7,8,5,8,7,5,8
7,5,7,5,6,6,5,7,5,5,7,7,9,6,9,8,5,9,8,5,6,5,6,9,9,6,5,7,9,6,8,9,5,8,8,6,5,7,7,6,7,8,6,6,8,5,9,5,8,9,9,9,9,9,6,6,8,7,5,5,5,0,7,7,9,7,8,6,6,8,8,7,8,6,7,8,8,8,5,6,8,7,5,9,5,6,8,5,5,6,6,7,7,6,7,5,9,5,6,8
9,9,8,6,5,6,6,7,7,6,8,8,8,6,7,7,5,8,7,8,8,7,5,9,6,5,5,7,9,6,8,7,6,6,6,9,8,8,8,8,5,6,8,9,8,8,8,6,8,9,9,5,8,8,9,7,8,9,5,9,6,8,0,8,5,7,6,6,6,5,7,9,7,9,8,7,7,8,6,6,8,6,8,8,9,7,7,8,7,7,8,6,9,8,9,6,6,7,8,6
7,7,7,6,6,5,7,6,9,6,6,8,6,7,6,7,7,5,8,7,5,7,8,9,6,6,9,8,5,6,6,9,5,5,8,6,9,7,6,9,9,6,9,6,5,5,9,6,6,7,9,5,9,6,5,9,9,7,5,5,5,8,6,0,7,9,6,8,6,9,5,7,5,8,8,7,8,8,6,9,5,7,7,6,7,7,5,5,9,9,9,7,7,7,6,8,6,5,6,6
8,6,8,7,6,9,9,7,5,8,7,6,7,8,9,7,7,6,8,5,9,6,9,6,9,8,9,8,6,5,6,8,7,9,5,9,8,5,5,8,8,8,9,5,7,8,9,9,7,8,5,9,7,6,7,6,7,6,8,7,9,6,5,5,0,6,9,9,7,7,5,9,7,6,5,6,5,6,8,9,6,8,5,5,7,9,7,6,5,6,9,7,7,7,7,8,7,7,9,8
8,9,6,6,7,9,8,7,6,9,7,9,8,7,6,9,9,5,7,5,9,7,8,5,8,7,7,5,8,6,9,7,7,9,6,7,6,8,7,8,6,9,9,6,9,9,9,9,5,8,9,6,5,8,9,5,6,5,8,5,7,7,9,5,5,0,9,7,8,6,8,7,5,8,9,9,5,8,6,6,9,8,7,5,5,7,7,7,9,5,5,6,6,5,7,5,9,5,9,6
5,6,5,8,6,6,9,8,6,8,9,6,9,9,9,6,5,7,8,7,7,6,8,7,5,7,6,5,6,8,5,5,9,5,5,7,7,8,8,9,8,9,6,5,6,9,7,6,5,5,5,6,6,6,8,8,8,7,8,9,9,8,6,7,8,9,0,6,8,9,7,8,6,8,9,9,8,5,8,6,5,5,9,9,5,8,8,8,8,7,6,8,5,5,8,9,9,7,8,6
7,7,8,7,8,7,8,7,6,6,5,8,5,6,7,9,5,8,5,8,9,5,8,6,7,8,8,6,9,5,5,5,6,6,9,8,7,7,6,8,5,5,7,7,7,8,8,8,8,9,9,5,7,5,6,6,9,6,9,9,8,7,8,6,6,9,6,0,9,7,8,6,7,6,7,8,9,7,6,9,8,5,9,7,5,6,9,8,6,9,7,9,5,7,7,9,8,7,6,5
7,7,9,6,9,7,6,8,9,7,7,8,7,6,5,9,9,9,7,9,6,6,9,9,5,9,6,5,9,7,5,6,6,5,7,6,5,8,8,7,9,5,8,9,6,8,6,8,6,8,5,8,9,6,8,5,7,9,6,9,6,6,9,7,7,6,7,7,0,9,9,8,6,6,5,9,6,8,5,8,6,8,7,8,6,7,6,6,5,6,6,9,6,6,8,5,8,6,6,6
5,6,9,9,7,9,9,7,9,6,7,7,6,6,9,6,9,7,8,9,5,9,6,5,8,5,6,9,7,9,6,5,6,8,7,5,8,7,6,6,8,8,7,8,9,8,7,9,6,6,6,6,7,6,6,6,9,9,6,7,8,9,9,9,5,6,5,7,9,0,8,7,6,6,7,6,6,6,8,5,9,7,6,7,5,8,9,7,5,7,5,6,9,6,9,8,8,9,8,8
7,8,9,5,7,9,5,5,5,9,9,5,6,8,7,9,6,6,8,6,5,9,5,5,8,7,7,9,6,8,8,7,8,9,7,5,7,6,9,6,8,9,6,5,8,5,5,6,9,9,6,6,5,6,8,8,7,9,7,5,6,5,8,6,6,6,6,6,5,6,0,7,5,7,7,8,6,7,5,6,7,6,6,5,7,7,6,7,6,6,9,8,7,8,9,5,7,5,5,9
6,9,8,6,7,7,6,9,8,8,7,5,7,7,5,9,9,5,6,9,9,9,9,5,5,7,9,6,7,6,5,5,7,6,5,8,7,5,7,5,5,7,9,8,8,8,6,5,8,5,6,7,9,5,9,7,9,8,5,9,8,9,6,6,7,7,8,6,7,6,6,0,9,7,6,8,7,9,6,6,7,6,9,8,7,5,8,5,6,6,7,9,9,9,7,6,5,5,7,6
6,5,5,7,6,8,6,9,8,6,7,8,7,6,8,8,9,6,8,6,8,6,6,9,5,7,6,9,5,9,8,6,7,5,5,7,6,6,7,8,8,8,6,5,9,9,6,8,6,9,7,9,6,6,7,5,8,5,7,9,7,6,9,9,8,6,6,6,6,5,6,7,0,9,5,7,9,9,6,5,5,5,8,7,5,6,8,9,5,8,9,8,5,9,7,6,6,9,7,7
7,8,5,7,5,7,5,5,6,8,7,5,7,5,6,8,8,9,8,7,9,7,5,8,6,7,5,8,6,8,5,5,7,8,7,7,5,6,7,7,6,8,7,7,6,9,6,5,8,9,8,7,5,9,7,5,8,6,5,8,7,7,8,8,7,6,7,8,7,8,8,7,6,0,6,6,6,9,7,7,6,5,5,9,7,5,8,5,8,6,7,9,8,5,8,5,9,9,8,9
9,6,8,7,9,5,5,5,9,7,6,5,5,9,8,7,6,7,6,8,9,6,9,7,5,9,9,6,8,5,7,6,6,8,8,5,7,8,5,6,9,7,5,5,9,6,9,9,6,5,9,6,7,5,5,7,7,5,6,5,6,9,7,8,5,9,9,6,5,8,5,8,6,5,0,8,6,5,8,7,9,9,9,9,7,6,5,8,6,7,5,7,6,6,5,9,5,9,7,5
9,7,7,8,7,5,5,5,6,6,8,6,8,8,7,5,6,9,5,7,9,5,7,9,5,5,8,6,6,6,8,7,8,8,7,6,7,5,7,6,6,5,7,9,8,8,9,8,9,9,7,6,9,5,6,8,9,7,8,6,7,8,8,5,8,6,8,5,6,6,7,6,7,9,6,0,9,8,8,5,6,6,9,7,6,8,6,8,8,7,8,6,9,7,5,8,7,6,6,6
7,5,9,7,7,7,6,9,9,9,6,5,6,7,7,5,7,5,6,6,6,8,5,8,7,9,7,9,6,5,8,7,7,6,8,5,7,7,9,9,7,7,8,9,5,8,5,7,9,9,5,6,9,9,5,9,5,6,9,8,9,7,7,9,5,9,7,9,9,6,8,5,5,7,9,9,0,9,5,7,8,9,5,9,7,9,6,7,7,6,8,5,5,7,6,5,5,9,8,8
5,5,5,8,8,6,5,6,7,5,6,9,9,8,5,9,8,7,5,9,8,6,5,8,5,6,7,7,9,7,9,9,6,7,6,8,8,7,5,5,9,5,5,7,5,9,5,7,6,6,6,7,9,9,9,9,5,7,7,7,9,7,6,5,6,6,8,6,6,7,5,6,7,9,5,8,6,0,8,7,5,5,9,5,7,6,6,9,6,8,7,8,6,9,8,6,6,8,5,5
8,6,8,5,9,5,9,5,9,8,6,8,6,9,7,6,9,7,9,8,9,7,6,8,9,9,9,6,9,8,9,9,5,7,9,8,6,9,6,6,6,6,5,8,7,9,6,7,7,6,7,8,9,6,5,6,5,9,6,5,6,7,5,6,8,6,7,8,5,8,9,5,5,7,7,8,6,7,0,6,9,7,7,9,7,6,5,9,9,6,7,8,7,7,6,5,8,5,8,9
5,7,7,6,8,6,7,7,7,8,7,9,7,8,7,7,9,8,8,5,8,6,7,6,8,9,7,7,9,6,9,7,8,7,6,7,9,5,5,6,9,7,7,5,9,7,5,8,5,8,5,9,7,8,6,8,9,5,8,9,8,9,8,5,9,5,6,9,6,9,7,9,7,6,6,5,9,6,7,0,5,8,8,7,6,5,9,5,9,6,7,7,9,6,6,7,9,9,6,6
9,6,6,7,5,6,6,7,5,6,6,9,7,8,8,5,9,6,6,9,9,9,6,8,9,7,8,7,6,9,6,5,7,5,8,9,7,6,7,5,8,7,9,7,5,8,5,6,8,6,7,8,8,6,6,9,9,7,7,8,7,9,6,6,5,5,6,7,9,8,7,8,9,6,5,7,5,8,8,6,0,6,7,9,5,6,8,7,5,8,9,9,5,9,9,7,9,6,8,7
9,6,7,6,9,8,9,9,6,6,9,9,6,9,6,6,9,5,5,9,7,8,5,8,9,9,7,8,9,9,6,6,6,6,9,9,9,5,9,6,7,9,6,9,8,5,8,5,8,8,7,9,5,9,5,5,6,9,7,9,5,5,9,6,9,8,7,5,5,6,7,9,5,9,7,8,7,5,9,9,5,0,6,5,6,6,6,5,7,5,8,7,9,8,9,5,6,5,9,9
5,7,8,5,6,5,8,8,6,7,7,7,6,9,7,9,9,9,7,5,8,7,5,9,6,8,7,5,5,8,5,7,8,5,9,6,7,6,9,6,8,7,9,9,8,5,6,5,6,5,6,6,8,9,6,8,7,9,9,7,8,8,8,8,6,9,9,5,5,6,6,7,5,5,6,5,7,5,5,5,6,6,0,9,9,6,8,9,8,8,5,9,7,7,6,7,5,9,6,8
9,5,6,5,9,9,8,6,7,7,6,6,6,9,8,5,7,8,8,6,7,9,6,6,9,6,8,5,8,8,6,5,6,7,5,9,5,6,9,5,7,7,7,6,6,9,8,8,8,6,5,6,5,5,5,5,9,9,5,7,5,8,8,8,6,6,9,9,8,8,5,5,8,8,8,5,6,9,9,5,8,9,6,0,7,7,9,9,6,6,5,9,5,5,6,5,9,8,8,5
5,9,8,5,5,5,9,7,7,6,5,8,5,9,5,9,5,6,5,6,6,6,8,7,7,8,9,5,7,7,9,6,8,9,8,6,9,8,6,6,8,6,7,9,6,7,9,5,5,7,9,8,8,7,8,9,5,6,8,6,6,8,5,9,7,8,5,5,6,9,9,6,5,9,8,9,8,9,6,5,8,8,5,9,0,8,6,8,5,5,9,5,8,5,9,9,9,6,7,7
8,7,8,9,5,8,8,7,8,9,9,5,6,9,7,8,8,8,6,6,5,9,9,5,6,8,5,5,5,9,8,8,6,6,8,8,9,8,9,6,9,8,9,5,6,8,9,8,7,6,6,5,5,5,6,8,7,8,7,7,7,7,6,9,5,6,9,9,6,9,8,9,8,9,6,7,5,8,8,8,9,7,8,9,7,0,8,8,5,5,5,6,6,5,7,8,7,6,5,5
5,9,5,7,7,8,6,6,5,9,9,7,8,9,9,8,5,9,7,6,7,7,8,9,6,8,7,9,6,5,8,5,5,8,8,9,8,9,5,6,5,6,7,6,6,7,7,6,6,8,8,8,9,8,7,7,5,5,5,9,5,7,5,9,5,8,7,9,6,5,9,5,8,5,5,5,5,6,8,8,6,5,8,7,7,5,0,6,6,5,6,8,8,9,5,5,8,6,7,6
7,5,7,5,5,9,8,9,9,8,6,6,8,7,7,8,5,9,7,7,5,7,5,9,9,6,6,6,7,9,7,9,7,5,5,7,8,5,7,8,8,5,6,8,8,9,9,5,6,7,5,8,8,9,6,5,5,8,5,9,8,7,7,9,5,7,9,8,6,9,9,9,7,9,9,9,5,6,5,5,6,5,9,5,9,9,6,0,7,9,5,7,5,5,8,9,6,8,6,8
6,5,6,8,7,7,5,5,8,5,6,9,8,7,9,7,7,7,6,5,6,5,6,9,6,7,9,9,9,9,7,6,9,8,9,5,5,6,7,7,8,8,8,7,7,5,8,7,5,6,6,9,6,5,6,6,8,7,7,5,8,5,6,8,8,9,5,5,7,9,7,6,5,9,7,8,7,9,6,5,8,6,9,8,8,8,5,8,0,6,8,6,7,9,7,9,7,6,9,8
7,5,8,9,5,8,5,9,7,8,7,8,9,5,6,6,6,6,8,5,9,9,7,8,9,7,9,6,7,9,9,7,7,5,9,5,5,6,8,9,7,9,8,9,9,9,7,6,7,5,8,6,7,8,9,7,7,9,5,7,9,9,6,7,8,5,5,8,6,6,6,9,7,9,8,5,6,8,9,9,5,8,9,7,6,8,9,8,6,0,6,7,5,6,6,5,8,8,6,5
8,8,8,9,6,9,8,8,8,5,8,6,9,5,5,6,6,9,9,5,5,6,6,7,5,8,5,7,6,9,5,7,5,7,5,6,7,8,8,7,7,9,6,8,7,5,7,5,5,9,8,8,8,5,5,7,6,5,9,7,8,6,7,8,9,6,5,7,9,9,9,8,6,6,7,5,5,8,9,5,5,5,7,7,5,7,8,9,6,8,0,9,6,8,5,9,6,7,7,8
6,9,5,6,6,9,5,6,7,8,5,7,8,6,9,6,8,9,9,8,7,8,6,5,5,9,7,9,6,7,5,7,7,9,8,6,5,8,5,7,9,6,6,6,6,6,6,5,9,8,5,7,8,8,6,8,7,9,5,6,7,6,9,5,7,8,9,8,7,8,6,9,8,7,8,6,6,9,9,9,8,6,5,7,6,8,9,9,8,5,8,0,6,8,8,5,8,6,5,9
7,6,7,8,5,7,5,8,5,9,9,6,7,9,5,8,6,5,7,8,8,8,5,9,7,5,9,6,5,7,5,5,5,5,6,7,5,8,9,9,5,9,8,9,9,8,5,6,7,9,9,7,8,7,5,8,6,8,5,5,7,9,8,8,9,9,5,6,7,7,8,7,6,8,7,9,5,6,5,9,9,8,8,5,8,8,7,8,5,8,6,6,0,8,9,6,6,5,9,9
9,8,8,8,5,5,6,5,5,9,5,8,5,7,6,5,9,6,8,5,5,7,7,6,9,6,6,9,7,6,6,8,5,6,5,6,6,9,8,9,6,7,6,9,5,9,5,9,7,8,7,5,7,9,8,7,6,7,9,8,8,7,8,8,7,7,7,9,6,9,9,5,7,8,8,8,5,7,5,9,5,7,7,9,9,6,5,6,7,8,5,8,5,0,9,6,9,8,7,6
8,7,6,8,7,8,7,7,9,5,5,7,8,6,9,7,6,5,9,9,5,6,5,7,8,9,5,9,7,6,9,9,7,6,7,7,9,8,9,5,7,9,6,6,6,5,6,7,5,6,9,9,9,8,5,7,6,9,5,7,7,7,9,7,5,5,9,6,9,7,8,7,5,8,7,6,9,8,5,7,7,8,9,6,7,9,5,9,5,5,5,9,8,7,0,8,5,5,8,5
6,6,5,7,8,8,6,9,5,5,9,7,7,9,8,9,8,8,8,5,5,9,9,6,8,6,8,9,7,5,7,5,6,8,9,5,7,5,5,8,5,5,5,9,5,8,7,5,5,8,9,6,6,7,9,6,6,8,9,7,9,7,6,5,8,8,5,9,9,7,6,7,7,5,5,5,9,5,5,5,8,8,9,9,5,5,9,8,8,7,9,8,6,8,8,0,7,8,9,5
6,7,7,5,7,6,7,9,6,7,9,6,6,8,9,8,5,7,7,9,8,9,7,6,7,8,7,6,9,6,7,6,5,9,8,7,5,7,6,7,8,5,8,6,8,6,7,5,6,9,7,9,6,5,7,7,5,6,8,9,8,5,9,9,9,8,6,6,9,6,7,8,6,9,6,7,6,6,7,5,5,7,9,9,8,7,9,9,6,6,7,9,8,6,8,7,0,6,8,6
5,5,6,5,5,6,9,8,6,8,5,5,9,9,8,9,6,6,5,6,6,8,6,9,7,9,8,5,9,6,9,6,8,9,6,5,8,6,9,7,9,9,8,6,6,6,8,9,5,7,7,5,5,6,5,7,8,6,8,5,8,8,8,5,9,9,7,9,7,7,6,9,7,7,7,7,9,5,8,6,6,8,9,7,8,8,5,6,9,8,6,6,8,8,9,5,5,0,8,6
7,8,8,7,7,5,8,8,8,9,7,8,8,8,6,9,9,9,6,6,6,8,5,5,8,5,9,6,8,7,6,6,6,8,5,8,7,6,6,6,5,5,6,6,6,5,8,8,7,9,9,6,9,6,5,8,7,8,8,7,6,7,9,5,7,6,6,5,7,8,6,8,7,9,6,6,7,8,8,8,7,5,9,9,8,5,7,9,8,7,5,8,8,9,9,8,5,6,0,9
5,8,7,5,8,7,6,9,9,9,9,6,8,5,5,5,5,8,5,7,7,8,6,7,5,8,7,9,7,5,8,5,5,9,8,9,9,5,5,6,6,6,8,5,9,6,6,8,8,9,8,5,5,9,6,6,7,5,5,5,5,6,6,9,6,8,5,9,7,5,6,5,7,8,5,5,5,6,8,8,7,9,6,8,6,8,5,6,8,6,7,8,5,5,6,5,9,9,8,0
