R=100
Pi=(14,14,10,14,12,14,19,19,10,15,19,14,18,11,12,16,16,15,19,17,10,10,15,11,15,13,16,12,10,13,15,18,19,12,17,11,14,15,18,10,14,12,12,12,16,17,13,15,10,14,14,17,11,13,19,13,19,18,18,19,17,16,19,17,10,10,15,16,13,11,11,11,16,18,13,17,17,12,15,18,19,10,12,16,18,17,16,15,12,14,12,16,16,19,13,17,12,15,12,15)
A=
1,2,0
2,3,0
3,4,53
4,5,46
6,7,0
7,8,0
9,10,0
10,11,0
11,12,0
12,13,0
15,16,0
17,18,56
18,19,55
19,20,41
20,21,0
21,22,59
22,24,58
24,26,0
26,29,55
30,31,42
31,32,46
32,33,0
33,34,0
34,38,0
41,44,0
45,46,0
46,47,43
47,48,0
49,53,54
53,55,0
55,57,0
58,59,0
59,60,0
61,63,0
65,67,59
66,68,49
69,71,42
70,72,0
73,75,40
74,76,43
76,78,0
78,80,52
79,81,42
82,84,58
87,89,0
88,90,45
91,93,44
92,94,58
96,98,53
97,99,48
Sij=
0,6,7,5,6,7,6,8,7,6,8,8,9,6,7,7,6,7,6,6,9,7,8,7,7,7,5,7,5,9,5,8,6,8,9,8,5,8,5,7,9,8,6,8,5,9,7,9,6,5,6,5,9,6,7,9,8,5,7,8,6,8,7,7,6,9,6,6,6,9,6,7,6,9,7,6,6,9,6,8,5,5,6,9,7,5,8,9,6,5,5,5,6,6,5,5,5,8,7,6
7,0,6,8,7,9,9,8,5,9,5,8,8,9,8,8,6,7,8,5,6,6,7,5,6,9,6,5,9,9,6,6,7,7,5,5,8,7,8,5,7,6,8,5,5,6,6,5,7,7,9,8,7,8,6,9,5,5,6,8,7,9,8,6,7,9,5,5,9,8,5,8,8,7,7,9,8,7,5,9,7,5,7,7,9,8,9,8,6,5,5,7,6,5,8,8,7,7,7,5
6,5,0,6,9,7,6,9,9,6,6,6,8,5,6,5,6,7,6,6,8,5,6,9,8,8,7,6,7,9,9,6,5,9,9,8,7,9,7,9,8,8,9,7,9,9,7,7,9,5,6,5,5,5,8,5,9,5,7,6,5,9,7,5,6,9,5,8,6,7,7,7,9,7,7,5,5,8,9,9,6,5,7,7,8,8,5,5,6,8,9,6,6,6,8,9,6,9,6,9
8,8,5,0,6,7,8,6,8,8,8,9,5,6,7,5,5,6,9,7,8,8,5,7,7,8,6,6,8,8,7,8,6,7,9,6,7,9,5,9,9,6,7,6,7,9,9,5,8,5,8,8,7,7,8,6,8,6,7,8,6,6,8,9,5,5,8,7,6,6,8,5,6,5,7,6,6,8,9,8,9,6,7,7,5,9,5,9,9,8,7,6,7,6,8,8,8,7,5,7
6,6,8,6,0,7,7,6,7,9,6,9,9,6,9,9,5,9,6,9,6,9,8,8,7,8,6,8,9,6,9,8,8,8,7,7,7,7,5,9,8,7,8,9,7,8,8,5,7,7,8,8,7,8,9,7,7,8,6,8,6,8,7,5,5,8,6,6,8,6,6,8,8,6,5,8,5,9,5,8,5,6,5,6,8,5,5,9,8,9,5,9,5,7,8,9,5,8,8,9
7,6,6,6,6,0,5,5,5,8,5,7,8,8,7,7,9,7,5,6,5,7,6,7,8,6,7,7,5,7,5,8,6,5,5,6,8,9,9,5,8,9,5,6,8,7,7,5,8,5,8,7,9,6,8,6,6,9,7,5,8,7,5,7,7,7,5,7,7,5,8,9,8,5,8,5,7,9,9,6,8,6,8,5,9,8,9,5,7,9,5,9,7,8,7,5,9,7,9,6
6,9,8,8,6,8,0,9,8,8,7,8,6,5,5,6,6,9,9,8,9,7,5,5,8,5,9,7,9,8,8,6,5,5,7,9,9,8,5,8,5,9,5,6,9,5,9,9,6,7,5,5,9,8,5,8,6,9,9,7,6,6,9,5,5,6,7,5,7,6,7,8,9,6,8,9,7,8,6,7,6,5,6,7,8,7,6,7,5,9,8,5,8,7,6,9,9,5,6,8
8,8,6,5,5,6,6,0,8,5,5,6,7,8,7,6,6,5,7,7,7,9,5,5,8,7,6,9,6,9,9,9,7,7,7,9,7,8,6,7,6,5,8,7,9,7,6,7,5,5,5,8,7,7,8,9,7,8,8,7,8,6,9,8,5,5,9,5,5,8,9,7,9,5,5,7,5,8,5,5,6,9,9,5,8,5,7,9,8,8,6,9,5,8,8,9,6,9,6,9
7,5,6,7,6,7,9,7,0,6,6,8,9,7,7,6,8,7,8,9,5,7,5,6,6,6,5,7,5,6,6,6,5,6,6,7,5,7,6,9,6,5,5,7,7,9,7,6,7,7,5,6,7,9,6,6,7,8,9,6,6,9,9,5,5,5,8,7,6,5,5,5,6,9,8,9,7,7,9,7,8,9,5,8,5,9,9,5,5,9,5,6,8,5,8,6,6,9,6,7
6,5,9,7,6,5,5,7,6,0,6,8,9,9,7,7,7,9,5,9,5,6,7,6,6,9,8,7,6,6,6,8,7,5,7,6,7,9,8,7,5,9,6,9,8,5,5,7,5,7,6,7,5,9,6,5,8,9,7,7,7,7,9,6,9,8,6,8,6,6,5,7,5,8,9,6,9,8,7,5,9,5,6,8,5,8,7,7,9,6,7,8,6,5,9,7,5,9,9,5
9,6,5,9,7,8,6,7,5,9,0,6,9,6,6,7,6,5,5,6,5,5,9,9,5,8,6,5,9,8,6,6,5,8,7,6,7,9,7,6,6,7,9,6,5,5,7,7,5,7,7,7,9,8,8,9,5,7,5,6,5,8,6,8,9,8,5,5,9,5,5,7,8,9,5,8,6,7,9,9,5,9,5,6,6,9,6,7,5,7,6,5,9,6,5,8,5,5,7,6
9,7,7,9,7,5,8,5,8,5,8,0,8,8,6,5,6,8,5,7,9,7,8,5,6,9,9,8,7,8,7,8,5,9,7,9,8,6,5,8,6,5,5,8,9,8,8,6,7,5,8,9,5,8,8,9,5,6,6,5,8,7,6,7,5,6,7,8,6,6,7,5,7,6,6,8,6,9,5,7,5,7,5,6,9,7,8,7,6,7,9,6,5,9,5,8,9,8,8,8
6,9,5,6,8,8,7,8,6,9,8,5,0,5,8,5,5,6,9,7,8,8,5,7,8,7,5,5,8,5,7,9,7,6,7,6,6,6,9,8,5,9,9,5,7,9,8,6,7,9,9,7,9,6,9,9,6,7,7,8,7,8,9,8,9,5,6,8,7,6,8,8,7,6,6,9,8,9,5,8,8,9,8,8,5,5,9,5,7,7,5,8,9,5,6,7,5,6,5,7
8,9,8,5,5,6,9,8,5,5,5,6,7,0,9,5,8,5,5,7,9,5,5,6,9,5,5,9,7,5,9,8,7,8,7,5,9,5,7,7,9,6,5,5,7,7,9,6,9,5,7,6,9,8,6,6,8,8,8,9,5,6,6,8,5,6,8,7,9,9,5,7,7,8,8,8,9,9,8,7,6,8,5,7,7,7,8,9,7,6,7,5,6,7,7,7,9,7,9,5
9,6,6,5,9,5,8,6,9,7,7,8,5,6,0,7,6,6,8,6,8,7,8,5,8,7,5,6,5,5,5,8,7,9,7,8,5,6,9,8,7,8,7,5,9,9,8,5,5,5,5,6,5,6,5,8,5,5,8,7,9,9,8,5,8,9,5,8,7,7,6,5,6,5,9,5,5,8,6,8,8,9,5,9,5,9,8,5,8,9,7,5,8,7,9,7,9,6,6,5
9,5,8,8,8,9,5,5,6,5,7,7,9,9,9,0,9,8,9,9,9,6,9,9,8,9,6,6,9,5,6,6,9,6,5,9,8,6,7,6,5,8,7,8,8,6,5,5,8,7,9,9,9,6,6,9,5,5,9,8,6,8,5,9,5,8,8,5,8,5,5,8,6,8,9,6,8,5,6,6,9,6,8,6,5,7,6,7,5,6,9,8,6,8,9,7,8,7,8,9
7,9,6,8,7,6,7,6,7,5,5,9,9,8,9,5,0,9,9,9,8,7,6,5,7,5,7,7,8,9,6,8,6,6,6,8,9,9,5,9,9,9,9,9,9,6,9,8,7,8,8,8,8,8,5,7,6,8,9,7,9,8,9,7,6,7,9,8,8,9,9,5,8,5,9,8,7,6,5,6,5,8,9,9,5,7,9,7,6,9,6,5,5,7,9,6,5,7,8,7
6,6,5,8,8,7,9,8,9,7,9,5,8,8,6,6,8,0,5,6,8,8,6,6,9,7,9,5,6,5,8,7,5,7,7,9,9,8,6,5,7,8,5,8,9,9,6,7,7,6,8,7,5,5,5,9,9,5,6,5,9,7,8,8,5,9,9,7,5,8,7,7,7,9,9,5,7,8,7,9,6,6,8,9,7,6,7,9,7,8,9,9,6,6,6,5,5,7,8,5
9,8,7,8,8,5,9,5,6,9,6,6,7,6,9,8,9,8,0,5,9,6,5,9,6,8,8,6,6,8,9,5,5,5,7,5,7,9,9,6,7,6,6,8,7,6,8,6,9,6,7,6,6,6,8,8,9,8,5,9,9,8,8,7,7,9,6,6,5,6,6,8,9,7,8,7,9,7,6,5,5,7,6,9,5,7,8,8,6,8,6,8,8,5,6,8,8,9,6,8
9,6,6,8,9,8,7,9,8,5,8,7,6,5,9,7,7,8,6,0,9,6,8,5,6,5,8,5,8,5,5,9,5,5,8,5,8,6,7,9,6,5,9,5,5,5,8,6,8,6,8,5,9,7,6,6,6,6,9,8,6,8,8,8,7,6,8,6,7,9,5,6,9,9,5,8,7,7,9,6,6,6,7,7,6,9,5,8,9,7,9,6,6,9,8,8,7,5,7,9
7,7,8,8,5,7,5,9,6,8,9,8,7,8,6,9,6,6,7,7,0,6,9,7,5,5,8,9,5,6,7,6,6,5,5,9,8,8,8,6,9,9,5,6,5,7,5,9,8,7,8,6,6,7,9,7,7,5,7,7,6,7,5,8,9,7,7,8,6,8,7,6,7,9,8,8,5,8,6,8,9,9,6,7,7,5,9,8,5,7,6,8,5,5,9,6,9,6,6,8
9,7,7,9,9,6,9,7,9,6,7,9,8,9,7,7,6,7,6,9,7,0,8,7,9,6,9,6,6,9,6,9,9,6,8,8,7,6,6,7,6,6,7,9,9,5,7,9,5,7,7,5,6,5,7,5,5,9,8,7,5,9,7,7,8,6,8,7,5,5,5,5,9,9,9,8,9,9,8,8,8,5,5,8,6,6,8,8,8,7,7,8,8,8,7,6,8,9,6,7
7,5,8,9,7,7,5,6,5,9,5,6,5,9,8,5,8,9,6,6,8,9,0,9,8,7,6,7,5,7,8,9,9,8,6,6,8,6,5,5,9,5,6,7,8,6,6,7,8,9,7,7,9,8,9,8,7,5,5,6,5,9,9,9,7,5,5,8,8,8,9,8,7,8,6,6,7,6,5,7,6,9,8,5,9,5,5,6,8,8,9,8,6,9,5,9,5,7,5,8
5,8,8,5,9,8,9,6,6,8,6,6,5,8,5,6,6,9,9,6,9,9,9,0,5,8,6,7,8,8,7,5,5,6,6,6,8,5,8,6,5,6,9,9,5,6,8,7,8,8,8,8,6,7,8,9,5,9,8,6,7,6,5,7,9,7,6,9,9,6,7,5,7,8,8,5,5,5,8,8,5,9,9,5,9,8,9,8,7,7,5,8,7,6,8,9,5,6,9,8
5,8,8,6,6,7,5,8,8,8,8,5,5,9,5,8,7,5,8,6,8,8,7,6,0,5,8,8,5,9,9,9,9,6,5,7,7,6,7,9,6,7,5,9,8,8,5,7,8,6,9,6,5,7,8,9,7,5,6,5,7,9,9,8,8,8,9,9,5,6,8,7,5,5,6,8,7,8,8,7,9,5,9,9,5,7,9,6,7,5,5,6,9,6,6,7,7,7,6,5
9,6,7,7,8,7,6,9,6,5,6,9,7,8,5,6,9,5,8,6,9,8,6,9,6,0,6,7,8,8,9,5,5,7,8,8,8,8,7,6,7,5,9,5,7,8,5,9,6,5,5,7,7,8,9,5,6,5,7,6,6,5,8,5,6,9,6,7,8,5,7,8,6,8,6,5,5,8,8,5,5,6,6,8,8,7,7,6,7,7,6,7,5,6,9,6,7,8,8,7
7,8,6,5,7,7,5,9,7,9,5,8,6,6,5,5,9,9,7,9,7,9,5,6,8,9,0,7,5,8,9,7,6,9,5,8,7,9,5,5,5,6,7,9,7,6,8,6,8,6,8,7,8,6,9,5,7,8,5,6,7,5,5,5,8,7,9,9,5,8,8,6,8,9,6,7,9,5,7,9,5,8,8,9,9,6,9,9,9,5,5,9,9,8,7,5,6,7,5,5
7,9,5,9,8,7,8,9,9,7,6,7,5,6,6,9,6,6,6,6,8,9,9,5,8,8,6,0,5,6,5,6,7,9,7,6,5,8,8,6,6,8,5,9,7,9,7,8,8,6,8,9,5,5,8,7,7,9,9,6,9,6,8,7,9,5,8,7,8,9,6,5,7,5,9,8,8,9,7,6,5,9,7,8,7,6,6,6,5,5,8,6,9,7,6,5,5,7,5,6
5,9,5,8,5,8,6,5,6,5,8,8,7,8,6,9,8,9,5,8,9,7,7,8,6,5,6,5,0,8,9,8,6,9,6,5,5,9,9,8,9,9,6,5,5,6,5,9,5,5,6,6,5,6,7,6,8,7,7,7,5,6,6,6,6,6,7,8,5,7,5,5,9,5,6,8,8,6,6,6,5,6,5,9,6,8,7,9,6,9,7,7,6,6,8,7,7,9,8,8
8,6,8,7,5,6,6,9,5,8,8,6,6,5,7,8,5,6,5,8,9,8,7,6,5,7,9,8,7,0,8,6,8,8,8,8,8,8,8,9,5,6,7,8,8,5,5,6,5,8,9,6,5,9,5,9,9,9,6,6,7,6,8,7,7,7,9,8,8,7,8,5,7,7,9,7,6,9,8,5,5,5,8,9,7,6,5,9,7,8,8,9,6,6,6,8,7,5,6,5
5,7,8,8,5,8,9,8,9,7,8,5,5,6,6,7,7,9,5,5,7,5,5,9,8,8,9,6,6,6,0,9,6,8,7,9,7,7,5,8,8,7,7,9,5,5,8,8,5,9,9,5,8,9,5,8,5,6,9,9,6,9,8,6,7,7,6,6,7,6,9,9,7,5,6,8,5,5,5,9,9,5,9,6,7,5,6,6,7,9,9,6,8,5,6,9,9,5,6,7
8,6,5,8,5,9,7,7,8,7,8,9,6,5,5,6,9,6,8,6,5,5,9,8,7,7,6,7,8,7,9,0,9,8,7,5,7,9,6,5,8,8,9,7,9,6,9,9,8,5,5,9,7,6,9,6,8,7,7,5,7,7,5,8,6,8,8,5,8,9,7,6,8,5,5,8,6,7,9,7,7,8,8,6,8,7,6,7,8,6,6,5,7,5,8,5,7,5,6,6
7,8,6,8,7,8,5,6,6,6,9,6,7,9,8,9,9,8,5,8,6,6,7,6,8,6,9,8,7,5,6,6,0,5,7,9,9,7,5,9,9,6,5,6,7,6,9,7,7,7,9,5,8,9,7,5,6,6,9,9,6,9,7,9,5,9,8,5,9,9,8,7,9,9,6,6,6,9,9,9,8,8,6,6,8,9,7,6,8,7,8,7,7,5,7,9,9,5,5,8
8,8,7,7,8,7,6,9,8,5,9,6,7,9,5,7,7,5,6,5,6,7,7,7,6,6,9,8,6,6,7,5,8,0,6,6,9,6,8,8,6,8,8,8,7,7,6,5,8,9,5,6,9,9,5,6,6,6,5,6,7,7,7,7,6,8,8,8,5,7,6,6,9,7,9,7,7,9,5,9,9,5,5,9,6,5,7,6,8,9,5,8,5,7,5,8,5,6,6,9
9,8,9,6,8,9,7,7,9,7,8,6,6,5,7,7,7,8,6,5,5,7,9,6,6,7,5,7,6,6,7,6,7,5,0,5,6,5,9,5,6,8,5,6,6,5,8,7,5,9,8,5,7,9,5,8,6,8,8,9,5,9,5,5,7,5,7,9,5,5,6,6,8,7,9,7,5,5,8,6,8,5,5,7,7,5,9,6,6,7,8,7,7,5,5,7,7,9,8,5
8,9,6,9,8,7,7,9,5,8,7,6,5,7,5,5,8,7,8,7,5,5,7,7,6,8,8,7,7,7,5,5,7,7,7,0,8,8,5,8,9,8,9,6,8,5,7,7,5,9,9,8,5,6,6,5,7,6,9,7,9,8,9,7,8,7,6,8,7,9,7,6,8,9,8,8,5,9,9,7,9,6,8,8,7,8,5,9,5,7,9,6,9,7,8,6,8,7,8,5
8,8,9,6,6,8,5,5,7,7,9,8,7,6,8,8,5,6,9,5,7,7,8,9,9,5,6,5,5,7,5,8,5,8,9,5,0,6,7,6,8,7,9,6,8,8,6,9,7,9,5,6,6,7,8,7,5,5,5,6,6,7,5,5,5,6,6,7,8,7,7,6,7,9,6,7,8,5,5,6,8,6,8,5,5,6,8,5,7,6,8,5,6,5,5,6,6,8,5,6
7,8,5,9,6,8,8,7,6,5,8,9,9,8,8,9,8,9,5,9,8,5,5,7,9,6,5,6,9,9,6,5,5,9,9,9,5,0,8,8,6,7,6,9,7,7,8,5,7,7,5,8,6,8,6,8,6,8,7,5,9,7,6,7,6,9,8,9,5,9,8,9,9,6,8,7,6,6,7,5,5,6,8,8,9,6,9,6,9,6,7,6,7,8,8,8,5,8,7,8
8,9,9,7,9,6,8,5,5,8,6,5,5,7,9,8,9,7,8,5,9,7,5,9,7,6,6,6,7,9,6,7,8,9,6,6,6,5,0,9,7,8,8,6,5,9,6,6,5,8,5,9,8,5,6,8,6,8,5,5,7,9,6,8,5,7,8,6,5,5,7,7,9,8,5,7,5,5,5,5,5,5,6,7,6,5,8,7,7,6,5,8,6,5,6,8,6,5,5,7
5,9,5,9,5,8,9,9,9,9,7,5,8,9,9,7,8,8,6,5,9,6,9,9,5,9,5,9,7,7,6,5,9,7,9,6,5,6,7,0,8,5,8,7,7,8,9,9,6,5,9,9,7,8,5,8,9,9,6,9,6,7,9,7,7,8,7,6,5,5,7,7,6,6,7,9,5,8,7,5,6,9,8,8,8,7,8,6,8,9,5,6,8,7,6,6,5,6,5,9
5,7,9,6,7,6,7,5,5,6,7,5,7,5,8,6,8,6,9,9,9,6,7,6,9,6,8,9,5,6,8,9,7,7,9,8,5,7,5,6,0,9,7,5,7,7,5,9,7,9,9,7,9,7,6,5,9,5,7,6,6,8,8,5,9,7,8,7,9,5,5,5,6,5,7,9,6,5,9,8,9,6,5,5,5,9,8,6,6,7,5,7,7,6,9,8,6,7,6,9
9,7,9,7,8,9,6,9,9,6,8,8,5,8,6,9,7,8,9,9,8,6,5,7,5,7,7,5,6,9,8,9,9,9,9,7,7,8,6,6,8,0,9,7,5,9,7,6,8,9,9,5,8,8,6,5,7,6,7,6,6,6,6,8,5,7,9,8,6,9,9,7,8,6,7,6,9,9,5,7,7,6,8,5,6,8,5,5,8,8,7,5,5,6,5,5,7,6,6,7
9,8,5,9,5,7,6,6,5,9,6,8,6,9,8,5,7,5,6,6,6,8,5,7,6,9,7,6,6,7,9,8,7,7,8,9,5,9,5,9,6,9,0,5,8,7,9,8,5,7,9,7,6,9,5,6,6,8,8,8,6,5,5,9,8,9,8,5,9,6,9,9,8,9,7,9,7,8,6,5,7,5,6,8,6,9,8,8,6,6,6,5,7,5,9,9,6,9,6,9
9,8,9,9,8,5,9,7,7,6,8,7,7,8,5,5,8,6,8,8,6,9,8,8,9,9,7,7,5,7,7,7,6,7,5,8,6,7,5,6,5,5,5,0,5,7,9,8,9,5,8,5,5,6,8,7,9,9,5,9,8,8,6,6,5,9,5,6,5,7,6,9,6,5,7,7,5,8,8,5,5,5,7,7,6,6,6,6,8,9,6,9,5,7,6,7,9,9,5,6
6,8,8,7,8,9,9,5,9,5,7,5,6,5,8,8,5,8,5,8,7,9,7,5,5,7,8,8,8,9,8,6,8,6,9,7,7,5,8,6,7,6,6,8,0,7,6,7,5,8,8,7,5,8,7,9,6,5,7,6,5,6,5,6,5,6,5,7,9,5,6,6,9,5,9,6,5,7,9,8,9,9,7,5,5,6,8,8,5,7,7,7,9,9,7,5,6,9,6,6
6,9,8,9,7,7,8,5,9,6,8,9,5,8,7,5,8,5,6,8,7,7,6,6,8,9,6,9,7,8,9,5,5,7,7,5,6,8,7,8,7,8,8,9,9,0,8,6,5,7,6,6,5,8,7,8,8,7,6,5,8,5,8,7,5,6,7,8,7,6,6,9,5,7,8,6,9,9,6,7,5,7,5,7,5,7,9,7,8,9,8,7,5,7,9,7,8,5,8,8
6,9,8,9,5,7,6,7,9,6,9,9,6,9,5,5,9,6,7,7,7,5,5,8,7,8,8,8,8,5,7,8,5,8,5,5,9,6,6,7,6,6,7,6,9,9,0,6,5,7,9,7,6,7,5,5,6,9,9,7,6,9,8,9,9,8,6,8,8,8,9,6,8,5,5,6,6,8,8,9,8,7,7,5,9,7,5,5,5,7,9,5,9,8,9,8,8,6,8,7
8,5,8,7,7,7,9,6,7,8,9,8,6,5,9,9,6,7,5,6,8,5,7,5,9,8,7,9,5,7,8,9,9,5,6,7,9,5,8,6,8,9,8,7,7,5,9,0,8,9,5,7,6,6,7,9,7,7,7,7,8,5,9,5,5,5,5,8,5,9,6,9,5,8,9,7,8,7,5,8,8,9,8,5,5,5,6,7,7,5,8,5,6,8,9,5,9,8,7,6
7,7,8,8,8,5,6,7,7,9,5,9,6,9,8,9,6,9,9,5,8,7,5,9,5,5,8,6,9,8,8,5,9,9,6,6,5,9,6,5,8,9,5,8,5,8,8,7,0,5,9,9,9,9,7,7,9,6,8,8,7,7,5,8,9,6,5,5,7,7,6,9,6,7,9,7,9,7,7,9,6,7,5,6,9,8,8,6,6,6,7,9,7,6,8,8,7,6,6,6
9,8,6,5,8,5,7,6,9,5,8,7,9,9,6,5,6,8,8,5,7,9,8,5,5,7,6,9,9,5,9,8,6,5,9,8,5,5,8,9,6,6,6,6,8,5,5,8,5,0,8,6,9,7,5,9,5,5,5,9,6,8,7,7,9,6,5,5,8,9,8,9,6,5,9,8,5,8,7,7,5,6,8,9,5,9,5,5,5,6,8,7,5,5,7,5,8,8,7,9
8,9,7,8,6,8,9,8,8,6,8,7,7,7,8,9,9,7,6,9,6,9,5,7,5,5,9,6,8,8,5,6,5,7,9,6,9,5,8,7,9,6,6,8,7,6,9,8,6,7,0,5,6,6,7,8,8,9,9,7,6,9,8,9,5,6,6,6,5,7,7,9,9,9,9,5,9,7,6,9,9,5,6,9,5,8,8,5,8,8,6,6,9,7,6,8,5,6,6,6
5,9,9,5,8,7,6,6,7,7,8,5,8,9,8,5,8,9,8,6,7,6,8,6,6,5,9,7,8,6,9,7,6,9,9,9,5,5,5,8,7,7,7,6,5,5,8,5,8,5,9,0,6,7,9,9,9,6,7,8,7,8,8,8,6,7,6,9,8,5,9,5,7,8,5,9,5,9,6,6,6,7,9,8,7,6,8,9,6,5,9,7,7,7,7,9,8,9,6,9
8,5,5,9,9,5,7,7,7,9,8,5,9,6,7,5,8,5,5,9,8,6,8,8,5,6,7,5,5,5,6,5,7,7,7,5,7,5,9,6,9,6,7,6,6,9,7,6,5,7,6,8,0,8,7,5,7,7,6,8,7,8,7,6,6,8,8,7,7,8,6,8,8,5,9,9,7,8,6,7,5,8,5,5,8,9,8,7,5,6,5,8,5,6,6,7,7,9,6,8
8,7,5,7,8,8,8,7,9,7,8,8,5,9,8,9,8,7,8,6,9,5,7,5,8,8,8,6,9,6,7,7,7,8,9,8,7,7,6,5,5,6,8,7,8,7,8,6,8,6,9,5,6,0,9,8,7,9,9,9,5,5,6,7,7,9,6,5,6,9,9,6,5,5,7,5,7,7,9,7,6,9,6,8,7,6,7,5,7,9,6,8,7,8,6,9,9,9,5,7
6,6,6,6,8,5,9,9,8,8,6,5,5,7,8,5,9,7,9,6,7,5,8,6,8,5,8,6,8,8,6,8,6,6,5,5,8,9,9,7,7,7,7,8,8,6,8,5,5,6,5,6,9,9,0,5,6,7,9,8,7,6,7,6,5,7,7,9,8,6,7,7,9,7,7,9,9,7,9,8,7,7,8,6,7,7,5,9,7,6,8,7,8,6,7,5,9,6,6,6
6,7,9,8,7,8,6,8,7,5,5,8,8,6,6,5,8,6,8,7,7,8,6,7,7,5,9,7,5,6,9,8,6,7,7,5,7,9,8,8,6,6,6,6,5,5,8,6,5,7,7,8,7,9,9,0,7,5,7,6,7,9,8,7,5,5,7,7,6,9,5,7,8,7,9,6,5,6,5,7,7,7,7,7,8,8,5,5,6,7,9,5,5,8,6,9,7,9,6,5
8,7,7,7,9,9,9,6,8,7,9,6,5,9,8,9,6,6,9,6,9,6,5,8,9,5,6,5,5,5,9,6,5,9,9,5,9,5,7,8,9,9,7,9,8,8,5,5,9,6,8,5,9,9,6,6,0,6,8,7,8,8,8,5,8,8,8,5,5,5,8,5,5,9,5,7,5,8,6,5,5,5,5,6,8,6,8,6,5,7,7,9,5,8,8,5,6,8,9,6
9,7,9,5,5,6,7,6,9,7,5,8,9,8,6,8,7,7,7,6,9,7,9,7,7,9,9,7,5,5,5,6,8,5,5,7,6,5,5,6,9,6,6,8,7,9,9,7,6,5,7,8,6,8,6,7,8,0,6,7,6,7,9,6,8,6,9,9,9,8,8,6,7,7,5,6,8,5,6,5,8,5,6,5,5,7,7,9,5,8,7,9,5,8,8,9,9,5,7,6
7,9,9,8,7,9,5,6,6,6,8,7,6,5,8,6,6,9,6,6,9,5,9,6,5,8,5,8,8,6,7,7,7,9,8,8,5,7,7,6,7,5,8,8,5,5,8,5,9,6,7,5,9,6,7,7,5,8,0,8,9,8,6,7,5,9,5,9,6,6,9,6,8,6,9,9,8,6,6,5,5,5,5,9,7,8,6,8,6,7,6,8,7,9,8,7,5,8,8,8
5,6,6,8,9,5,9,9,9,7,8,5,9,8,8,9,8,7,5,6,7,6,8,9,5,6,9,8,7,7,9,5,8,7,9,8,8,6,9,6,8,7,8,8,8,5,8,9,6,9,9,7,8,6,5,8,7,7,8,0,7,6,6,6,7,8,7,6,6,8,9,5,6,7,8,8,5,7,9,5,9,7,9,7,7,7,6,7,7,6,6,6,6,7,7,9,7,5,6,5
5,9,7,5,7,9,8,5,9,8,5,5,8,6,8,5,6,8,9,9,6,5,9,5,6,7,8,8,5,8,5,9,6,9,9,5,5,8,5,8,9,6,7,9,6,5,8,9,9,7,8,8,6,6,8,5,9,6,9,9,0,5,9,9,5,7,5,9,9,6,7,9,7,8,5,5,5,7,5,9,5,9,8,9,8,5,7,8,9,5,9,5,8,9,5,8,5,6,6,6
5,6,9,7,6,7,5,9,5,6,8,7,9,7,8,9,6,9,6,5,5,6,5,8,7,7,5,8,8,7,5,9,5,8,8,9,5,5,8,5,9,7,8,8,7,6,5,6,6,6,6,5,9,6,6,8,5,5,5,9,7,0,7,6,7,5,8,6,6,9,8,8,5,5,6,5,7,8,7,6,6,6,9,6,7,6,9,9,9,7,9,8,5,5,9,8,7,6,5,7
8,9,9,6,7,7,5,5,8,5,8,9,8,8,8,7,7,5,9,6,6,8,7,9,9,9,8,9,6,8,8,6,8,9,7,6,7,7,9,9,5,9,6,8,8,9,9,6,6,6,5,6,7,8,5,9,7,5,7,7,8,6,0,8,5,7,7,6,9,6,7,5,9,6,9,6,7,7,8,5,9,9,7,7,9,7,6,9,9,8,8,8,6,5,6,6,9,5,5,6
5,8,5,5,9,6,5,5,7,7,8,6,9,9,7,7,6,8,8,7,5,8,7,5,7,9,8,9,5,8,6,6,6,6,5,6,9,6,8,8,6,6,6,6,9,6,9,7,7,8,9,6,7,7,5,7,6,5,7,5,7,6,5,0,9,5,7,5,7,8,6,8,9,9,5,6,8,7,5,5,6,9,5,6,6,8,5,9,9,5,8,5,9,9,8,6,5,6,7,6
7,6,6,8,6,5,9,6,7,6,7,9,6,9,6,5,6,9,8,5,5,8,5,6,5,6,9,5,5,8,5,7,9,9,8,5,8,6,5,6,9,8,6,7,8,8,8,9,8,8,9,6,8,7,5,8,5,9,8,9,5,9,5,8,0,6,9,5,7,6,5,6,9,8,7,5,6,6,8,8,7,7,9,7,7,9,9,9,7,8,9,9,9,8,5,5,9,8,8,6
8,7,6,8,7,6,9,7,5,6,9,7,6,6,5,7,5,7,8,9,6,5,7,9,6,6,7,5,8,7,6,8,7,7,9,9,5,6,9,5,9,7,8,5,8,7,8,8,8,8,9,6,9,9,9,8,5,7,6,5,9,9,9,8,9,0,6,9,9,6,5,6,8,7,7,5,9,7,6,5,9,8,8,7,9,7,9,8,8,8,6,9,8,5,8,6,5,8,9,6
6,8,8,6,8,6,5,9,7,9,9,5,8,6,6,7,5,6,9,6,5,8,5,6,5,5,8,8,8,5,9,6,7,5,8,6,9,7,9,7,6,5,5,9,8,5,6,6,9,6,5,8,8,8,5,8,7,7,5,7,8,7,5,6,9,8,0,8,7,7,5,8,7,7,6,9,9,7,6,7,5,9,7,8,7,5,6,7,8,5,5,8,6,7,6,9,9,5,8,9
5,6,9,8,9,7,7,5,7,9,5,5,6,9,5,8,6,8,7,6,7,5,9,7,7,6,6,5,6,6,9,9,9,6,7,8,9,8,9,5,7,6,9,8,9,9,6,6,6,8,7,5,7,6,6,9,6,7,5,7,6,6,9,5,9,6,6,0,9,7,6,8,7,9,7,9,6,5,6,7,7,9,9,8,8,8,9,6,7,9,7,6,7,7,7,8,5,7,9,8
8,8,7,9,5,9,5,6,5,6,5,9,5,9,8,7,6,8,6,6,5,9,8,9,5,9,5,9,6,8,9,9,6,7,9,8,7,5,8,8,8,7,6,6,9,8,6,8,9,5,7,7,6,7,8,9,5,7,9,6,8,5,9,6,7,6,7,8,0,9,9,9,6,9,7,8,7,7,7,5,6,8,7,5,6,6,7,7,9,8,5,8,5,6,7,9,8,8,9,8
7,5,7,8,9,5,5,7,8,8,5,6,7,6,7,7,6,9,7,5,9,8,8,9,9,6,9,9,7,8,5,9,8,8,7,6,5,8,6,6,5,5,9,5,8,8,5,8,9,9,7,8,5,9,9,9,6,8,9,7,5,5,9,5,8,6,8,9,9,0,5,7,8,8,6,9,9,9,8,6,5,6,6,5,8,5,6,8,8,9,8,9,7,9,8,5,9,5,9,6
7,5,6,9,8,7,9,9,9,9,9,9,8,7,8,6,9,5,6,9,6,7,9,5,5,5,5,8,9,6,9,8,5,6,8,5,5,6,7,5,6,7,9,9,9,9,6,9,6,7,5,9,9,9,9,5,6,5,8,7,7,6,9,8,9,6,9,6,8,8,0,6,7,8,5,8,9,7,5,5,6,9,5,7,7,5,5,9,5,6,8,8,9,8,9,8,5,7,6,9
7,5,9,6,7,5,7,6,8,6,5,7,6,9,7,7,6,8,7,7,9,7,8,5,5,9,7,9,8,6,8,6,6,5,8,5,5,8,9,6,7,9,5,9,6,6,7,9,5,6,7,6,5,8,5,5,6,9,6,8,8,8,7,7,8,8,5,5,6,6,7,0,8,9,5,9,5,7,9,8,8,6,7,9,6,9,6,6,7,5,7,9,6,7,6,7,9,6,7,5
7,5,7,7,8,9,9,7,5,8,5,8,7,5,7,6,6,8,6,8,6,7,8,5,9,7,5,5,8,7,5,8,9,8,6,8,9,5,5,7,5,9,6,9,5,9,7,6,5,9,6,5,5,9,8,5,6,7,8,6,8,8,8,7,8,6,9,8,9,8,7,5,0,8,8,8,6,6,9,9,5,5,9,5,8,5,9,8,9,5,5,6,7,7,8,8,6,5,8,5
8,5,9,7,6,6,5,7,6,6,6,9,7,7,7,6,9,8,5,6,9,8,9,8,8,6,5,8,9,5,6,6,7,8,6,5,6,7,8,6,9,7,6,8,8,6,8,9,9,7,9,8,5,6,6,5,5,5,8,9,6,7,7,6,9,5,6,9,6,7,5,6,9,0,8,6,7,6,6,5,7,7,5,8,6,5,8,5,5,7,5,9,5,8,9,9,7,9,5,8
7,9,9,8,6,7,7,8,7,9,9,8,9,5,6,6,6,8,5,5,6,5,5,6,5,8,9,7,5,8,9,7,6,7,7,7,8,6,7,9,8,9,7,6,8,7,9,9,7,7,8,8,8,5,6,6,8,8,8,8,7,9,8,9,5,6,7,6,8,8,8,9,6,6,0,6,6,7,9,8,8,8,5,5,7,9,5,9,6,6,6,9,9,8,8,6,8,6,8,5
7,5,8,6,9,8,8,7,6,8,5,8,9,5,9,9,7,9,5,9,9,6,5,5,6,9,9,6,7,5,8,5,9,8,6,8,5,9,5,9,6,7,7,8,6,7,5,9,8,9,8,8,6,8,6,5,9,7,9,5,9,7,5,5,9,9,9,5,8,6,9,8,8,6,8,0,6,9,7,9,9,9,9,7,8,6,9,8,5,7,6,8,7,9,5,9,9,7,7,8
6,7,9,5,7,9,5,5,5,5,9,6,7,8,9,5,5,9,6,9,9,6,8,7,7,7,7,8,7,6,8,9,6,8,7,6,9,8,5,8,5,9,8,5,8,5,6,8,9,9,9,9,5,7,8,5,9,6,7,9,7,7,7,8,6,5,9,8,5,8,6,6,9,7,8,5,0,7,8,9,7,6,8,8,8,7,9,8,9,9,7,7,7,6,5,6,8,7,5,8
7,6,7,7,6,8,8,5,7,9,8,7,5,7,5,8,8,8,9,6,7,7,9,9,8,6,9,5,9,6,9,7,6,9,6,6,8,5,7,9,8,9,5,9,5,9,6,9,6,6,8,9,8,8,6,5,6,8,9,5,9,8,5,6,9,5,5,6,5,8,9,7,6,9,7,8,6,0,9,8,8,5,9,9,7,7,5,9,7,8,5,5,5,6,7,5,5,8,8,5
5,8,9,9,7,6,5,8,9,6,8,9,6,9,6,9,5,8,8,8,9,6,8,7,5,7,9,6,8,9,6,9,7,9,8,9,5,5,6,5,6,6,5,6,5,6,9,6,9,7,5,7,5,9,6,8,5,7,8,9,7,9,5,5,5,8,6,7,6,7,9,5,7,7,6,8,6,6,0,7,8,8,7,6,6,8,9,9,7,8,9,8,7,6,6,7,7,6,5,6
6,9,7,5,7,7,5,9,7,8,8,7,9,9,5,6,9,7,8,6,5,9,8,9,6,8,6,9,6,9,9,7,6,5,6,8,6,7,9,8,8,9,7,9,9,7,9,8,5,5,7,9,7,9,5,7,6,8,8,8,5,5,8,7,8,6,6,8,8,6,5,7,8,5,7,6,7,8,9,0,9,9,8,8,6,6,9,5,7,5,8,7,8,9,5,8,7,6,9,6
8,5,6,5,9,5,5,6,6,6,9,5,7,8,8,9,7,7,7,5,8,6,9,7,9,8,6,7,7,7,9,9,7,7,5,8,8,8,8,5,5,8,8,5,6,8,9,9,5,6,5,5,9,8,7,7,6,8,5,5,8,8,8,9,7,9,7,5,8,9,6,8,8,6,9,5,7,8,6,5,0,9,7,7,5,6,9,5,9,5,7,7,5,7,8,7,7,9,8,8
6,5,9,5,5,5,7,6,7,8,6,9,7,6,9,6,5,6,7,8,8,8,8,9,5,7,5,5,5,8,7,5,9,5,9,5,9,6,6,5,8,7,8,5,8,7,9,8,8,6,7,6,7,5,5,7,7,9,9,7,9,6,5,8,6,6,5,7,6,9,6,8,9,7,9,5,5,8,6,7,8,0,7,7,8,6,5,8,8,5,6,7,5,7,8,5,7,7,9,8
7,7,7,7,8,5,8,7,9,5,9,7,9,8,7,9,7,9,6,7,6,7,6,6,9,6,6,6,5,6,7,7,6,9,9,5,6,9,8,8,8,8,8,8,5,9,8,7,9,9,8,7,5,6,7,9,5,5,7,7,9,6,6,8,8,7,5,9,8,6,8,7,6,8,9,8,8,8,5,9,8,8,0,6,6,8,9,7,9,7,9,9,5,7,5,9,6,6,5,9
8,9,9,8,7,6,5,6,7,7,9,5,7,9,7,9,5,5,5,9,8,9,5,7,9,7,7,5,5,9,8,6,8,9,7,5,8,5,8,9,7,8,5,7,7,8,7,6,9,6,9,6,5,5,5,8,9,6,9,5,9,5,5,8,9,7,7,7,7,7,5,9,6,5,7,9,9,7,9,5,9,5,5,0,8,9,6,6,7,8,8,5,7,6,8,5,7,8,6,7
5,6,9,9,7,6,9,5,9,8,6,9,6,6,8,5,8,5,6,8,7,5,5,9,8,6,7,8,8,5,9,6,7,9,9,9,5,5,7,7,5,6,6,9,7,9,9,5,8,7,6,7,6,8,5,9,5,9,5,5,8,6,6,9,8,9,6,6,7,8,5,7,7,9,7,5,9,6,7,9,6,7,5,5,0,8,7,9,9,9,9,8,5,5,7,8,9,9,7,5
7,7,8,8,9,7,8,5,7,5,9,5,9,7,6,9,6,5,6,5,5,5,6,6,7,5,9,7,9,5,7,6,6,5,5,6,8,8,5,8,9,7,7,8,5,9,8,8,9,8,7,8,8,6,9,7,6,6,5,9,7,6,5,6,8,7,8,9,6,9,5,7,5,7,5,8,7,8,6,8,6,5,8,6,8,0,9,7,9,5,8,5,7,8,6,5,8,6,6,5
7,5,9,7,9,7,9,8,5,6,6,9,7,5,7,7,7,7,8,7,8,5,9,9,8,8,8,9,8,7,6,6,5,7,8,8,7,8,8,9,9,5,7,8,9,8,7,6,5,8,8,6,8,9,6,7,5,5,9,6,9,9,9,8,9,9,8,9,7,8,5,9,9,9,8,8,7,6,9,9,5,6,8,9,9,5,0,8,6,6,5,7,7,9,7,9,5,5,9,8
9,9,7,9,7,8,9,7,8,6,8,9,9,5,9,5,8,5,5,9,9,6,7,8,6,6,7,9,7,5,8,7,8,7,5,9,7,6,6,6,9,8,9,5,8,6,7,7,9,6,6,9,5,5,8,7,7,9,8,5,5,9,9,8,8,5,6,6,9,9,8,6,8,9,9,6,7,6,5,5,8,5,5,5,8,8,7,0,8,8,8,7,8,8,6,5,5,8,5,7
8,9,5,8,9,8,5,6,6,6,7,9,5,9,8,6,9,8,8,5,9,7,7,7,5,7,9,7,7,8,8,7,7,9,7,5,8,7,6,7,8,7,6,7,6,8,6,9,5,9,5,7,9,5,7,5,6,7,7,6,8,7,9,7,7,5,7,5,7,8,8,7,7,6,6,7,6,5,6,6,5,5,7,7,8,6,7,7,0,7,6,8,5,5,9,9,6,8,9,9
5,6,5,7,7,6,8,9,8,8,5,9,6,5,5,5,7,5,6,9,6,7,9,8,5,5,7,6,8,6,5,9,7,6,5,5,9,8,5,6,9,6,9,8,6,7,6,9,5,8,7,5,6,9,7,8,7,7,6,7,8,6,6,7,8,6,7,9,9,5,6,8,5,5,9,5,8,5,6,7,8,8,6,9,8,9,7,7,8,0,7,7,7,7,8,7,8,5,6,5
5,5,7,9,5,7,8,5,6,9,7,5,6,5,8,9,5,9,6,8,8,8,9,5,7,7,8,6,7,7,6,5,6,9,6,7,5,8,6,7,5,8,6,7,6,7,6,7,8,9,7,8,8,8,7,6,5,6,7,7,8,7,8,8,8,7,8,6,8,5,8,6,8,8,8,9,7,7,9,9,5,6,7,8,5,7,6,7,7,9,0,7,9,5,8,9,7,5,8,8
9,8,9,8,7,5,5,5,5,5,7,9,7,7,7,7,7,9,5,8,5,5,6,9,9,8,8,6,9,9,5,9,9,8,9,6,6,7,5,7,9,7,6,7,5,9,9,6,7,6,6,7,5,9,7,8,7,5,8,9,6,9,5,5,9,8,5,8,7,6,5,9,9,8,8,8,9,8,8,9,8,6,8,8,7,7,8,9,5,6,8,0,6,9,5,5,5,6,5,8
6,9,5,9,6,5,7,8,7,6,9,8,8,6,8,6,9,6,7,8,6,9,5,8,5,7,9,5,8,7,8,6,8,5,6,5,7,7,6,7,5,9,6,8,6,7,5,9,5,9,5,9,8,7,6,7,8,7,8,9,6,6,9,9,7,7,9,8,9,8,8,7,9,5,8,6,7,7,7,7,7,5,5,9,7,9,8,6,8,9,6,9,0,8,7,6,8,9,7,5
8,8,6,9,7,5,7,9,8,9,5,5,6,5,5,6,5,6,5,7,8,9,8,5,5,6,9,8,6,9,5,7,9,6,8,9,6,5,7,8,9,9,5,7,8,9,5,8,7,5,5,6,8,5,7,8,9,5,8,5,6,9,8,8,8,7,5,9,7,6,5,5,8,7,7,8,9,5,7,6,6,5,6,5,9,9,8,9,9,9,9,5,6,0,7,7,5,6,6,8
5,9,5,6,6,5,5,7,6,7,8,9,8,8,7,9,5,7,7,9,9,9,5,5,7,6,5,8,6,5,7,7,7,7,7,7,5,8,9,5,9,6,6,6,5,5,5,6,9,7,6,7,8,7,8,5,8,5,9,9,9,6,5,6,5,6,6,6,5,5,9,7,8,7,9,8,8,9,9,7,5,8,8,8,8,5,8,5,8,7,9,9,9,5,0,6,7,6,9,6
8,8,9,6,9,8,9,9,6,7,5,6,9,5,7,8,5,7,6,8,5,7,6,7,8,6,9,7,8,6,7,7,8,7,5,9,6,7,9,9,8,5,7,7,8,5,9,9,7,6,5,9,9,6,5,6,6,6,7,7,9,6,6,9,5,8,8,6,9,8,7,8,7,7,9,9,9,9,9,8,6,9,5,6,6,7,7,7,7,9,7,5,5,6,5,0,7,9,8,7
9,7,8,9,9,8,6,6,6,7,6,6,7,6,8,6,5,6,9,8,7,5,6,9,5,5,7,8,5,7,6,9,6,6,5,6,7,5,6,8,9,5,6,9,5,7,9,8,6,5,9,6,5,9,9,8,6,9,9,8,6,8,5,9,5,6,5,5,6,7,8,5,9,5,8,7,9,6,8,7,5,8,6,5,7,5,9,6,7,6,5,8,5,8,6,6,0,9,6,9
9,7,9,7,9,6,9,6,9,5,6,9,9,5,6,7,8,7,5,7,9,6,8,7,9,6,5,9,6,8,7,7,8,7,8,5,6,5,6,9,7,9,9,6,6,7,5,7,8,5,8,8,9,8,9,7,9,6,8,8,5,5,5,5,7,9,5,6,7,6,5,7,5,5,5,5,7,7,6,7,5,7,5,5,5,9,7,9,8,5,6,5,7,8,8,7,8,0,8,8
6,6,9,5,7,9,6,7,9,8,8,5,7,9,5,7,7,9,9,5,8,7,6,8,6,5,5,5,7,7,7,6,8,8,5,6,6,7,8,6,8,6,8,6,9,9,9,6,6,6,5,7,8,7,9,9,5,5,8,6,9,5,5,6,5,6,7,8,8,9,5,5,6,8,6,7,8,5,9,6,6,8,9,6,6,5,8,5,8,6,5,6,9,7,6,8,5,6,0,5
7,7,5,7,6,5,5,6,5,5,6,5,5,6,6,9,5,6,9,5,5,8,6,9,7,8,9,5,8,7,8,7,6,9,6,8,6,6,7,5,6,9,7,9,6,5,5,5,7,7,5,6,5,6,9,9,6,6,9,7,6,9,7,8,7,9,8,5,9,7,8,9,8,8,8,6,5,6,7,7,7,8,7,6,6,6,6,5,9,7,7,5,6,9,8,6,7,9,7,0
