R=100
Pi=(22,26,28,21,25,21,22,29,23,23,25,28,26,20,20,29,21,28,27,24,22,25,24,20,29,24,25,25,23,24,22,22,25,20,26,28,25,24,28,26,28,25,28,26,24,24,23,25,24,26,27,20,28,20,27,27,21,27,22,21,26,27,25,28,20,22,23,26,23,21,23,26,29,20,26,26,27,28,25,25,20,20,21,27,27,22,24,24,22,29,26,27,22,27,29,21,29,29,25,22)
A=
1,2,0
3,4,0
5,6,0
6,7,0
7,8,37
8,10,0
11,12,0
12,13,0
13,15,28
17,18,25
18,19,28
19,20,29
21,22,24
25,26,0
26,27,0
27,28,0
28,29,0
29,30,39
30,31,0
31,34,24
36,37,0
37,38,0
39,40,0
40,41,0
41,43,35
44,45,0
46,47,0
47,48,0
48,49,26
49,50,22
55,56,29
56,57,27
57,58,21
59,60,21
62,63,21
63,64,25
64,66,28
67,68,0
68,69,29
70,71,0
74,75,0
76,77,0
77,79,20
78,80,25
82,84,21
89,91,23
91,93,0
95,97,38
97,99,0
98,100,32
Sij=
0,8,7,7,8,6,5,9,6,9,6,5,7,5,8,9,6,5,6,6,7,8,7,7,9,6,5,7,5,7,9,7,6,9,5,5,8,7,8,6,8,8,5,6,6,9,5,5,9,5,8,7,9,9,9,5,5,5,8,7,6,8,9,8,9,8,8,8,9,7,5,8,6,9,7,9,7,5,6,9,6,9,7,9,8,7,8,6,9,5,9,8,9,6,5,5,8,6,7,8
5,0,7,6,6,5,9,5,9,6,9,7,5,8,8,5,6,5,9,9,6,9,7,8,8,7,6,9,5,9,7,5,5,7,7,8,9,7,5,9,9,7,8,9,5,7,9,9,5,5,8,9,9,6,6,8,8,9,8,9,8,5,9,5,9,9,7,7,5,9,6,9,9,9,5,8,6,7,7,5,7,7,8,5,5,7,5,8,6,9,5,9,9,6,6,8,8,7,5,5
5,7,0,8,5,8,9,9,5,5,8,6,5,6,7,6,6,7,9,5,6,8,8,6,6,9,6,9,8,8,7,5,9,7,7,9,5,8,7,6,5,7,5,8,8,8,5,8,6,9,5,6,8,7,8,7,7,6,7,6,6,9,6,7,8,7,7,8,9,7,5,8,9,7,9,8,7,5,8,8,8,8,8,8,7,6,6,7,8,9,7,9,5,5,9,6,6,8,9,5
6,6,9,0,9,9,7,6,5,7,9,5,7,7,9,7,8,6,7,9,6,5,9,9,9,5,6,7,9,8,7,7,8,5,7,7,7,8,8,9,5,5,5,9,8,9,5,6,6,7,5,9,9,9,8,9,6,6,9,8,7,9,7,7,9,7,6,6,9,7,5,5,7,7,8,6,5,5,6,5,5,9,5,6,7,8,8,9,7,8,5,5,8,5,6,5,8,7,9,6
7,8,6,9,0,7,5,7,6,5,6,9,6,5,9,8,7,9,5,5,6,9,7,9,6,6,5,6,7,6,8,8,7,5,5,7,6,7,6,9,6,6,7,8,5,9,9,5,8,6,9,6,7,7,8,6,9,8,5,7,6,8,9,5,7,8,6,6,9,6,7,5,7,6,9,5,6,9,9,6,7,5,7,5,6,6,5,5,7,8,7,8,7,9,7,7,6,7,5,6
7,8,5,7,9,0,8,9,6,7,7,9,5,9,8,5,6,5,8,8,6,8,6,8,6,8,8,8,8,8,6,8,9,9,7,9,9,9,5,6,8,7,8,7,9,8,7,8,8,8,5,7,7,9,9,8,6,9,8,8,5,5,6,8,6,9,5,6,6,9,5,6,5,7,5,9,9,9,9,7,6,5,5,9,7,9,5,5,9,9,7,5,6,7,5,7,6,5,5,9
8,6,7,8,7,8,0,7,5,9,9,8,7,9,6,7,5,5,6,5,7,8,9,6,6,6,5,5,7,6,7,8,9,8,9,9,9,7,6,6,8,7,5,6,5,5,5,5,5,9,5,6,9,9,8,6,8,9,5,6,7,8,9,8,6,6,9,9,9,6,7,8,9,5,6,9,8,8,6,6,6,5,5,7,6,6,8,9,9,8,5,5,6,5,9,5,8,6,9,8
6,6,5,8,7,6,7,0,9,8,9,7,5,8,9,5,6,7,6,6,9,8,5,9,6,6,7,6,9,5,5,6,6,8,8,9,9,9,7,5,5,9,9,6,5,5,5,6,6,9,7,8,6,5,5,9,5,6,9,6,5,5,8,8,7,7,6,6,5,5,6,7,9,5,6,5,9,9,9,5,5,5,5,9,8,7,9,6,8,8,9,7,9,5,5,9,5,5,8,7
9,8,6,6,8,5,8,5,0,8,9,5,6,6,9,5,9,9,8,5,5,7,9,7,6,6,8,7,8,5,6,9,8,5,7,5,6,9,9,6,7,8,8,7,9,7,7,5,5,5,6,5,7,5,8,9,9,6,9,5,5,7,9,5,7,9,7,5,9,8,8,9,5,7,7,6,8,7,8,9,8,7,7,8,9,6,7,7,7,7,6,5,9,9,6,5,9,8,5,5
5,6,6,6,6,6,5,9,7,0,7,5,7,7,5,6,7,9,5,6,5,6,9,8,7,7,7,9,6,6,7,7,5,6,8,8,7,6,6,7,7,6,7,5,5,6,8,8,9,7,8,5,8,7,9,8,5,8,9,8,8,6,8,8,9,5,5,5,9,6,9,6,8,8,8,9,9,8,8,5,8,9,5,8,8,7,8,8,7,5,8,9,7,7,8,6,7,9,6,5
6,8,9,7,8,6,6,9,8,9,0,9,6,9,8,5,9,5,9,5,7,6,6,8,9,8,5,9,5,9,7,7,5,7,8,8,5,5,7,5,6,5,9,9,7,5,6,9,8,7,9,5,7,8,8,8,5,9,5,9,7,7,6,5,6,7,8,8,6,9,9,9,8,9,9,6,7,6,6,8,7,6,5,8,9,6,5,6,8,9,8,5,9,8,8,8,9,8,8,5
7,7,7,8,7,5,7,8,9,7,6,0,8,8,7,7,6,7,7,5,5,6,7,5,7,6,9,9,9,6,6,6,8,8,6,5,9,8,6,6,9,9,7,7,6,7,5,7,7,6,6,5,7,8,8,8,9,7,5,7,8,6,7,6,7,5,8,9,7,6,7,8,5,6,6,5,9,9,8,9,5,6,6,8,9,5,9,9,5,7,6,7,7,8,7,8,6,5,9,5
9,5,5,6,9,8,9,5,7,7,8,5,0,8,5,7,6,9,9,7,7,6,9,9,9,5,9,5,7,8,7,9,9,9,8,5,9,6,5,8,6,6,8,6,7,8,5,8,7,6,5,8,7,8,7,9,9,6,5,6,9,8,7,7,9,8,9,5,5,5,7,5,8,5,5,6,7,7,6,5,9,6,8,5,7,9,6,5,7,8,5,8,5,9,9,8,8,6,7,9
8,5,7,6,9,5,5,6,7,6,6,7,5,0,9,7,7,5,6,9,5,6,9,8,7,9,9,5,9,5,7,7,6,9,6,6,8,8,6,6,7,9,5,8,5,6,7,7,5,7,6,8,6,6,6,8,9,6,5,6,9,9,5,5,9,9,5,7,8,8,8,9,8,9,7,6,5,5,8,5,6,6,9,7,9,9,5,5,8,8,6,6,7,9,7,7,8,9,8,6
5,9,9,7,9,7,9,6,8,5,7,9,8,5,0,9,8,5,8,6,9,8,5,9,5,6,6,7,8,7,5,8,5,6,6,9,6,7,7,7,7,5,8,6,7,6,7,7,7,9,8,7,9,8,8,7,5,5,8,6,7,9,5,9,8,7,6,7,7,5,7,5,8,5,9,9,9,9,6,9,8,8,9,9,8,8,8,7,8,8,9,6,8,5,5,7,9,9,7,5
9,5,5,6,6,8,8,8,9,9,8,5,8,9,8,0,8,5,6,5,5,8,9,9,8,6,6,7,7,5,6,5,5,6,5,9,7,8,8,7,5,9,9,7,8,5,8,7,8,7,6,7,7,9,7,6,5,6,6,5,5,5,6,8,7,9,7,9,7,5,5,5,6,9,9,6,9,6,5,7,7,8,8,5,8,9,7,5,9,9,9,6,6,7,6,9,8,5,5,9
7,9,9,8,6,6,5,8,5,5,7,9,6,9,7,6,0,7,5,9,7,6,7,9,8,6,9,9,9,7,9,8,8,5,5,9,8,8,5,8,7,9,8,5,8,6,9,5,7,9,5,7,7,6,7,7,5,9,6,7,6,6,5,6,5,7,8,8,5,9,9,8,6,7,7,8,8,6,6,6,6,9,7,9,7,6,5,7,8,8,9,9,7,7,6,5,8,7,9,6
7,6,9,7,5,6,6,5,9,9,9,8,8,9,6,7,9,0,6,9,9,6,6,5,6,9,5,6,8,5,6,9,6,7,9,8,9,9,9,9,5,5,5,8,8,9,5,5,7,6,9,6,7,7,5,9,6,6,8,7,5,5,7,5,7,9,7,6,8,6,6,7,5,7,9,8,5,8,6,7,9,9,8,7,5,9,7,8,6,5,7,8,6,6,8,9,8,5,5,8
6,9,6,6,5,6,6,5,8,7,8,7,9,5,8,5,7,5,0,9,8,7,8,9,8,8,8,6,8,8,9,5,5,8,8,5,5,7,7,6,9,8,7,5,9,6,9,9,5,8,8,7,8,6,7,6,7,9,8,7,6,9,7,6,8,6,8,9,6,9,8,7,9,8,9,5,5,8,5,6,9,8,5,5,5,7,6,8,6,6,7,6,9,9,5,9,5,5,6,7
7,9,8,6,9,5,7,5,6,6,6,9,9,6,8,7,9,7,6,0,6,5,5,8,9,6,7,8,5,8,5,9,9,6,7,8,9,5,9,5,5,5,6,6,9,5,8,7,7,6,7,5,8,9,5,7,7,5,8,9,7,6,7,6,6,7,6,7,6,7,8,7,9,6,6,6,8,8,9,8,8,5,6,8,5,9,6,5,6,9,6,8,6,5,8,8,7,9,9,6
9,5,5,9,7,5,5,6,7,9,9,9,6,5,5,7,9,8,6,7,0,6,6,6,6,6,9,5,9,8,7,8,8,8,7,9,7,9,7,5,5,9,9,7,6,5,6,7,6,9,5,9,8,8,7,5,7,8,8,7,8,9,5,8,5,5,6,5,8,5,8,7,7,8,5,7,6,8,5,6,5,7,8,5,7,8,9,9,5,7,6,9,5,5,7,5,8,6,7,5
9,5,9,5,6,7,7,5,8,5,9,8,8,7,7,6,5,5,5,6,5,0,6,9,6,9,8,6,6,5,9,9,5,6,9,6,9,7,8,8,9,6,9,5,5,8,8,5,8,7,6,9,7,5,5,9,7,6,8,6,7,5,5,9,9,5,8,6,8,5,7,8,7,7,5,5,6,5,9,7,6,7,8,9,9,9,6,9,6,9,8,8,9,7,6,9,6,9,6,5
9,6,7,7,9,8,7,5,9,9,8,7,7,5,5,9,7,6,5,9,9,8,0,9,8,7,9,8,5,5,6,9,6,8,9,8,9,5,5,9,6,7,6,5,7,6,6,5,9,6,6,6,9,9,7,5,5,6,8,5,5,9,6,9,7,9,6,8,8,6,5,8,6,6,8,7,7,8,7,7,5,8,9,8,9,5,9,7,6,8,8,8,7,5,9,7,5,6,7,7
5,8,7,7,6,7,5,7,5,9,7,6,8,6,9,6,9,7,5,7,9,9,6,0,5,8,6,6,5,7,6,7,6,6,9,6,7,6,7,7,6,9,6,6,7,5,6,9,6,5,7,7,7,5,9,8,6,6,7,8,5,6,9,5,8,7,6,5,9,9,7,5,7,5,8,8,7,7,9,9,7,6,9,5,9,9,9,5,6,6,5,5,8,8,7,5,5,6,8,9
8,5,5,7,8,7,5,6,6,6,5,8,7,7,6,8,6,9,5,9,8,5,9,8,0,8,6,6,9,8,8,7,5,9,9,6,6,6,7,6,6,9,7,8,9,5,6,8,5,6,8,8,6,6,8,6,7,6,7,8,6,6,6,8,8,8,9,9,7,6,5,7,8,7,8,5,5,7,9,7,6,8,6,7,9,5,6,9,5,8,8,5,8,8,5,5,8,9,5,5
5,7,5,8,6,6,9,8,8,8,6,5,6,9,7,7,9,8,8,7,7,5,9,9,8,0,5,8,9,6,7,7,6,6,8,6,9,7,8,6,8,5,7,5,7,6,8,8,9,6,7,6,9,5,7,8,5,8,6,5,6,8,9,7,6,6,5,8,8,8,7,5,6,7,5,7,9,5,7,7,9,6,9,8,9,5,7,5,9,9,6,6,6,7,5,9,6,5,8,5
6,9,5,6,9,7,5,7,5,5,9,9,6,8,5,9,9,6,7,5,8,5,9,8,6,6,0,9,8,6,5,6,8,6,6,5,5,6,8,8,6,9,9,9,8,5,6,5,7,7,5,5,9,7,7,6,6,5,6,9,7,7,7,5,9,9,5,8,9,7,5,8,6,7,6,6,8,5,5,7,9,6,6,5,5,5,6,5,8,9,9,9,9,8,6,9,7,8,9,9
5,8,5,9,7,7,9,6,6,6,7,6,5,9,9,6,6,6,9,9,7,9,5,5,8,6,8,0,7,6,7,8,5,5,5,7,6,6,7,8,8,6,9,9,6,6,7,8,5,8,9,7,6,8,5,6,5,8,9,5,5,8,6,5,9,8,7,5,9,7,8,9,8,7,6,7,8,5,8,9,6,7,8,8,6,9,7,6,9,9,6,8,6,6,7,9,9,9,9,7
8,6,9,7,5,5,8,8,7,7,8,5,9,5,9,8,5,8,8,5,6,6,6,5,6,5,7,7,0,5,7,8,8,5,5,5,9,8,5,8,6,5,9,8,6,6,5,8,6,6,9,8,6,5,9,6,6,5,9,6,9,7,6,7,5,9,9,5,8,9,5,9,9,9,6,5,6,7,9,8,5,7,6,5,5,8,7,8,6,9,9,8,9,8,9,9,8,6,8,7
7,9,9,7,6,9,8,6,8,9,9,8,6,5,6,7,5,5,7,6,7,6,9,9,9,6,5,6,5,0,7,6,5,8,7,6,5,7,8,9,6,9,5,9,7,9,5,7,8,7,6,8,7,9,7,9,5,5,5,7,9,9,7,5,6,7,9,9,8,8,5,9,7,6,5,7,6,6,6,5,9,9,6,8,8,8,8,6,6,7,5,5,7,6,9,7,6,9,7,9
9,5,8,9,7,6,6,6,8,5,8,8,8,5,7,5,7,9,7,7,8,8,8,5,8,5,7,5,7,8,0,5,6,9,7,5,9,5,6,5,7,7,7,7,6,9,6,6,7,8,8,9,7,7,9,5,6,7,7,6,7,9,5,8,9,5,6,9,6,9,8,5,6,8,9,5,6,5,6,6,6,8,5,7,8,9,7,9,9,6,8,7,7,5,8,8,6,8,8,6
8,6,9,7,9,8,8,9,7,9,9,5,5,6,9,8,8,8,9,5,7,6,5,9,5,6,7,5,9,6,9,0,7,7,5,8,5,9,7,7,5,5,7,6,9,7,8,6,6,5,9,9,8,9,8,8,6,5,9,6,7,5,7,5,6,9,7,8,9,8,9,9,5,5,9,9,5,5,5,7,7,9,6,5,9,7,6,8,9,6,6,9,9,6,9,9,7,7,5,5
9,9,6,7,6,9,9,7,9,8,7,5,5,6,9,8,9,7,5,8,8,8,9,8,6,9,5,9,5,5,6,8,0,5,5,8,8,8,8,9,5,8,8,8,5,9,5,9,7,6,6,5,5,6,6,7,6,5,8,6,6,9,9,7,9,6,9,5,9,8,5,9,5,8,5,5,9,5,8,9,5,5,8,7,8,5,6,6,8,8,6,8,9,7,7,5,8,6,9,9
9,5,9,8,6,7,9,7,6,5,7,5,6,9,5,5,6,7,8,9,5,8,7,6,6,7,5,8,5,9,7,7,5,0,9,9,5,6,9,6,6,5,8,9,7,5,5,6,9,7,7,9,5,7,5,8,6,7,7,6,8,6,6,7,7,8,9,5,7,5,9,8,6,6,7,8,7,8,9,5,5,6,5,5,8,5,6,5,9,5,7,7,8,7,8,9,9,6,7,9
5,5,8,9,7,8,7,9,5,7,6,8,8,7,5,6,6,5,8,7,6,9,5,7,7,6,5,8,7,7,9,5,6,9,0,5,5,7,5,8,5,7,6,9,7,8,9,9,6,6,6,8,8,7,9,8,5,9,6,7,5,8,8,7,7,7,6,6,9,6,5,8,5,7,8,9,9,5,8,9,7,7,8,7,6,9,5,8,6,5,9,6,6,8,7,7,8,9,7,9
6,7,5,9,6,7,7,6,8,9,8,5,5,6,9,8,9,6,5,8,7,8,5,8,7,9,7,7,9,6,6,9,8,8,7,0,9,7,8,5,8,6,9,9,6,7,8,5,9,8,8,7,7,8,9,7,8,7,6,7,7,5,5,6,7,8,8,7,6,9,9,6,6,6,7,6,8,8,8,6,9,9,7,8,5,9,9,5,8,6,8,7,5,6,8,8,6,7,7,8
8,5,8,5,9,7,6,5,6,7,8,5,9,5,7,8,7,7,5,8,9,8,8,5,5,7,5,9,8,8,9,6,6,5,8,8,0,5,7,8,8,8,8,9,5,8,8,7,9,8,5,5,8,6,9,8,5,7,8,9,6,6,6,7,7,8,7,8,8,7,9,7,5,8,7,9,6,8,7,7,7,9,6,6,7,8,5,9,7,6,7,6,7,7,7,7,6,5,6,7
5,9,9,7,8,7,5,5,9,9,7,6,9,6,6,6,5,9,9,9,7,8,5,6,9,8,9,7,5,5,8,6,7,9,6,7,5,0,9,7,5,7,5,5,8,9,6,6,6,6,6,6,6,5,6,5,7,8,7,7,5,8,7,9,8,5,5,8,9,9,9,5,6,7,9,6,7,7,7,7,8,7,8,6,9,8,6,5,5,9,9,8,8,6,7,7,5,5,6,7
9,7,6,7,7,5,5,9,5,5,8,9,6,5,9,8,5,6,9,5,9,9,8,9,9,5,6,9,9,7,6,6,5,5,7,5,5,5,0,9,9,7,6,5,5,6,9,7,8,7,9,7,8,6,6,7,9,9,6,7,6,8,5,9,8,8,7,9,6,7,8,7,9,7,5,7,8,9,7,8,9,7,8,7,5,5,7,9,8,7,8,6,8,8,7,5,7,6,7,6
9,5,6,6,8,6,7,6,5,9,9,9,6,8,7,9,5,8,9,7,5,7,5,8,8,7,9,5,5,5,5,6,7,5,9,9,6,6,9,0,8,7,6,9,9,8,9,9,9,5,7,9,8,7,9,6,6,5,7,8,5,6,6,5,5,9,7,7,5,8,8,8,8,9,5,5,8,7,5,5,9,8,9,5,7,5,6,9,8,9,7,8,8,8,8,6,5,5,9,5
5,7,8,6,7,9,6,9,6,9,7,8,9,6,8,7,7,6,8,9,8,8,8,6,5,9,9,9,5,9,9,7,8,5,5,7,9,8,7,8,0,9,6,8,8,7,8,8,6,9,5,9,9,7,9,6,6,8,7,5,7,9,6,8,7,5,9,5,9,6,6,8,8,8,5,5,6,5,9,8,7,6,8,5,5,9,9,5,9,8,9,9,6,8,5,8,8,7,6,8
7,8,9,5,8,7,5,5,7,9,5,6,8,9,7,6,6,6,8,7,5,9,6,5,7,7,7,5,8,6,7,8,9,6,5,8,6,8,6,8,8,0,9,7,9,8,7,5,6,5,9,6,7,9,8,8,8,7,9,8,5,9,5,6,5,7,6,7,6,8,9,9,8,9,5,8,5,6,6,6,9,6,5,9,9,9,5,9,5,7,7,6,6,9,6,8,8,7,7,7
7,5,9,8,6,9,8,7,8,5,7,7,5,8,8,8,8,5,7,5,7,7,6,9,6,7,8,8,7,6,5,7,8,8,9,8,7,7,8,5,6,7,0,5,9,9,9,6,8,6,7,9,7,5,6,5,5,8,9,6,8,6,9,5,6,9,5,8,6,8,5,6,6,6,7,9,5,6,6,9,6,6,9,7,5,6,7,7,7,8,9,9,7,5,9,9,6,6,9,5
9,5,9,9,5,6,8,5,8,7,5,8,7,5,9,7,6,7,5,9,7,7,6,8,9,5,8,5,7,7,7,8,6,6,5,6,6,9,6,8,8,6,9,0,5,7,5,7,7,5,6,7,9,6,9,7,6,9,5,5,9,8,8,8,5,9,7,7,5,9,8,5,7,5,6,6,5,8,6,6,9,8,5,9,5,5,8,6,7,8,8,6,6,9,7,5,9,8,8,5
5,8,7,8,6,6,5,8,5,8,7,8,8,9,6,6,7,8,8,5,5,5,9,6,6,7,9,7,8,5,6,7,9,5,5,5,6,7,7,8,9,5,6,9,0,6,9,8,7,7,6,7,6,9,8,9,9,8,5,6,9,6,7,5,9,6,5,9,7,8,5,9,5,5,9,5,5,9,5,5,6,9,7,5,7,8,5,7,5,6,5,7,5,5,8,6,6,5,7,7
5,5,5,8,6,6,7,5,9,8,8,5,8,5,9,9,9,7,7,6,5,7,8,6,8,8,9,9,7,7,9,5,7,7,9,6,9,8,8,5,6,5,7,7,7,0,9,9,9,6,8,7,9,7,5,7,7,6,8,5,8,6,7,8,7,9,8,8,5,6,8,5,6,9,6,9,5,5,6,9,8,9,5,8,8,5,9,8,6,5,6,9,5,8,9,9,8,6,5,8
8,6,8,7,7,7,5,9,5,6,6,7,5,9,7,9,6,8,9,6,9,5,7,5,5,8,5,8,9,7,5,8,9,8,5,6,5,7,6,6,9,9,8,5,8,8,0,9,5,5,5,7,5,7,9,9,8,8,8,7,8,6,7,5,7,5,7,8,7,9,5,8,9,7,8,6,9,7,7,6,6,9,5,7,8,9,5,6,5,8,6,7,7,9,7,9,7,9,5,9
6,9,7,6,5,7,8,7,8,7,9,6,6,7,6,9,6,9,7,7,9,5,8,8,7,7,5,9,5,8,8,5,6,7,9,6,6,9,7,6,6,7,7,7,8,5,6,0,9,8,7,8,7,7,7,5,5,6,9,8,7,6,8,7,5,8,9,5,8,7,9,8,6,7,5,6,7,7,6,9,6,5,5,6,8,5,6,7,8,7,8,5,7,5,9,9,7,9,7,8
9,5,7,7,9,9,6,9,6,6,8,8,5,9,6,6,5,6,9,9,7,7,6,6,9,8,5,6,8,6,8,7,5,7,5,6,8,8,7,8,8,6,6,7,9,5,5,7,0,8,7,8,5,5,7,5,7,9,6,8,5,8,5,6,9,7,5,7,7,9,5,8,6,9,5,5,6,5,8,7,8,8,7,7,6,7,7,6,7,6,7,7,7,5,6,9,8,5,6,5
8,7,7,8,8,8,6,6,9,6,9,6,5,8,9,7,6,7,9,7,9,9,5,6,6,7,6,6,7,5,7,6,8,8,8,5,5,9,8,7,5,6,7,5,7,6,6,8,6,0,9,8,5,5,9,5,9,6,6,6,5,7,5,8,8,9,8,7,7,9,8,7,6,9,6,6,8,6,5,9,5,6,7,5,8,7,7,5,9,7,9,9,8,8,8,5,5,7,8,5
8,8,9,8,7,6,6,6,8,8,7,7,6,7,5,9,5,5,9,6,7,7,8,5,5,9,8,8,5,6,5,5,7,9,5,6,6,8,7,7,5,5,6,6,9,7,7,5,7,8,0,5,9,7,7,8,6,5,9,8,8,7,8,5,7,7,7,9,6,7,9,7,6,8,7,5,6,5,7,5,8,6,8,6,7,5,6,7,5,5,8,6,7,5,9,9,7,5,9,8
7,7,6,8,7,5,8,6,9,7,7,5,8,8,5,6,9,7,8,6,6,9,9,5,8,8,5,5,9,8,8,6,6,8,7,5,5,9,8,6,7,9,7,7,8,8,7,8,5,7,5,0,9,7,7,7,7,8,5,9,9,5,7,7,6,8,6,8,5,6,9,5,9,8,6,9,6,7,6,7,5,5,6,5,6,8,8,9,9,5,5,7,5,5,8,6,9,6,5,9
7,9,7,7,6,7,5,6,5,7,5,5,6,7,9,9,9,7,6,8,5,7,9,9,6,6,5,9,5,5,5,5,6,7,9,5,7,8,9,9,7,7,8,6,5,9,6,7,5,8,6,6,0,5,7,9,5,5,8,6,9,7,6,5,5,6,5,9,9,7,9,7,6,8,7,6,7,8,7,9,6,5,7,8,6,9,9,9,9,8,9,5,8,6,9,7,6,6,8,5
9,9,7,9,6,6,9,8,8,5,6,6,7,9,5,9,9,7,8,6,7,5,5,6,8,8,9,5,8,5,5,5,5,7,9,6,8,7,7,5,9,5,6,8,6,7,8,8,6,5,7,8,8,0,7,7,9,9,5,6,8,7,9,9,7,5,5,6,9,5,8,6,7,5,7,7,6,8,6,9,5,5,5,9,8,7,6,7,8,5,9,7,7,6,9,8,9,5,8,7
6,6,8,8,7,8,9,8,5,9,5,6,7,6,5,7,7,5,6,5,8,8,8,9,6,6,9,6,5,9,7,5,9,9,7,9,6,6,6,9,7,7,7,8,9,8,9,5,5,6,6,8,9,8,0,8,8,7,8,7,6,9,8,7,5,7,9,6,8,9,5,5,5,9,6,7,6,5,9,5,7,7,8,5,9,8,9,6,5,5,9,6,8,9,5,5,9,5,6,6
9,6,5,6,5,5,6,9,7,6,7,7,8,8,9,9,5,7,8,7,7,8,5,8,9,8,7,5,8,6,7,5,9,8,5,6,6,7,5,8,6,9,9,9,7,7,8,9,5,6,9,6,6,8,8,0,6,6,7,6,6,8,6,6,5,8,6,7,5,7,8,7,8,7,5,6,8,9,6,5,7,5,7,9,7,7,6,9,6,9,9,9,8,5,9,9,5,8,8,5
6,9,8,7,7,8,6,8,6,7,5,7,5,7,9,6,6,6,9,7,7,7,6,5,8,8,9,7,8,5,5,9,5,5,9,7,6,9,7,8,6,7,8,9,8,7,9,5,6,7,8,8,9,5,8,8,0,8,8,9,8,8,8,5,5,6,6,6,9,8,6,9,6,9,5,6,5,8,7,6,5,8,9,6,5,6,6,9,9,7,5,9,8,5,8,9,7,6,8,7
7,6,5,7,9,7,7,9,8,9,7,5,6,6,8,5,9,7,5,8,9,6,6,7,8,7,6,5,5,5,8,8,5,9,8,9,8,7,6,7,9,6,5,5,9,9,7,6,6,8,5,9,6,9,7,6,9,0,8,8,6,6,7,9,8,5,9,5,6,7,9,6,7,6,7,9,7,5,5,7,8,5,5,9,7,5,8,6,6,6,6,9,5,8,5,6,6,7,7,5
5,9,6,8,6,6,8,8,9,9,9,6,8,5,5,6,6,8,6,7,6,7,9,9,5,9,5,8,5,5,7,5,7,5,6,8,8,6,7,5,7,5,7,6,7,5,6,9,7,9,5,8,5,9,9,8,5,6,0,7,7,6,9,8,8,6,9,9,8,9,6,7,9,6,6,5,6,9,7,7,5,8,5,6,6,5,8,9,7,6,8,8,6,8,9,9,7,6,9,9
7,6,7,5,5,6,5,7,9,9,7,8,7,9,7,8,5,8,6,7,7,5,6,6,5,8,5,6,6,7,8,9,5,7,9,9,5,5,5,5,5,6,5,8,8,5,5,7,6,6,9,8,5,6,7,7,9,6,5,0,6,5,9,6,7,5,8,8,5,9,7,7,5,8,6,7,6,9,8,8,5,8,8,5,9,7,9,8,8,5,7,9,9,9,8,9,6,9,7,7
9,7,5,7,8,8,9,5,9,8,5,7,6,7,5,8,7,8,6,9,6,9,9,9,6,8,8,5,5,6,6,6,6,5,8,8,8,5,7,6,8,8,9,5,9,5,8,7,9,9,7,7,7,8,6,5,7,5,5,9,0,9,8,5,7,7,8,5,5,9,6,5,6,6,9,5,7,5,9,9,6,9,6,5,5,9,9,9,8,8,8,5,7,9,7,6,5,8,7,7
6,9,7,7,7,9,5,5,7,8,9,9,8,5,9,5,8,7,5,7,8,9,7,7,5,6,7,6,9,8,5,8,8,6,8,6,6,8,8,5,8,8,6,9,9,8,6,6,5,6,8,7,8,9,9,6,7,5,7,6,7,0,8,6,9,8,5,6,7,7,7,8,5,9,9,8,5,8,7,7,6,9,5,6,7,5,7,5,8,7,7,8,6,6,6,8,9,6,6,6
9,6,9,9,7,8,7,7,8,5,9,8,5,8,5,6,6,7,8,9,5,9,7,5,5,8,7,9,7,6,9,8,6,5,8,5,5,6,8,9,7,5,7,8,7,9,8,7,5,5,7,7,7,7,6,9,9,9,9,8,5,8,0,9,7,6,6,6,9,9,5,5,5,8,9,6,5,6,9,7,5,5,9,8,7,9,6,5,9,9,8,5,6,6,9,8,9,5,5,7
6,7,8,8,5,9,6,8,8,5,6,7,9,6,8,8,5,5,7,8,9,5,7,5,5,9,9,8,9,5,7,9,6,6,5,8,6,6,7,7,7,8,7,8,8,6,5,5,7,6,7,8,8,7,7,6,5,8,7,6,5,7,9,0,7,7,6,6,8,5,5,7,9,7,9,5,6,7,8,7,9,8,8,5,8,7,8,6,9,9,9,7,8,9,6,6,9,9,5,5
6,9,7,9,7,9,8,6,8,6,6,8,7,6,7,7,6,6,5,9,8,5,7,9,5,7,8,9,6,7,6,7,7,7,5,5,5,9,8,9,9,7,7,7,7,5,5,7,6,8,9,7,8,5,7,6,7,8,8,9,5,8,5,6,0,5,9,6,9,5,7,6,7,8,6,5,6,8,5,6,9,6,6,8,7,8,8,8,6,5,8,7,7,5,8,8,5,7,6,6
8,9,5,6,9,6,6,8,6,5,5,8,7,7,9,8,8,5,7,8,6,5,5,9,6,9,9,7,5,7,9,8,6,8,7,5,6,9,8,5,6,9,6,5,9,5,5,9,5,5,9,5,5,8,5,7,9,6,9,5,7,9,8,9,6,0,7,6,9,9,8,7,9,7,7,6,7,8,9,5,6,8,9,6,9,7,9,8,8,8,5,5,9,5,8,8,6,5,7,8
6,8,6,5,6,8,5,8,8,6,8,9,9,6,7,6,7,7,9,6,7,9,7,6,9,8,7,8,9,8,5,6,5,6,8,7,7,9,9,6,6,5,5,7,5,5,5,8,7,6,5,9,6,6,6,7,6,5,6,8,6,6,9,9,6,6,0,8,8,7,5,9,8,7,8,9,6,9,5,5,8,7,9,6,7,8,5,9,9,5,6,6,6,7,6,5,5,6,5,6
8,6,7,5,7,6,7,6,8,7,9,7,5,9,7,6,7,5,6,6,5,7,9,8,6,8,7,5,6,8,9,5,8,8,7,6,9,8,9,5,5,9,6,7,5,8,5,7,9,9,8,9,5,9,6,6,7,8,9,9,8,6,9,9,7,9,9,0,7,6,6,6,8,6,5,5,5,5,7,7,8,7,5,5,7,5,9,9,9,7,6,9,6,9,9,6,9,9,6,9
6,9,8,5,8,8,9,8,9,8,5,5,9,6,5,6,8,5,7,9,7,9,9,9,9,6,5,9,6,8,6,6,8,7,5,9,8,5,7,9,5,6,5,6,7,6,9,9,8,7,8,8,7,7,6,7,9,9,5,7,7,5,6,5,6,9,6,6,0,5,6,8,8,8,8,8,6,8,8,7,8,7,5,5,8,5,8,8,6,6,8,9,9,9,5,6,5,5,9,9
8,9,7,9,6,9,5,9,8,8,5,9,6,7,7,9,6,9,8,5,8,5,5,5,7,6,9,9,8,6,7,5,8,8,8,8,9,6,8,9,9,8,9,7,5,8,8,6,7,5,9,6,6,8,5,7,9,7,7,5,9,6,6,7,5,9,5,7,8,0,8,5,5,5,8,5,5,5,7,5,8,8,7,6,8,7,6,8,5,8,6,9,7,9,8,9,8,6,7,7
5,8,5,8,8,9,9,5,7,8,5,7,6,7,8,6,7,9,8,5,9,5,5,9,7,8,8,6,6,9,6,8,7,5,9,9,8,9,8,8,7,5,5,6,7,8,7,5,5,7,7,9,8,7,7,9,8,5,6,5,6,7,9,8,6,6,9,6,7,9,0,7,7,6,9,7,8,9,8,6,8,5,8,5,9,7,7,5,5,7,9,6,7,8,7,7,5,6,7,5
6,9,6,7,6,9,9,8,8,5,8,5,5,9,7,9,8,6,9,6,8,5,8,8,8,7,5,9,8,7,7,7,7,8,5,8,8,6,9,9,7,8,7,9,8,9,5,8,5,8,9,8,6,6,6,5,5,8,8,8,9,5,5,5,8,6,7,7,8,9,5,0,6,7,5,8,5,8,8,9,9,7,7,9,5,8,8,5,5,6,9,7,5,7,6,5,7,8,6,6
7,6,8,9,6,7,7,5,6,8,6,6,6,8,9,6,7,5,9,6,9,5,7,5,8,6,5,9,6,5,5,6,7,7,6,8,8,7,8,8,6,7,9,7,5,8,6,6,8,9,8,6,9,9,7,6,8,8,5,9,6,7,9,5,7,5,9,9,6,6,8,9,0,7,6,5,6,5,5,5,5,5,8,6,6,7,8,7,7,9,5,9,9,7,8,6,8,8,8,9
5,8,6,9,7,6,8,9,7,9,6,5,8,8,5,9,7,6,8,8,8,8,6,9,6,6,8,6,9,5,6,8,6,5,9,6,8,9,9,9,8,9,9,8,8,9,5,6,7,8,8,7,9,5,6,6,6,6,7,5,8,6,9,6,7,7,9,8,8,8,6,8,6,0,9,9,8,8,8,6,7,6,7,9,6,6,8,9,6,8,8,9,6,6,8,6,6,5,7,5
5,5,6,7,8,6,5,5,9,5,7,8,8,5,5,9,6,7,8,5,9,8,7,9,5,8,9,6,8,8,8,8,5,8,6,7,9,9,5,9,6,7,9,5,6,9,6,6,6,9,5,9,6,7,5,6,7,6,6,5,6,8,7,6,7,8,7,9,9,7,9,6,6,9,0,9,6,9,6,8,5,7,8,5,8,8,8,6,8,7,9,5,7,7,5,7,7,9,7,8
7,7,6,7,8,9,8,8,7,7,8,6,5,8,6,8,8,8,9,8,8,6,9,6,9,7,7,8,5,6,7,7,6,8,5,8,5,6,6,8,9,5,9,5,8,7,9,9,6,7,9,8,5,9,5,5,8,5,7,6,7,5,7,5,5,6,9,7,7,7,8,6,7,5,8,0,7,7,8,7,6,8,8,6,8,7,8,6,7,7,5,5,9,9,5,6,9,8,8,9
7,7,6,6,9,9,7,6,5,6,7,8,9,7,5,7,9,8,8,8,7,5,7,9,7,6,8,7,6,8,8,9,8,8,5,8,6,6,7,9,5,7,6,6,9,7,6,7,8,7,7,6,9,5,7,6,5,7,9,8,5,9,9,6,7,8,9,5,7,6,6,7,5,9,7,5,0,9,6,9,9,9,5,9,8,6,7,9,8,6,8,8,9,7,9,8,5,7,9,9
6,8,5,5,6,6,5,5,5,7,7,7,8,7,9,8,9,5,5,5,9,9,5,9,8,8,7,5,6,5,6,8,5,7,8,6,9,5,8,7,5,6,8,5,9,5,9,6,7,5,8,5,6,8,9,6,7,6,6,7,9,9,9,5,5,8,7,6,8,8,9,9,6,8,9,8,6,0,5,9,7,9,5,8,6,6,6,7,6,8,7,9,7,8,5,8,6,7,8,9
5,8,7,8,8,5,9,8,7,8,5,5,6,6,9,8,8,6,7,8,9,6,5,8,6,9,6,5,6,5,8,5,7,5,9,9,6,7,9,5,7,7,9,8,7,6,7,5,9,6,9,9,9,5,5,8,7,9,6,9,8,9,7,7,9,5,7,6,7,9,7,6,7,7,5,7,7,7,0,6,9,6,6,5,5,5,9,6,7,5,5,6,6,5,9,6,8,9,6,9
7,9,5,7,9,8,7,7,6,9,7,6,5,8,6,7,7,8,7,7,5,8,9,6,7,8,5,5,7,6,7,7,5,8,9,5,6,8,6,6,7,6,9,8,7,9,6,8,9,7,8,9,7,9,8,8,5,9,5,6,8,7,5,5,7,9,5,6,8,6,6,9,7,5,9,8,9,6,8,0,8,6,6,6,9,7,7,5,6,9,5,9,6,7,9,8,5,6,9,5
7,8,9,5,7,5,9,7,6,5,5,9,8,6,7,5,6,5,5,7,9,9,8,7,8,6,9,6,8,7,8,7,9,5,5,9,6,6,9,8,8,9,8,6,9,6,6,5,5,9,6,5,5,6,5,8,9,7,6,5,5,7,9,9,6,7,9,7,5,7,8,9,5,7,9,9,6,7,8,7,0,5,9,6,8,6,8,6,8,9,7,9,9,9,9,7,5,5,9,9
6,6,8,9,7,5,6,9,8,6,6,6,6,8,9,5,6,6,5,7,8,6,5,8,8,7,8,9,6,9,8,9,7,7,7,5,6,9,9,8,9,8,8,6,8,5,7,5,5,8,6,9,5,6,6,5,5,5,6,9,6,6,7,9,8,6,8,9,6,8,8,6,7,7,8,9,7,9,9,7,9,0,8,9,7,7,9,9,6,6,6,5,6,8,9,6,7,5,9,8
6,7,8,8,6,5,9,7,7,7,6,7,6,6,9,9,8,7,5,6,8,7,7,7,9,8,6,8,7,6,5,9,8,5,7,5,6,9,7,7,8,6,6,8,9,9,8,5,8,5,7,5,5,7,9,9,9,6,8,7,8,6,5,6,6,7,8,6,8,9,8,8,9,8,8,7,5,8,8,5,9,6,0,9,7,8,5,8,5,5,8,5,9,6,5,8,7,6,5,6
6,5,7,6,9,6,9,5,7,9,7,8,5,7,8,7,6,6,7,7,6,9,8,5,5,8,8,6,9,9,6,5,5,7,7,9,7,5,5,5,8,5,6,6,7,9,5,7,8,7,6,5,9,7,5,7,7,7,5,6,8,7,5,7,8,7,7,8,5,8,5,6,6,7,9,5,7,6,8,6,8,6,8,0,7,8,5,6,8,6,9,6,5,5,9,7,5,9,8,7
9,6,6,6,9,6,5,9,6,8,5,9,5,8,9,7,6,9,8,9,8,6,9,6,5,6,5,6,7,9,8,6,9,9,8,9,6,9,8,6,7,6,9,9,6,5,5,6,5,6,5,6,5,8,9,8,6,9,6,7,5,9,7,7,9,8,5,6,5,5,6,7,5,7,7,6,7,5,5,9,5,9,5,5,0,8,6,5,5,5,9,7,6,8,5,5,8,8,6,5
7,5,9,5,5,9,8,6,8,6,7,6,6,9,6,7,6,9,6,8,7,8,9,6,6,7,5,9,9,7,9,8,5,9,7,9,6,8,9,6,9,5,7,8,7,8,5,6,6,8,8,9,7,7,7,9,5,8,9,7,9,9,6,5,7,9,5,6,6,6,5,7,9,5,9,6,5,6,8,7,7,8,7,5,8,0,5,5,7,7,8,9,8,9,7,6,5,9,6,5
8,7,8,5,5,7,6,9,7,8,5,8,9,9,6,5,6,7,5,7,7,8,8,9,8,7,7,8,6,8,8,7,9,5,5,5,8,8,7,7,7,5,8,9,7,9,9,8,7,7,5,8,8,9,8,9,9,9,6,7,5,8,8,8,9,7,9,8,8,6,6,7,5,7,5,7,5,9,7,9,7,8,5,9,7,5,0,9,5,7,6,6,9,6,9,7,9,6,9,9
9,9,6,5,6,5,8,7,5,8,5,8,5,7,7,9,6,7,8,6,9,8,9,5,6,5,7,5,5,5,6,5,6,9,7,9,6,8,9,9,9,7,8,6,6,8,5,7,9,5,5,6,8,8,5,5,5,5,8,5,8,7,7,5,7,5,6,5,9,7,8,8,7,9,6,6,9,8,8,8,9,9,5,9,9,9,7,0,8,9,7,9,5,9,8,5,7,9,8,8
6,6,5,8,7,7,7,9,8,6,8,5,7,6,5,6,8,6,8,5,8,8,8,6,6,8,7,8,8,8,9,6,6,9,7,6,8,6,8,7,6,5,8,6,5,6,6,8,9,7,6,5,6,7,5,8,8,9,6,8,9,8,5,9,7,7,9,7,9,8,7,7,8,5,9,8,9,6,5,5,6,8,9,6,7,8,9,8,0,9,8,8,9,5,9,7,7,9,8,8
7,6,9,9,6,5,9,7,6,8,7,8,6,8,5,7,5,9,9,7,9,7,6,8,5,9,7,7,8,7,6,8,6,7,7,8,7,9,7,5,7,5,8,9,7,9,6,5,9,7,6,8,5,5,9,5,5,5,8,6,7,7,9,8,7,8,7,8,6,6,5,6,6,8,5,8,9,6,6,6,7,6,7,6,5,8,7,5,8,0,7,8,6,6,6,8,5,6,9,7
8,6,8,9,7,6,5,6,7,5,6,5,9,9,7,8,5,9,7,7,9,6,7,5,8,8,8,5,5,5,9,6,9,8,8,9,9,6,5,9,5,7,5,9,6,7,9,7,8,7,7,5,9,7,7,6,9,7,6,9,8,5,5,6,6,9,5,5,5,7,9,8,8,7,7,7,5,8,8,6,9,5,6,8,7,8,7,7,5,6,0,5,7,5,6,5,5,6,8,8
6,6,8,6,5,8,8,7,6,5,5,6,5,8,5,9,8,8,7,9,7,7,7,9,9,7,6,8,7,7,6,5,6,5,7,9,5,8,5,9,9,6,6,7,5,9,9,8,9,6,7,6,9,9,5,9,9,9,7,8,6,9,9,9,8,9,9,9,6,6,9,5,8,8,9,5,6,5,9,9,8,8,9,5,9,5,6,7,9,7,5,0,6,6,7,7,9,7,7,8
5,5,9,7,8,7,7,7,5,5,5,8,8,5,7,9,8,5,8,9,7,7,7,5,8,6,7,8,6,5,5,8,8,6,8,9,8,5,5,8,7,7,5,7,9,9,6,6,8,7,8,8,8,7,5,7,8,9,8,6,5,8,6,5,9,7,9,6,6,7,6,7,9,5,7,5,6,5,5,9,9,5,9,8,6,6,9,6,6,5,5,9,0,7,9,8,8,6,5,7
7,9,9,9,6,6,5,9,7,5,5,5,8,8,8,6,9,8,7,8,8,7,8,5,6,7,6,5,5,7,9,8,6,7,8,5,5,6,8,7,5,6,6,5,5,9,7,5,8,7,8,9,8,6,8,9,6,9,8,9,9,5,8,5,6,7,9,5,5,8,6,8,5,5,7,6,5,7,5,6,9,6,6,8,8,9,9,9,9,8,9,6,7,0,9,7,5,8,6,9
8,5,6,5,5,5,5,9,7,8,6,9,8,8,7,9,8,8,5,7,6,7,9,6,6,9,5,5,5,8,7,8,9,8,7,6,7,6,6,7,7,5,6,5,7,9,5,7,5,5,8,6,7,9,8,6,5,5,8,6,5,9,8,9,6,8,9,5,6,5,6,7,7,8,9,5,5,8,9,7,8,7,5,5,9,6,5,5,9,5,6,7,7,9,0,6,7,7,7,9
8,9,5,5,9,8,6,8,9,9,7,6,6,6,6,8,7,9,7,9,9,7,9,5,5,9,9,9,8,6,6,8,7,8,5,7,7,7,6,7,8,7,6,5,7,9,9,5,6,6,8,8,9,7,5,5,5,5,5,5,8,6,5,7,8,9,8,7,5,8,6,5,7,5,6,6,5,9,8,5,9,8,7,6,7,7,8,5,8,9,7,6,6,6,8,0,6,7,9,6
7,6,7,5,8,5,8,5,8,5,8,5,5,7,9,5,9,8,8,9,5,5,7,8,5,6,9,8,6,6,5,9,6,7,5,9,7,8,9,6,9,7,5,9,5,9,6,9,7,5,9,7,8,5,6,6,8,8,9,6,6,9,9,6,5,8,9,8,6,5,8,6,9,7,9,8,5,8,8,6,9,9,6,6,7,7,6,5,6,9,5,8,8,7,5,5,0,8,8,9
6,5,8,7,6,7,8,8,5,5,8,5,5,9,8,7,6,7,8,9,8,6,8,7,7,5,9,7,6,7,9,5,7,9,6,5,6,6,9,8,8,8,6,5,7,8,9,8,9,5,8,7,9,8,5,5,7,5,5,6,7,5,7,8,5,8,7,6,8,8,5,9,8,9,5,9,5,7,9,8,5,6,8,5,8,7,5,9,8,6,7,6,6,8,6,7,6,0,8,9
9,5,8,5,5,5,9,8,5,7,6,9,9,6,6,5,5,7,6,9,7,8,8,7,7,5,9,8,5,7,8,8,7,8,9,7,7,5,7,5,9,9,9,6,7,6,8,9,9,7,5,9,9,8,6,6,7,5,8,5,5,5,8,8,9,7,7,6,6,8,8,5,5,6,9,8,8,6,5,5,7,9,8,8,6,8,9,8,6,8,5,7,7,6,9,8,5,5,0,7
5,9,6,8,5,8,5,9,7,9,7,7,5,9,7,8,6,7,5,6,5,7,8,5,7,8,6,7,8,6,5,8,8,9,5,6,5,5,7,9,5,9,6,8,8,5,9,7,9,8,8,6,5,8,6,7,5,6,5,7,7,8,5,6,9,9,9,6,9,6,7,5,5,6,6,6,6,5,7,7,8,8,7,5,8,9,8,9,7,8,5,9,9,9,6,7,9,5,9,0
