R=100
Pi=(27,24,21,29,21,23,28,24,22,20,27,20,20,25,23,22,27,22,27,20,20,23,23,27,28,28,26,29,20,26,29,29,21,20,23,28,26,27,26,20,20,22,22,24,29,25,20,24,23,24,26,26,20,28,25,24,20,24,20,22,26,28,23,25,20,27,29,29,21,25,25,29,25,26,20,28,20,28,27,23,27,21,25,26,20,23,29,22,24,29,27,22,26,23,24,21,29,27,24,21)
A=
1,2,53
2,3,0
3,6,40
6,9,57
10,11,50
12,13,0
13,14,0
14,15,0
15,16,51
16,17,0
17,18,0
18,19,47
21,22,0
22,25,0
27,28,0
28,29,0
32,33,49
36,37,0
37,38,0
38,39,59
39,40,0
41,42,52
42,43,0
43,44,0
45,46,49
46,47,42
47,48,0
51,54,48
55,56,50
58,61,45
63,64,49
64,65,47
66,67,52
67,68,0
69,70,0
70,71,40
71,72,0
72,73,51
73,74,0
78,79,52
79,80,0
80,81,0
81,82,0
85,87,0
86,88,0
88,90,59
89,91,54
91,93,56
94,96,41
97,99,55
Sij=
0,14,14,14,11,11,13,12,11,14,13,13,10,14,11,14,13,10,10,14,12,11,13,10,12,10,14,11,12,11,10,12,14,12,13,14,10,14,13,10,13,10,11,11,12,12,11,13,10,13,10,14,13,14,11,12,10,14,11,10,12,11,10,10,13,11,13,13,10,11,13,14,11,10,11,11,10,12,12,10,14,11,10,13,10,11,13,10,10,11,13,11,12,12,13,11,10,10,12,11
13,0,12,12,14,10,11,12,13,12,10,11,13,11,11,11,10,11,11,10,12,12,13,12,14,12,11,12,14,11,10,11,14,10,11,11,11,14,11,13,14,14,10,12,10,14,10,14,10,10,12,10,13,10,10,13,10,10,12,11,13,13,12,11,12,14,11,12,14,10,14,11,14,12,11,12,11,10,11,10,11,12,11,13,14,14,12,14,14,13,10,11,11,10,10,10,11,14,10,11
12,13,0,14,10,11,11,10,10,14,12,11,10,13,12,14,11,12,14,12,12,11,12,13,11,10,13,14,14,12,10,11,12,14,10,12,13,12,10,12,13,14,11,10,12,11,14,12,14,10,14,13,11,11,13,14,10,14,12,10,12,11,11,13,13,10,13,10,12,14,10,13,11,11,14,13,14,11,11,10,10,11,10,13,13,11,14,10,11,11,12,13,14,10,14,11,12,13,11,11
12,13,10,0,14,10,10,12,10,12,14,14,13,13,12,14,11,10,13,14,11,10,12,13,10,11,11,13,10,12,12,11,11,14,14,12,11,10,10,13,12,14,14,13,12,12,13,14,11,10,13,11,13,14,14,10,14,14,14,13,13,11,11,12,10,13,13,13,14,10,12,10,14,10,11,12,11,14,11,13,12,12,12,10,13,11,12,11,10,14,12,12,11,12,14,11,12,11,13,13
14,10,10,11,0,12,12,11,12,12,12,14,10,13,10,10,11,14,11,14,14,10,11,13,14,12,10,13,12,10,10,14,14,11,13,14,12,11,10,12,10,14,14,14,12,10,12,14,11,12,13,11,11,12,14,12,13,11,11,14,12,14,14,12,11,12,10,13,14,11,12,14,14,14,13,14,11,11,11,14,10,11,12,14,11,14,13,11,12,10,11,11,10,10,10,11,14,12,12,10
14,13,14,14,10,0,14,12,11,14,14,11,11,10,11,14,10,11,10,10,12,13,13,11,14,10,11,14,13,14,11,14,13,13,11,14,11,12,12,14,12,12,11,12,12,14,14,10,13,11,14,14,14,11,10,11,11,12,10,14,14,14,13,12,12,14,12,12,14,11,12,13,14,10,13,10,12,11,13,10,10,10,10,11,14,11,14,12,13,10,13,14,12,13,10,12,13,13,14,13
11,12,11,11,14,11,0,10,13,13,10,13,14,13,14,13,13,14,12,13,10,10,10,14,14,13,13,10,10,10,10,11,13,11,10,13,13,14,14,12,12,10,10,14,12,11,13,10,12,14,11,13,11,10,13,12,11,13,11,13,10,11,10,13,12,14,10,13,13,11,14,14,10,14,10,10,14,10,11,13,14,12,13,10,14,12,14,13,12,12,11,10,12,10,11,11,10,12,12,13
10,10,11,11,14,12,13,0,11,14,13,13,10,12,13,13,12,12,14,13,10,14,12,10,11,14,14,12,14,12,14,14,11,13,12,12,14,10,12,10,11,13,13,13,13,13,11,13,13,12,13,13,11,14,11,14,13,10,10,11,10,14,14,14,10,14,12,12,14,11,14,11,10,13,11,11,10,13,11,12,13,11,13,11,13,10,13,12,11,12,13,13,10,10,10,11,14,13,13,14
11,13,13,11,12,12,12,12,0,12,10,13,10,13,13,13,14,11,12,10,14,11,10,10,12,13,10,11,10,12,14,12,11,14,12,10,14,12,12,13,11,12,10,14,11,13,12,14,11,12,11,10,11,13,14,12,11,12,11,12,12,10,12,10,12,12,11,10,11,12,13,11,13,13,13,11,11,10,14,13,10,10,10,12,11,13,10,13,10,14,14,11,11,14,11,11,10,10,12,13
11,11,13,13,14,10,12,12,10,0,12,11,10,13,12,12,11,14,14,13,13,11,13,10,12,13,11,14,14,11,11,11,11,13,10,12,13,12,11,13,11,11,13,13,12,12,13,13,14,12,10,11,10,11,13,12,12,11,10,10,12,10,12,11,13,11,10,12,13,14,13,13,12,11,12,11,13,10,12,14,14,13,10,11,11,10,11,14,14,13,14,12,11,11,10,11,13,11,10,11
12,11,14,14,14,12,13,13,13,12,0,13,12,14,11,11,14,14,11,14,12,10,10,13,10,10,10,11,11,11,11,12,11,10,10,12,12,13,10,12,14,11,12,11,11,14,12,13,10,10,10,11,12,12,12,11,11,12,14,14,13,10,12,12,12,14,11,11,13,13,13,11,13,13,10,11,12,14,11,10,12,12,10,10,10,10,10,14,13,14,11,10,14,11,14,13,13,14,13,12
12,10,14,12,12,14,12,14,11,10,13,0,12,11,13,11,10,14,11,12,12,14,12,13,13,12,12,11,12,14,11,12,12,10,14,13,12,13,13,13,10,12,10,12,12,10,14,14,10,14,13,14,12,12,11,13,14,11,10,10,14,12,14,10,10,12,11,11,12,14,14,12,11,12,11,14,13,14,10,13,12,13,11,12,10,12,10,14,14,10,13,10,12,13,14,12,13,10,12,10
14,12,11,10,10,11,12,14,10,11,14,10,0,11,12,12,10,11,11,14,12,11,11,12,11,11,13,10,13,13,14,11,13,12,10,13,14,12,10,12,13,14,11,14,12,11,13,14,14,10,14,11,11,10,10,13,13,10,10,14,11,11,14,10,11,10,10,12,10,14,12,13,10,14,11,12,14,12,14,14,12,14,10,12,14,12,10,13,12,11,10,14,11,11,10,12,14,10,12,11
10,10,13,10,13,11,10,11,14,12,13,11,11,0,10,11,12,10,12,11,14,10,12,10,14,13,13,11,14,14,13,12,13,14,13,13,12,10,10,14,12,12,14,14,14,12,13,13,10,14,12,12,12,14,13,11,13,10,14,11,14,14,10,11,11,14,14,11,12,12,14,12,14,13,13,11,11,13,10,11,14,10,11,10,11,10,10,14,11,11,10,11,11,14,14,13,12,12,12,10
12,12,10,13,10,10,13,14,10,11,10,10,14,13,0,11,14,13,10,14,10,14,10,14,11,11,12,10,10,13,10,14,13,10,10,13,12,10,12,10,11,12,11,14,10,10,10,11,12,13,10,14,11,12,12,11,12,13,13,12,12,14,12,10,14,11,11,14,14,10,13,13,10,14,13,13,13,10,13,10,10,11,13,12,12,10,12,11,13,13,10,14,12,10,12,12,14,10,14,13
14,10,11,12,14,12,14,12,14,14,12,11,14,12,11,0,11,11,10,12,14,14,10,11,10,14,14,11,10,12,11,13,12,11,10,11,14,14,10,13,10,11,10,12,14,11,13,14,14,14,11,10,14,12,10,14,13,14,10,13,14,10,13,14,12,10,10,10,13,11,11,11,11,12,11,13,13,13,12,14,10,10,12,11,10,10,14,14,11,11,13,10,13,11,14,10,12,10,14,13
10,13,10,13,12,14,14,11,11,11,10,10,11,10,12,13,0,13,12,14,12,10,10,13,12,13,10,13,14,13,11,10,13,13,13,14,12,14,14,13,10,11,12,13,14,10,12,13,12,14,10,11,14,11,12,12,10,14,13,10,11,11,10,13,14,11,12,11,12,11,10,14,14,14,13,11,13,11,14,11,10,12,11,14,12,14,10,11,11,11,13,13,11,14,11,14,11,14,14,13
13,10,10,10,14,10,12,10,13,11,14,14,14,11,14,14,10,0,10,10,14,10,10,10,11,13,11,12,10,13,13,14,13,12,11,12,14,11,10,10,11,12,10,13,10,11,14,13,10,14,11,14,11,13,14,12,13,10,13,11,12,13,12,12,14,11,10,11,13,13,14,13,14,14,13,12,14,11,14,10,14,13,12,10,11,14,13,10,12,13,14,14,12,13,13,13,14,13,14,14
10,12,14,11,14,12,14,11,14,11,12,12,10,13,12,13,10,11,0,10,14,12,10,14,14,14,10,10,11,11,10,13,11,12,10,10,11,14,10,10,13,14,11,10,11,10,12,13,14,10,14,13,12,13,14,11,10,13,14,12,14,12,13,10,14,13,11,14,10,12,10,14,14,10,11,10,10,14,12,13,12,11,11,10,11,11,10,13,12,14,10,13,14,12,11,11,11,11,11,13
13,12,13,11,10,10,13,12,11,14,10,10,10,10,10,12,10,13,14,0,12,12,13,12,11,12,12,14,12,14,10,14,14,13,13,10,14,13,14,10,11,13,13,11,13,13,14,12,13,12,14,10,13,12,13,10,10,10,11,14,12,10,11,12,10,10,10,12,11,10,10,13,11,12,12,14,14,12,13,12,12,14,11,14,10,14,10,12,14,12,10,14,11,14,12,10,12,10,10,13
12,12,11,12,11,10,13,10,14,14,11,12,11,14,11,13,14,11,12,11,0,14,13,12,13,10,11,11,11,10,12,11,13,11,10,10,10,13,13,13,14,10,10,12,10,11,12,13,12,13,13,11,10,12,14,14,14,10,12,11,10,13,12,10,11,12,12,11,11,14,11,10,10,12,13,10,13,10,11,12,13,13,14,13,11,11,10,11,11,10,11,10,11,11,13,10,13,10,11,13
13,10,11,13,12,13,10,13,14,14,10,13,13,14,13,11,14,13,13,10,11,0,11,14,10,13,11,14,13,14,12,11,12,14,12,14,12,11,10,11,13,10,12,11,12,10,12,11,11,13,11,11,10,12,10,12,11,11,11,10,10,13,11,13,12,13,12,13,10,10,10,10,13,12,14,14,13,10,11,10,10,14,13,10,12,10,10,10,13,10,12,11,10,10,10,10,13,14,14,14
12,13,10,11,12,11,12,13,12,10,13,11,14,11,14,10,10,11,10,11,12,12,0,14,10,12,14,14,12,11,14,10,13,10,12,12,11,14,11,12,11,13,12,13,13,11,11,12,14,11,14,10,12,13,13,12,10,13,10,13,13,11,10,11,13,14,14,10,11,13,12,11,13,14,14,13,14,14,11,13,10,11,10,11,12,14,13,10,12,10,12,13,14,13,13,10,13,10,14,13
11,11,10,10,13,13,11,12,14,10,12,10,11,11,12,12,10,13,14,13,11,14,12,0,11,11,14,11,10,10,13,14,13,14,13,11,14,11,10,12,13,12,10,10,12,12,11,11,12,10,11,14,14,11,11,12,12,13,13,14,14,11,11,12,10,10,13,11,13,14,12,10,10,11,10,11,10,13,10,14,14,13,14,10,14,14,10,12,13,11,14,11,13,10,13,12,11,13,14,12
14,10,12,12,12,10,14,13,10,10,11,13,13,14,14,10,12,11,12,11,14,10,13,12,0,10,11,12,14,13,13,14,11,14,12,14,14,10,11,12,13,14,12,12,13,14,11,12,14,11,12,10,10,11,13,12,13,11,10,12,10,13,10,10,12,10,10,14,10,14,10,10,10,13,13,11,12,13,10,12,14,13,12,13,10,12,14,10,10,14,11,12,14,13,12,14,14,12,10,12
13,11,12,14,10,11,14,12,12,12,10,10,11,12,12,12,10,12,14,14,11,14,13,10,12,0,12,10,12,10,13,12,14,12,12,13,12,11,13,12,13,12,12,12,13,14,11,11,12,10,10,14,12,12,10,11,13,12,11,11,13,11,12,11,13,14,10,12,13,13,10,10,12,14,10,11,14,12,10,11,11,10,13,11,10,14,14,11,11,11,10,14,14,11,14,12,10,10,14,13
13,13,12,13,10,14,11,12,12,14,11,11,12,14,14,12,13,11,10,14,10,14,10,11,13,10,0,10,10,10,13,11,13,12,12,13,13,13,14,10,11,13,12,14,12,14,13,12,10,11,11,14,13,14,14,13,14,13,10,14,10,13,10,11,14,12,13,13,14,11,11,14,13,10,14,11,12,14,12,12,10,12,10,14,13,13,12,13,13,14,14,10,12,10,10,12,12,10,10,14
11,14,12,14,14,12,11,12,10,13,10,14,10,13,13,12,13,11,13,10,10,14,10,10,11,11,12,0,12,10,12,13,12,14,13,11,11,10,11,14,10,12,14,13,14,13,10,14,13,11,13,14,11,12,14,14,11,13,12,12,13,10,13,12,13,10,13,14,12,12,12,12,11,11,12,12,10,11,11,11,11,12,13,11,11,12,12,10,10,13,14,13,12,13,11,10,14,12,14,14
10,10,12,10,14,11,12,14,14,11,14,14,11,11,11,11,11,12,10,10,12,12,14,13,12,13,14,13,0,10,12,13,13,11,12,10,10,14,12,11,10,10,13,10,13,14,10,11,11,12,14,13,11,11,14,11,12,11,13,13,10,11,14,13,11,12,10,12,14,10,10,11,13,10,10,14,14,11,10,14,12,12,13,10,11,14,12,11,11,10,12,14,10,14,11,13,11,14,13,10
13,12,12,10,12,13,14,11,11,10,12,11,10,14,11,13,13,13,12,12,10,13,10,13,13,10,10,14,14,0,11,13,14,13,10,10,14,14,12,13,13,14,10,10,11,13,11,14,11,13,12,14,12,12,11,10,14,11,13,12,11,12,10,11,14,11,13,12,14,13,11,13,11,10,13,13,14,13,14,10,11,11,13,10,11,11,11,11,11,10,11,13,11,10,12,10,14,14,10,10
14,13,14,13,12,13,13,11,14,12,10,11,12,12,10,14,13,14,10,12,10,11,11,14,12,12,12,11,13,12,0,13,10,12,13,11,13,12,10,13,12,13,14,12,14,14,14,10,13,14,12,12,10,13,12,14,13,12,14,10,14,11,12,13,11,13,14,13,13,11,12,12,12,10,12,14,11,14,11,14,12,11,13,12,10,10,13,11,10,14,12,10,12,14,14,11,11,11,11,10
10,11,12,12,11,10,14,14,11,13,13,14,10,14,13,12,12,14,12,10,10,12,13,14,13,12,10,12,11,11,12,0,14,12,11,14,10,14,11,10,10,10,13,10,11,10,13,14,12,11,11,13,11,13,10,14,12,13,12,13,14,14,11,13,14,10,13,11,14,10,12,13,11,14,11,10,12,11,11,14,10,12,12,11,14,13,11,11,12,11,11,12,11,12,11,10,13,14,11,11
11,12,10,11,13,13,12,12,11,10,12,11,11,13,13,12,12,10,14,11,13,12,13,12,13,10,11,13,12,11,11,12,0,10,10,12,12,11,11,13,11,10,14,14,11,14,10,10,13,14,14,13,13,10,14,12,14,13,13,12,13,11,13,14,10,13,10,10,11,10,11,10,10,11,12,10,14,12,12,13,13,14,13,14,13,12,13,12,10,13,13,14,13,13,10,14,11,10,14,13
13,14,14,12,13,13,12,11,12,14,12,11,11,14,14,13,13,14,10,12,10,13,10,12,12,11,12,12,11,13,13,14,13,0,13,14,13,14,10,11,10,14,11,14,11,10,12,12,13,13,11,10,12,14,11,12,10,14,11,10,11,11,10,10,13,10,13,13,12,14,11,13,12,13,14,13,14,13,14,12,14,14,13,14,14,12,11,14,11,11,14,13,13,10,14,14,14,10,10,10
12,13,10,14,11,13,12,14,14,13,12,11,10,14,10,11,12,10,10,11,13,13,11,11,10,13,10,12,13,10,13,13,13,13,0,14,10,14,13,12,11,14,12,10,13,13,12,12,13,14,12,11,13,14,14,12,14,12,13,13,13,12,10,11,14,10,14,13,12,14,14,12,14,13,14,11,11,13,13,12,13,10,11,12,10,14,14,14,13,11,10,13,10,10,14,13,14,11,11,12
14,13,10,14,14,10,12,10,10,12,10,10,13,11,10,13,11,12,10,14,10,14,14,11,13,11,12,13,14,10,12,10,12,10,13,0,10,14,11,13,10,12,14,14,11,11,14,14,14,10,11,11,11,10,11,12,14,13,14,10,13,12,13,11,14,10,14,13,13,12,10,13,14,14,10,12,11,10,13,10,13,11,13,13,13,13,10,10,10,13,13,11,10,11,10,12,13,12,10,10
11,11,11,11,10,12,12,12,14,14,10,14,14,13,11,11,14,10,13,10,10,13,12,14,14,13,12,13,13,13,13,13,10,13,13,12,0,10,12,13,10,11,12,11,11,12,14,12,11,14,13,13,13,14,14,14,13,13,12,12,11,10,14,13,11,10,11,13,10,10,14,11,12,11,12,13,13,12,11,11,14,11,10,13,10,14,10,14,10,14,10,13,12,14,11,10,12,13,14,11
10,10,11,11,10,12,11,11,11,11,11,10,12,10,12,10,14,10,13,11,14,12,12,11,10,10,13,12,14,12,11,14,12,14,10,13,10,0,14,13,12,13,13,12,14,12,14,11,12,12,11,10,12,10,12,11,13,12,14,11,14,14,14,11,13,10,11,12,13,10,13,10,10,11,11,13,11,10,13,13,10,14,10,10,13,12,14,14,10,12,12,11,10,13,14,12,13,11,13,14
11,11,12,12,13,11,10,10,13,13,10,12,14,10,10,14,13,14,13,11,10,12,12,10,12,12,14,12,12,13,14,14,11,13,12,13,11,13,0,11,12,12,13,10,11,12,14,11,14,12,10,14,14,12,12,13,13,14,12,14,10,11,12,12,10,13,10,11,10,13,11,12,14,12,11,14,11,11,10,12,13,11,14,14,12,14,10,11,14,10,13,14,14,14,11,10,14,11,10,12
11,13,11,11,10,12,14,12,11,13,11,12,13,14,10,14,11,12,10,11,13,13,11,10,14,11,13,10,11,11,14,10,11,13,10,10,14,13,13,0,14,14,12,10,11,13,11,10,14,14,11,13,11,10,14,13,13,11,11,12,13,14,14,11,10,13,10,11,10,13,10,14,13,14,10,11,11,13,14,11,12,11,13,11,14,12,12,14,12,14,12,13,13,10,14,10,10,11,10,13
12,10,10,10,13,12,14,12,10,12,12,14,11,10,14,12,10,12,11,12,10,11,13,11,11,12,11,13,14,14,10,14,13,11,13,12,10,13,12,12,0,13,10,14,14,12,13,11,13,10,11,14,12,14,12,12,11,11,14,14,11,10,11,13,10,12,12,11,10,11,12,12,12,10,13,14,10,12,14,14,12,10,12,12,12,10,12,14,10,14,11,10,11,13,11,11,12,12,13,11
14,11,11,11,12,14,11,12,10,13,11,14,12,10,11,10,13,13,10,10,10,13,11,10,10,12,10,14,14,12,12,13,13,12,14,10,14,10,14,12,13,0,14,13,11,12,11,13,11,11,10,13,13,11,12,11,11,10,10,11,10,14,12,13,13,11,13,10,14,10,11,11,12,13,13,12,10,14,14,13,13,14,14,12,13,14,13,12,11,11,13,14,13,13,14,13,10,11,10,14
13,11,13,10,10,14,10,14,12,10,10,11,11,12,13,11,14,10,10,14,13,11,14,12,12,11,12,13,14,14,12,14,14,14,14,12,10,14,11,14,13,13,0,14,10,10,11,13,11,10,12,14,10,11,10,11,12,11,11,13,14,12,11,10,13,13,11,12,11,13,11,11,14,13,10,10,14,12,13,11,10,12,11,13,11,10,11,13,13,13,11,10,13,10,12,11,12,13,10,12
14,14,12,12,14,11,14,12,10,14,12,14,12,14,13,12,11,13,13,12,11,12,13,13,11,10,12,13,10,14,13,11,11,10,11,10,10,13,13,10,11,14,13,0,13,10,11,13,14,12,10,10,13,14,13,11,11,10,13,10,14,13,10,11,11,11,11,13,11,12,12,11,12,14,13,11,11,14,10,12,14,11,13,11,10,13,14,11,13,14,10,10,11,12,14,11,10,13,11,12
14,13,11,11,10,13,12,13,11,11,14,11,10,10,10,12,14,14,10,12,11,14,10,12,12,11,10,10,10,11,11,13,12,12,12,11,10,12,10,12,10,11,10,11,0,14,13,10,10,11,11,12,11,12,14,11,10,13,14,13,14,13,12,13,14,10,11,14,12,12,14,12,12,13,13,11,10,13,13,12,14,11,14,13,13,14,10,11,13,11,12,13,10,13,11,13,13,12,11,11
13,14,12,13,12,14,14,12,13,12,11,12,14,11,14,12,14,14,14,10,10,14,10,11,10,11,11,14,12,10,13,12,11,12,13,10,14,11,11,14,10,13,12,10,14,0,14,13,13,13,13,14,14,13,10,11,13,13,10,12,11,13,14,14,13,13,14,10,12,13,14,13,12,12,10,10,12,11,14,12,10,12,12,10,13,10,14,13,10,11,14,11,13,13,14,10,10,13,14,12
10,14,10,10,14,10,11,11,12,10,13,12,13,13,11,13,10,13,11,12,14,10,14,11,13,12,14,14,13,14,14,13,12,12,11,11,12,11,11,13,13,13,10,10,12,12,0,13,10,11,11,14,11,12,12,12,10,14,13,11,12,10,12,13,13,11,10,14,11,11,10,10,14,12,12,13,10,14,14,14,11,14,13,12,11,14,12,11,14,14,11,12,13,10,13,12,11,10,12,13
11,12,11,13,11,10,10,14,14,13,12,10,14,14,10,13,11,10,11,13,13,13,10,11,10,13,11,14,14,10,12,10,12,10,12,13,12,10,10,10,13,13,11,11,12,11,12,0,14,14,10,10,11,13,13,10,13,12,10,13,13,13,11,10,14,11,12,12,14,11,12,10,11,14,11,10,14,12,13,14,14,11,12,14,13,14,11,11,13,10,14,10,12,11,12,11,11,13,12,10
10,13,12,13,11,10,13,11,12,13,10,10,14,11,14,11,11,12,11,14,14,10,13,13,11,11,13,10,11,14,13,11,14,13,14,10,13,14,13,13,10,14,14,10,10,13,11,10,0,12,10,10,14,12,12,10,14,14,13,11,14,11,13,14,12,10,14,11,10,12,13,13,12,14,13,13,14,11,13,13,13,10,12,12,11,14,13,14,11,12,14,11,14,12,13,11,12,10,11,10
10,12,10,13,14,12,12,10,13,14,10,13,11,10,13,14,13,11,13,13,12,10,14,13,12,11,13,14,10,11,11,14,14,13,13,10,14,13,13,14,11,12,10,12,11,10,10,14,14,0,13,12,11,11,13,12,10,13,12,11,12,13,13,14,12,13,11,14,12,12,12,14,10,12,14,11,14,14,11,11,12,11,14,14,12,13,14,13,11,10,12,11,12,12,10,10,13,12,13,14
10,11,12,12,11,14,12,13,12,11,13,10,12,10,13,11,13,13,12,13,13,12,12,12,14,11,12,12,11,13,13,11,11,11,11,10,14,12,12,12,10,11,11,14,11,11,14,11,14,14,0,12,14,10,14,11,12,13,14,12,10,12,10,11,13,13,12,14,10,14,12,12,11,10,14,12,11,11,13,10,13,11,10,13,12,11,13,11,11,10,13,12,14,14,12,10,10,14,12,10
14,12,13,12,11,12,10,13,10,11,14,10,10,14,14,13,12,12,14,12,10,10,12,10,10,10,12,11,13,14,12,12,13,12,11,10,12,12,12,14,10,14,11,14,10,13,12,14,10,13,13,0,13,10,10,10,13,14,13,11,10,14,14,10,10,14,12,11,12,12,13,11,14,14,14,12,10,14,12,10,12,13,13,10,10,11,14,12,13,11,12,11,14,10,11,14,10,14,10,10
12,11,14,11,12,12,13,13,10,13,14,13,11,13,14,11,11,13,14,14,14,10,13,10,10,11,11,13,13,14,11,11,14,12,12,11,14,11,13,13,12,11,12,10,12,13,14,11,11,10,13,11,0,14,11,10,12,12,13,11,10,10,10,14,10,11,12,14,14,10,12,12,10,10,11,11,13,13,13,13,11,12,14,12,12,11,14,12,12,11,14,13,11,14,12,12,12,11,11,13
14,14,10,11,13,12,13,11,12,14,12,14,14,14,14,13,10,13,12,13,12,14,11,12,10,14,11,10,12,14,14,11,11,14,13,12,11,13,13,10,13,13,10,13,14,10,14,11,14,14,11,13,14,0,13,10,14,12,12,10,14,11,12,13,13,14,10,13,14,11,12,11,11,14,11,10,14,14,13,12,10,10,10,10,13,12,11,12,13,13,14,14,14,13,14,13,10,14,12,13
14,11,14,14,12,13,14,13,12,12,11,10,14,14,14,14,11,11,10,10,13,13,10,11,12,12,12,13,10,13,10,14,12,14,13,13,10,10,13,10,12,12,14,10,12,14,10,14,13,14,12,13,14,11,0,10,10,11,13,12,14,10,11,13,14,11,11,12,10,11,11,13,11,13,10,12,11,13,14,14,13,11,13,14,10,11,12,10,11,13,12,12,12,12,13,14,11,13,10,13
10,11,10,13,12,11,11,10,14,13,13,12,11,13,14,12,12,12,12,12,14,11,11,11,13,13,10,13,14,10,11,12,12,10,14,11,11,10,11,14,10,11,11,12,14,10,10,13,13,11,12,14,10,12,14,0,13,10,13,14,14,10,12,10,13,11,11,14,11,14,13,11,12,10,13,12,12,10,13,11,12,12,12,10,13,13,12,11,14,11,10,10,12,10,12,13,12,11,12,11
13,10,14,13,14,14,14,13,12,10,11,13,11,12,12,11,13,12,12,10,14,14,10,14,14,12,13,11,12,14,10,11,12,12,12,12,12,13,10,13,13,13,14,14,10,11,13,10,13,11,10,14,13,12,11,14,0,10,10,14,12,11,12,11,12,10,14,11,14,14,14,13,14,11,14,11,10,14,10,14,13,13,13,13,11,14,10,12,14,10,13,11,12,14,12,12,10,12,11,14
10,10,14,10,13,12,10,12,14,10,11,14,14,11,10,14,12,14,10,13,14,12,11,13,11,13,11,10,14,11,10,13,13,11,13,12,13,13,10,14,13,12,12,13,13,13,12,11,13,13,14,11,11,12,14,13,13,0,10,14,10,10,10,13,13,10,13,11,13,12,13,10,14,14,11,10,12,14,12,10,13,10,10,11,10,11,14,11,10,12,10,13,13,14,14,13,12,13,14,13
10,11,14,14,10,13,10,11,10,11,11,14,11,10,10,14,10,13,13,11,10,12,10,10,11,14,12,10,14,12,13,14,14,13,14,11,11,11,11,12,10,12,10,13,10,11,12,12,13,10,12,13,10,13,13,13,10,13,0,12,11,10,10,12,12,13,12,14,12,11,14,12,14,12,10,10,12,11,11,10,10,11,14,11,13,10,14,14,11,14,10,10,13,13,10,11,10,10,12,10
12,11,14,11,13,12,12,11,14,12,10,12,14,12,11,14,11,14,13,12,14,13,13,12,10,13,14,10,12,14,10,12,14,11,12,13,11,12,12,11,12,12,14,13,14,13,11,10,11,10,14,11,11,10,10,14,13,12,11,0,10,13,11,14,10,12,13,12,12,14,13,13,14,11,12,14,11,13,14,13,11,12,13,14,11,14,14,11,14,10,13,14,14,10,12,12,11,13,14,10
10,10,13,10,13,12,14,14,13,10,14,10,13,13,14,12,14,12,12,10,13,11,13,11,11,13,13,14,13,14,13,12,14,14,13,10,13,12,10,13,14,14,12,13,11,12,10,11,10,10,12,13,10,13,12,13,11,12,14,10,0,14,10,11,14,11,11,10,14,10,14,13,12,12,14,11,14,14,10,10,13,12,12,13,13,11,10,11,11,12,14,13,11,13,10,14,13,13,13,11
14,12,11,10,11,11,10,11,11,12,12,14,11,11,10,12,11,12,12,12,11,14,14,12,11,10,11,13,11,14,12,11,10,13,10,11,11,11,11,11,10,13,10,14,14,14,12,10,13,12,12,11,10,11,10,10,12,13,14,11,14,0,12,14,11,14,11,13,13,11,13,11,14,10,11,11,12,14,10,13,11,13,11,10,14,11,11,10,14,13,10,14,12,12,10,11,13,14,13,14
12,10,14,13,14,10,13,10,13,14,12,10,12,10,13,12,13,11,10,10,12,10,14,14,11,14,14,12,14,14,12,13,10,10,10,10,14,13,10,13,13,11,12,14,11,14,12,11,13,12,13,12,13,13,12,12,11,14,12,10,11,10,0,10,14,12,13,14,11,10,12,13,14,10,12,11,11,13,14,13,11,11,12,13,11,10,10,14,12,12,13,14,14,10,10,11,13,10,12,12
12,14,10,11,11,14,14,11,11,11,10,13,11,10,10,13,14,11,14,13,11,14,12,13,12,13,13,13,10,10,13,11,10,12,11,12,11,10,12,12,11,14,12,10,12,14,12,14,10,11,12,12,11,13,10,13,12,11,14,12,10,10,10,0,11,13,14,12,14,14,13,12,13,13,11,12,12,11,11,11,12,11,14,13,14,13,11,10,12,11,13,14,10,11,14,11,11,13,11,12
12,11,12,14,12,14,13,13,14,11,13,12,10,14,11,11,10,11,11,13,12,13,10,13,11,13,12,12,13,14,10,13,14,13,13,11,13,10,11,14,14,12,10,10,12,11,13,10,14,13,11,14,12,13,10,14,10,14,13,13,12,10,14,14,0,10,10,12,12,11,10,13,10,10,11,13,14,12,10,10,10,14,12,13,10,13,11,10,11,13,14,10,14,11,12,12,13,13,11,14
12,13,11,13,14,14,10,13,10,14,10,11,10,13,13,13,10,12,14,11,14,14,11,13,11,14,13,13,13,14,10,11,11,10,13,11,12,13,13,10,12,13,10,11,12,13,10,11,13,13,11,11,14,10,10,12,11,13,11,10,10,12,10,10,14,0,14,14,14,14,11,11,12,13,13,13,11,14,14,10,13,13,12,14,14,13,13,12,11,10,11,10,14,11,13,14,10,12,14,12
12,13,11,11,12,12,14,12,10,11,14,12,12,12,13,11,13,12,11,12,10,12,13,13,12,11,11,10,10,13,13,13,10,12,13,14,12,11,12,11,13,11,11,14,11,13,13,12,13,11,11,12,11,11,11,10,10,12,13,11,11,13,11,12,13,10,0,12,14,14,13,14,12,10,14,13,13,10,13,12,13,12,14,12,14,11,10,12,13,10,12,13,14,12,10,10,10,14,14,11
11,11,13,13,14,11,14,12,11,13,13,14,12,10,14,13,12,11,12,10,13,13,13,14,11,10,14,14,14,14,13,14,11,12,11,12,14,10,13,12,12,12,10,10,12,13,11,14,12,11,12,13,11,13,13,13,12,14,11,13,12,14,13,12,14,13,12,0,10,14,12,14,11,13,10,13,10,12,13,11,13,13,10,12,12,11,14,12,13,13,12,14,10,13,14,14,12,14,12,10
13,10,10,10,14,12,11,10,10,10,12,10,14,12,13,10,12,12,10,11,10,11,14,11,11,13,14,12,13,10,10,11,10,13,13,12,12,14,12,10,14,14,11,12,11,12,14,12,10,14,12,10,13,10,14,12,11,14,14,11,13,13,11,10,14,11,10,10,0,14,11,12,12,14,10,11,11,14,11,10,13,13,11,12,14,12,10,12,14,13,11,11,13,10,11,11,10,12,11,13
14,12,14,13,14,12,10,10,13,14,13,12,14,13,10,12,12,11,12,12,14,13,10,11,13,14,13,12,13,13,10,14,13,13,10,11,14,12,12,12,12,14,14,10,10,13,11,14,14,13,14,14,14,14,13,10,11,12,10,14,13,13,12,14,13,14,14,11,12,0,13,13,14,13,14,14,10,14,10,11,14,12,13,12,14,14,11,14,14,14,10,10,11,12,13,14,14,11,14,11
10,14,10,12,11,10,14,10,14,14,13,11,10,11,10,11,14,11,13,10,11,14,10,12,12,13,12,12,10,10,10,13,14,13,10,10,12,11,11,13,14,11,14,10,10,13,14,14,11,11,14,13,13,14,10,11,14,12,14,12,13,12,14,13,13,10,11,11,11,10,0,14,13,10,10,11,10,14,14,11,13,14,12,11,14,11,12,10,10,13,14,11,10,11,13,14,11,11,11,11
10,12,12,13,10,11,11,13,12,13,14,11,14,10,10,12,11,11,14,12,10,14,11,13,12,13,14,11,11,10,14,13,13,13,11,11,12,14,10,12,10,14,12,12,14,12,12,14,11,10,13,10,11,13,10,10,10,14,10,12,12,14,11,12,14,10,12,10,13,13,10,0,11,10,11,11,11,12,14,13,14,11,14,10,10,11,13,11,14,12,11,11,12,13,13,10,10,12,14,13
13,14,11,10,12,10,11,14,14,11,14,12,11,10,10,10,12,14,11,11,10,13,13,13,12,12,13,13,12,11,11,13,12,11,10,14,10,14,12,10,14,13,11,12,12,13,14,12,12,12,12,11,11,13,12,14,11,12,13,14,11,13,12,13,10,11,10,10,14,10,10,13,0,11,10,11,11,12,10,11,13,13,11,10,14,14,10,11,14,13,11,13,12,11,13,13,11,11,13,12
10,13,13,12,11,12,14,14,10,12,11,12,11,11,14,11,10,13,13,14,10,10,10,12,13,12,13,12,13,12,10,10,13,13,11,10,14,13,13,11,14,10,10,12,12,13,12,11,11,11,12,13,12,14,11,14,12,11,13,14,14,12,11,13,11,10,13,13,10,14,11,12,14,0,11,14,10,10,13,14,14,10,12,10,11,14,11,12,14,11,11,12,12,10,14,12,12,13,11,10
11,10,14,10,12,14,10,13,11,14,11,14,13,11,13,13,11,11,14,14,14,12,14,11,13,11,13,11,10,13,11,11,13,13,12,14,11,11,13,11,13,13,11,14,10,11,13,11,11,10,10,10,14,12,10,13,10,12,12,10,10,14,13,12,13,14,11,10,13,13,12,10,13,12,0,11,11,11,10,10,12,12,12,10,14,12,10,12,11,12,13,14,13,14,12,11,14,14,13,10
10,10,13,12,12,12,10,12,11,11,13,12,10,12,10,12,13,13,13,10,12,12,10,12,14,14,14,11,10,11,11,12,13,14,14,11,14,10,12,12,12,13,11,10,14,11,14,11,14,10,12,10,10,13,13,13,10,11,12,13,13,14,11,14,14,11,13,10,12,13,13,12,11,11,13,0,13,11,10,13,12,10,12,11,10,13,11,11,10,10,11,11,13,13,14,13,12,12,11,10
12,13,13,14,10,12,10,14,14,14,14,12,10,13,14,12,10,12,10,10,12,10,13,14,10,12,10,14,11,13,10,11,14,14,10,14,11,13,10,13,13,11,12,10,11,13,10,14,13,11,12,10,11,11,12,12,10,13,13,13,12,10,12,10,14,13,12,11,12,14,10,12,11,12,11,11,0,13,12,13,11,11,10,10,14,10,10,14,13,11,13,14,13,14,12,11,13,14,11,10
12,11,14,12,13,10,14,13,14,14,11,13,12,10,11,11,12,14,12,10,14,13,14,14,13,10,12,12,14,11,13,12,12,11,10,10,12,12,11,14,10,11,10,13,14,14,12,13,12,11,14,13,11,10,11,14,11,14,13,13,13,11,14,13,11,14,11,10,14,10,14,14,12,13,14,12,13,0,11,14,14,12,14,10,13,12,14,10,11,10,11,14,12,14,13,10,13,12,12,12
10,13,11,13,12,11,14,10,12,11,14,10,10,10,14,10,14,11,11,10,11,13,10,14,13,11,11,10,14,13,10,14,11,13,14,10,11,10,13,11,12,14,13,10,10,10,14,12,14,12,11,12,11,11,11,11,12,11,10,10,10,14,11,14,10,14,14,11,10,13,14,13,13,14,13,12,10,10,0,14,12,12,14,10,12,11,13,13,14,12,12,12,14,14,12,11,13,13,14,14
11,11,12,11,11,12,13,13,11,12,13,11,12,12,13,13,10,13,13,12,11,11,14,13,13,10,10,13,11,13,14,13,10,10,12,11,14,13,14,14,13,10,11,12,13,11,10,11,11,14,10,14,14,12,12,14,11,13,13,10,12,14,12,12,12,14,10,12,14,11,13,11,14,14,13,11,10,12,10,0,11,10,13,11,11,12,10,14,13,12,13,10,10,10,13,12,14,13,13,14
13,10,12,11,14,11,13,10,10,13,11,14,13,13,11,10,13,12,10,14,12,10,12,10,11,11,12,11,10,11,14,13,11,13,11,10,12,12,11,10,13,14,14,10,10,14,11,12,13,13,13,11,12,13,11,13,13,12,10,13,13,12,10,13,13,13,12,10,12,10,12,11,10,14,10,13,11,12,14,11,0,10,10,13,12,12,13,10,12,12,12,12,10,11,13,11,11,14,10,11
12,12,11,14,12,10,12,10,13,12,12,12,10,13,14,12,13,13,12,11,14,13,14,12,14,12,12,14,12,12,14,14,10,11,11,14,13,10,10,11,10,13,12,14,10,10,12,11,12,10,13,12,11,14,11,14,12,13,10,10,13,12,13,10,13,13,11,14,11,14,14,12,13,11,10,11,11,10,12,13,10,0,11,12,11,14,11,13,11,14,12,12,14,10,14,13,12,14,11,10
12,14,12,14,12,11,10,14,14,13,14,13,11,11,11,10,11,10,11,10,12,14,14,10,14,12,14,12,13,12,13,12,14,14,10,14,12,11,14,14,13,12,13,12,14,14,10,13,13,14,11,11,13,11,13,12,14,12,10,14,12,13,10,12,14,12,14,12,11,12,12,10,10,11,12,10,11,12,10,10,12,10,0,13,14,11,12,13,13,11,13,14,14,11,14,12,14,11,10,13
12,14,12,12,11,12,11,10,11,13,12,10,12,12,14,12,12,10,11,11,12,13,11,11,12,12,13,14,11,14,12,13,10,13,12,10,10,13,11,11,14,11,12,14,13,12,12,11,11,12,10,14,10,14,10,13,13,10,14,14,13,11,14,11,11,13,14,13,14,14,12,13,13,14,11,10,10,11,13,14,10,11,12,0,13,14,12,13,11,12,14,11,14,13,12,12,13,11,11,13
14,13,13,12,12,10,11,10,11,13,14,12,12,12,14,13,12,13,11,11,13,10,13,10,10,12,12,14,11,11,13,14,14,13,13,11,12,14,10,12,13,12,11,13,13,11,14,12,14,14,10,14,10,14,14,13,10,12,11,14,12,11,14,10,14,10,13,14,13,13,11,13,13,13,13,11,14,10,12,13,13,10,10,12,0,10,13,13,10,13,10,11,14,12,11,14,11,12,11,13
12,13,10,13,11,12,11,11,12,10,13,14,10,14,13,11,12,11,12,14,11,12,13,10,12,11,11,11,12,13,12,13,12,11,10,10,13,11,13,14,14,12,11,14,14,11,10,14,14,14,12,10,10,12,12,10,14,14,10,14,11,10,14,13,13,10,11,13,14,12,13,10,12,12,10,13,10,14,11,11,11,11,11,12,11,0,11,13,10,14,10,11,13,11,14,13,13,13,12,10
14,14,12,10,12,11,11,12,12,12,13,14,10,13,14,13,14,14,12,12,11,11,11,13,14,11,14,14,13,14,11,14,13,13,11,11,13,11,14,10,14,14,11,12,11,10,10,10,11,10,14,13,11,14,13,12,13,14,11,10,12,11,13,12,10,13,10,11,11,12,14,13,14,12,13,12,10,13,11,13,10,14,12,13,10,13,0,13,13,10,14,13,14,14,13,12,12,10,13,12
12,10,13,13,14,10,10,14,14,11,11,11,14,12,13,10,13,14,10,12,12,10,11,11,11,13,10,13,10,14,11,11,12,11,14,13,11,10,12,12,14,13,14,12,14,13,14,11,11,13,14,13,10,10,14,12,13,12,11,11,10,11,13,14,10,14,13,13,13,10,13,12,11,12,12,13,11,14,11,13,14,13,12,12,10,12,10,0,12,11,11,10,14,14,11,12,12,10,14,12
14,14,10,13,11,10,11,11,13,13,11,11,14,10,12,12,11,14,11,14,12,13,11,11,11,10,14,13,14,10,14,13,11,11,11,14,13,14,11,11,13,11,12,13,10,10,10,13,11,14,11,13,13,14,10,10,12,14,12,10,11,13,11,12,13,12,14,12,14,13,13,11,12,14,11,10,11,12,11,10,14,11,11,10,13,11,10,12,0,11,11,11,14,11,10,10,14,14,14,10
12,11,13,14,13,10,14,10,13,12,14,14,10,12,12,11,14,11,11,13,12,12,12,11,12,11,14,14,12,14,12,11,11,12,14,13,10,12,13,10,14,10,11,14,11,11,11,11,14,13,10,12,13,10,13,14,14,11,11,11,11,14,13,14,10,13,13,12,12,13,11,12,12,10,14,12,11,12,10,11,10,12,10,13,13,14,12,10,13,0,10,14,13,10,12,13,10,11,12,13
13,13,13,14,10,12,13,14,12,11,11,13,11,11,14,10,13,13,10,11,10,10,12,13,12,13,12,11,10,12,14,10,14,14,11,13,11,13,14,10,10,10,10,14,12,11,13,12,11,11,10,11,11,10,12,12,10,14,11,11,10,11,14,10,12,10,13,12,10,10,14,10,13,14,10,10,10,13,10,10,10,14,10,13,11,12,14,13,11,13,0,12,12,11,13,14,13,11,14,12
12,13,11,12,10,12,14,12,11,14,11,12,12,13,11,11,10,10,10,13,14,10,10,10,11,13,11,14,10,14,12,14,10,11,13,12,13,12,14,11,12,10,13,13,14,11,10,13,10,11,14,12,10,10,12,12,12,10,10,12,10,10,11,11,12,12,11,11,10,13,12,12,11,14,11,14,12,12,10,10,12,13,13,14,10,14,14,10,13,11,10,0,12,12,12,10,11,13,11,10
12,14,14,13,11,13,11,11,11,13,13,14,10,10,10,14,12,12,12,11,13,13,11,13,14,13,14,10,13,13,10,11,10,11,13,10,13,10,11,10,13,12,12,11,10,11,14,12,11,12,13,14,10,10,11,14,12,11,13,13,14,10,13,13,13,11,14,13,11,14,11,11,10,12,12,11,10,10,13,13,13,11,14,10,14,11,11,14,10,13,13,12,0,11,13,10,13,13,14,12
13,11,11,10,11,11,11,13,12,13,14,14,11,13,10,10,12,11,12,13,12,10,10,13,12,11,13,10,12,11,13,12,10,13,14,11,11,10,12,14,12,12,13,11,10,14,11,14,10,12,13,11,11,11,10,12,11,13,12,14,12,11,11,10,14,11,13,13,13,14,13,11,13,12,10,10,12,14,12,13,10,14,10,14,13,11,11,14,13,12,10,13,12,0,13,11,11,10,12,11
13,11,12,11,10,14,11,13,13,11,14,10,12,10,14,14,13,11,11,12,12,10,14,10,10,14,14,13,10,10,13,14,14,12,13,12,12,13,14,10,11,13,12,13,13,11,12,12,13,14,13,10,13,10,13,12,11,12,10,11,14,12,13,12,12,10,11,14,11,12,11,14,11,11,10,14,13,11,12,13,11,11,10,11,11,13,10,14,14,11,10,10,12,12,0,10,14,10,14,11
12,10,13,11,10,12,14,13,11,14,14,14,10,10,11,10,12,12,12,11,13,14,11,10,10,12,10,12,13,11,11,13,13,10,14,12,12,10,14,13,12,14,13,14,14,11,14,10,10,12,12,11,13,13,12,13,14,13,10,13,12,11,10,10,13,10,10,10,10,14,12,11,12,13,13,14,10,12,10,14,12,10,11,11,13,14,10,10,13,10,13,14,10,11,11,0,10,14,13,11
14,10,14,14,11,14,11,14,14,10,12,12,11,12,10,10,12,10,13,12,13,14,10,12,14,10,12,11,11,12,12,14,12,10,11,13,12,10,14,11,12,10,11,14,10,13,11,12,14,10,14,10,10,10,13,14,14,12,14,11,12,14,13,12,12,13,14,11,11,12,13,11,10,12,10,12,13,11,11,11,13,10,11,10,13,12,14,12,12,11,14,14,10,13,14,12,0,12,14,12
12,14,10,10,12,12,12,14,13,10,10,11,13,10,13,12,11,13,12,13,10,13,12,13,10,12,13,11,12,12,13,10,14,13,14,12,13,10,14,13,10,12,10,12,12,10,10,14,11,10,12,13,14,10,11,13,11,12,10,14,14,11,12,10,11,10,12,14,11,11,14,11,14,14,13,12,13,14,11,10,12,14,14,11,10,14,10,13,12,11,10,10,10,14,14,14,10,0,14,10
12,12,11,12,10,10,11,14,10,12,13,14,12,10,10,12,14,11,10,10,12,14,13,12,14,10,13,11,14,10,13,12,14,14,13,12,11,11,13,11,13,14,14,11,13,12,13,10,10,12,14,12,10,13,13,12,14,13,13,10,11,10,10,14,13,11,10,12,11,12,10,13,13,14,11,12,14,12,14,12,12,13,11,11,11,11,12,10,11,11,13,12,12,13,14,13,14,10,0,13
11,12,10,13,12,11,10,14,10,11,10,12,11,14,11,12,13,14,13,13,11,14,14,11,10,14,13,10,14,10,13,12,14,14,12,10,11,10,13,10,10,11,11,14,10,14,11,13,11,10,10,14,11,11,11,11,12,14,12,12,13,10,14,10,13,12,12,12,11,11,11,12,10,13,13,14,13,10,10,10,12,14,13,14,14,13,11,13,12,11,12,11,12,10,11,14,12,10,10,0
