R=100
Pi=(28,29,25,24,20,20,26,24,24,27,22,25,23,25,27,25,25,24,27,28,23,28,26,24,20,20,23,21,26,23,26,25,29,20,20,29,23,21,20,22,25,28,24,27,20,23,26,25,25,27,28,25,25,23,29,29,23,21,23,29,26,25,27,21,20,27,26,22,25,28,21,24,24,25,22,25,24,29,24,27,24,28,26,29,24,21,29,26,20,20,26,22,27,21,25,20,20,22,26,22)
A=
1,2,0
3,4,40
4,5,0
5,8,0
9,10,0
11,12,0
12,13,0
13,15,0
16,17,0
17,18,53
18,19,59
19,20,58
21,22,0
22,23,55
23,24,0
24,25,0
26,27,49
27,28,57
28,29,0
31,32,42
32,33,0
34,36,43
36,38,0
39,40,49
40,41,46
42,43,59
43,44,59
46,48,54
48,50,0
49,51,45
53,55,42
55,57,0
57,59,0
58,60,0
60,62,0
61,63,52
63,65,56
66,68,0
67,69,46
71,73,49
76,78,0
78,80,0
79,81,0
82,84,55
86,88,40
90,92,0
92,94,58
96,98,45
97,99,0
98,100,50
Sij=
0,6,6,5,6,5,9,7,9,7,9,8,6,9,5,6,5,9,7,7,8,5,6,6,7,8,8,6,9,5,8,9,5,6,5,8,8,8,5,7,7,7,7,7,7,7,7,5,7,6,8,8,7,9,8,6,5,9,7,7,7,7,8,9,8,5,8,9,8,6,8,7,9,9,5,6,7,8,8,5,5,7,9,7,6,9,6,6,8,8,8,8,5,7,9,5,9,8,8,7
8,0,7,7,5,8,6,9,7,9,7,9,7,6,6,7,9,8,5,8,9,8,7,6,9,8,9,6,6,5,5,7,9,9,5,6,8,5,8,9,9,5,8,6,6,9,6,7,9,5,9,6,8,5,9,8,6,6,7,7,9,5,7,7,9,5,9,7,5,5,9,9,9,5,8,9,5,5,5,5,7,7,7,6,5,8,8,8,9,7,9,6,7,6,5,8,7,6,7,6
9,8,0,6,8,6,5,7,7,7,5,8,6,5,6,9,7,8,5,7,5,6,6,8,8,5,7,6,8,5,9,6,9,7,9,6,9,5,8,5,9,6,5,6,8,8,8,5,6,6,8,5,6,8,6,9,8,5,8,8,9,8,8,7,7,9,9,8,6,5,5,6,5,5,7,9,6,9,9,9,6,6,5,6,6,9,9,5,5,9,7,9,7,9,6,6,7,8,9,9
9,9,9,0,5,5,6,9,6,5,7,8,8,5,8,6,7,7,6,5,7,9,8,8,7,7,6,9,5,9,6,7,7,5,9,5,7,7,5,5,9,9,8,9,8,6,9,8,9,7,8,8,5,7,6,9,5,6,6,7,9,7,9,6,9,9,5,8,5,7,9,5,7,5,5,8,5,8,9,5,8,7,9,7,6,7,7,5,8,9,5,5,5,7,6,7,5,7,5,8
5,5,7,7,0,8,7,6,9,6,8,8,6,6,6,8,6,7,6,5,7,7,9,9,5,6,8,5,5,9,8,7,8,8,6,9,7,5,7,9,8,5,7,9,5,5,9,8,9,8,9,9,8,6,7,5,6,6,7,5,9,7,6,9,7,5,5,7,5,6,5,6,9,6,7,6,9,5,9,9,6,5,5,6,9,9,8,7,6,5,8,6,7,7,5,5,9,8,6,9
5,7,8,7,7,0,8,9,7,9,5,6,6,7,7,8,9,7,9,5,8,6,7,6,5,7,9,8,7,6,7,7,6,8,9,8,9,6,8,8,6,9,6,8,5,9,7,9,5,8,6,8,5,7,8,8,8,6,7,5,8,9,7,5,6,8,9,7,8,8,9,7,8,5,9,8,5,9,5,5,5,9,7,8,9,9,7,8,9,5,5,8,8,8,5,6,7,5,6,7
9,9,5,7,9,9,0,9,9,8,5,8,8,5,7,9,8,7,8,6,7,5,5,8,7,7,5,8,5,5,7,6,9,7,7,5,5,9,5,8,5,9,7,5,9,7,7,7,6,8,6,9,8,9,8,6,9,6,8,9,8,6,8,9,5,9,8,5,8,6,8,9,6,9,5,7,8,9,8,5,5,8,6,7,8,8,7,9,8,6,6,9,5,5,5,9,6,8,9,5
8,6,9,5,9,7,7,0,9,9,6,8,9,7,7,9,5,9,5,6,6,6,9,7,6,9,9,8,6,9,5,6,5,9,8,6,9,8,5,8,5,6,8,5,7,8,6,6,7,6,9,9,5,6,8,8,9,9,7,6,9,8,6,9,8,5,8,9,9,5,9,6,9,7,5,5,8,8,9,8,7,7,5,9,5,5,5,8,6,5,7,5,6,8,8,7,9,8,6,7
9,7,7,6,6,7,5,8,0,6,7,9,5,9,8,8,6,7,6,9,7,5,9,7,9,8,9,5,5,9,8,6,5,6,6,8,5,5,8,8,7,5,6,6,9,5,7,5,7,5,6,9,7,9,9,7,5,9,8,8,6,6,9,8,8,6,9,8,7,5,7,6,9,8,7,7,8,7,8,8,6,9,8,5,8,8,8,6,7,9,8,6,6,5,6,5,6,7,8,7
5,8,7,7,7,9,5,9,7,0,6,8,7,5,9,7,7,8,9,5,9,7,8,6,8,6,6,5,8,6,6,5,5,9,5,8,7,6,6,7,8,8,9,9,5,5,6,6,6,7,9,7,7,7,9,5,6,6,9,5,6,9,6,7,5,6,8,7,9,5,9,6,6,6,6,5,8,9,5,7,5,5,8,6,7,8,8,8,5,5,7,5,6,6,5,9,7,6,8,9
7,8,6,5,7,7,6,5,5,8,0,7,6,6,7,5,6,5,5,5,7,7,9,7,9,8,8,9,5,5,7,8,6,6,5,9,6,8,7,8,9,7,7,7,6,8,5,9,8,5,9,8,7,6,6,7,7,6,6,7,8,8,5,5,8,5,5,5,5,7,8,7,8,6,5,9,9,6,5,6,7,9,5,9,6,8,5,9,5,8,7,5,7,5,9,6,7,7,9,6
7,5,8,6,7,6,5,5,5,6,7,0,5,5,5,9,9,7,6,8,5,9,6,9,7,5,7,5,8,6,9,7,7,7,9,8,7,6,9,6,9,7,9,9,8,5,6,5,6,5,5,8,5,8,9,6,6,5,5,5,9,6,7,9,5,9,5,8,5,6,7,7,7,9,9,7,5,7,6,6,9,7,8,7,5,5,6,8,7,8,7,6,5,9,7,8,5,5,8,9
5,8,9,5,8,7,6,6,9,7,6,9,0,9,9,5,7,7,5,8,5,8,7,5,7,8,6,7,8,7,6,6,9,8,7,6,6,8,8,8,7,9,9,8,5,7,8,6,6,8,9,5,5,6,8,6,8,7,6,6,7,5,8,9,8,5,6,5,7,7,9,9,9,6,5,5,8,8,9,5,5,9,6,9,7,5,6,8,5,6,8,8,6,6,6,7,6,5,5,5
6,8,8,8,8,5,6,8,5,7,7,9,8,0,6,6,7,9,8,7,8,9,7,9,6,9,5,8,7,5,8,9,8,7,9,9,7,5,7,5,6,8,7,7,8,8,8,5,9,5,8,8,7,7,7,5,8,8,7,9,8,7,9,8,6,8,9,7,8,7,8,6,6,7,5,9,6,5,6,8,5,5,8,6,7,5,6,5,9,8,6,8,8,8,7,9,9,9,5,9
8,6,7,6,6,6,6,9,7,8,9,7,7,8,0,8,7,8,7,5,6,7,8,7,9,6,9,8,7,5,5,9,6,9,6,9,8,8,7,9,5,8,6,7,6,8,8,6,9,5,9,6,7,9,9,7,9,9,7,5,6,8,9,9,7,8,8,8,5,9,9,9,6,7,9,7,5,6,5,5,8,8,8,7,5,8,7,7,5,9,9,9,5,6,8,7,9,7,5,8
5,9,6,5,5,5,5,9,9,6,7,8,9,6,7,0,8,9,6,9,8,5,6,8,6,5,5,8,9,9,6,8,8,5,7,5,8,6,7,7,9,8,8,7,8,6,5,9,9,9,9,7,7,7,7,7,8,6,5,5,9,6,5,9,7,7,8,8,7,5,8,6,6,9,9,9,7,8,9,9,9,5,9,5,5,8,6,5,8,9,6,6,6,7,8,8,8,8,5,6
8,7,7,8,5,7,6,7,8,7,5,5,7,6,5,8,0,7,9,9,8,5,8,5,7,9,6,5,9,6,6,6,8,8,7,5,7,8,6,5,7,7,9,7,5,8,6,9,9,6,9,6,8,8,6,5,9,7,9,8,8,6,6,6,7,6,6,6,9,5,8,5,5,9,7,5,6,5,9,9,8,7,5,7,7,5,8,9,7,7,6,9,8,7,6,5,6,8,5,9
6,9,9,9,7,9,5,8,6,5,8,8,8,5,5,5,5,0,8,9,6,7,7,9,7,9,9,7,8,8,6,9,8,5,9,7,8,7,6,5,7,5,9,8,6,8,7,6,7,6,5,5,7,8,8,6,9,5,7,5,8,6,6,5,5,5,9,8,8,8,7,8,9,8,6,6,8,8,7,8,7,7,9,6,7,5,7,9,7,8,7,7,5,6,6,5,8,9,7,6
8,9,8,9,9,7,5,8,7,6,8,5,7,8,8,6,7,9,0,8,9,8,9,5,5,5,9,7,7,7,5,8,9,5,6,5,7,8,5,7,9,9,9,7,6,9,6,9,7,8,9,8,8,5,8,8,8,8,8,8,5,9,8,5,7,8,9,5,6,8,5,7,6,7,8,9,8,7,9,5,9,9,5,9,7,6,9,8,7,8,6,9,5,7,7,9,6,8,9,7
5,6,8,8,7,7,7,6,7,8,9,5,8,7,9,5,9,8,8,0,6,8,5,7,8,6,5,6,8,5,8,7,5,8,6,5,7,6,6,6,5,8,8,6,8,9,5,5,8,8,6,5,8,5,7,9,9,8,9,7,7,5,8,6,8,6,8,7,7,7,6,9,7,6,7,7,9,9,9,9,6,5,8,5,8,8,9,5,5,6,5,8,6,9,9,9,5,7,7,7
5,8,8,5,6,6,7,7,7,5,9,5,9,5,5,6,6,7,7,9,0,7,8,6,5,7,7,8,8,6,8,6,7,6,6,9,8,7,7,8,6,6,7,7,5,7,9,8,5,8,7,7,7,5,8,5,6,6,7,8,8,8,8,5,9,8,7,8,7,6,7,9,9,9,5,7,5,5,6,8,7,8,7,9,8,5,9,7,8,6,7,6,9,9,9,8,7,6,8,6
5,6,6,9,5,8,8,8,9,5,9,5,5,9,6,9,5,8,6,8,9,0,9,5,5,8,6,5,9,9,6,9,8,7,9,8,6,7,8,9,5,6,6,7,7,7,6,5,9,8,9,8,9,5,9,7,5,5,5,5,9,7,9,8,8,5,6,8,5,6,9,7,6,9,5,7,8,7,8,8,6,5,5,6,9,7,5,8,7,7,7,6,7,8,5,7,7,7,9,6
5,8,5,8,8,7,7,9,9,7,9,7,7,6,8,8,7,7,9,5,5,8,0,5,8,8,8,9,8,9,7,5,5,7,6,8,8,5,7,7,7,5,5,8,5,7,5,8,5,9,6,5,9,7,9,6,7,8,6,9,5,7,8,5,6,6,8,5,5,8,5,8,9,5,7,9,9,9,5,6,8,9,9,8,8,7,6,8,8,9,5,9,8,8,7,9,7,5,6,8
8,9,8,7,9,7,5,8,5,5,7,7,8,5,5,5,8,5,7,9,5,5,6,0,6,7,5,9,6,8,7,7,8,8,6,7,8,6,6,9,5,6,7,7,8,7,8,6,8,7,7,6,7,8,7,7,8,8,7,9,8,7,9,5,8,7,8,9,6,7,7,8,6,5,6,8,8,8,8,8,9,8,6,8,6,6,5,5,5,9,8,5,9,6,5,7,6,6,8,5
8,8,5,5,5,8,9,6,6,9,8,5,9,8,5,5,6,5,9,6,7,8,8,7,0,9,6,8,9,5,9,6,7,9,7,5,5,8,5,8,7,6,8,8,6,5,8,5,6,6,5,6,6,6,7,7,9,9,7,6,8,9,5,5,7,7,6,5,7,7,9,6,6,6,7,5,8,9,7,7,5,6,7,8,5,8,5,5,7,5,6,5,5,9,5,8,6,8,6,8
8,7,8,8,6,8,9,9,9,6,8,9,7,5,5,7,6,6,5,9,7,6,8,6,6,0,9,5,6,6,8,8,5,8,9,9,7,7,8,6,6,8,6,5,5,6,6,8,5,8,8,6,9,7,6,5,6,9,6,7,7,8,7,7,5,8,8,6,7,5,8,9,8,5,9,6,6,5,8,5,5,5,9,8,8,7,8,8,6,8,7,8,6,6,9,8,5,8,9,6
8,9,5,9,5,8,8,9,8,5,9,5,5,5,6,6,8,9,8,8,9,5,9,9,8,9,0,7,6,6,5,6,7,5,6,7,5,5,9,8,9,8,9,9,6,9,6,8,5,9,7,5,6,5,6,6,8,5,6,6,5,5,6,7,7,8,6,5,8,8,6,6,8,5,9,9,5,5,7,9,6,5,7,7,9,5,5,7,9,9,9,9,8,8,8,8,7,6,6,7
7,6,9,6,7,5,6,5,5,6,6,7,7,6,9,9,8,9,8,7,8,8,5,8,9,6,7,0,5,7,5,7,8,9,9,7,5,6,5,9,8,9,9,6,7,8,6,6,7,8,8,5,8,8,9,8,8,6,6,7,6,7,6,8,5,9,8,8,8,9,9,8,7,9,9,8,9,7,7,5,7,9,5,6,9,5,8,5,9,6,8,8,9,8,8,6,7,5,6,8
5,8,8,8,8,9,7,8,8,5,9,6,8,5,5,6,7,9,9,5,5,7,8,6,6,5,8,9,0,6,8,5,8,5,9,5,8,6,7,7,9,7,5,7,9,6,6,5,8,7,6,9,7,6,6,7,7,5,6,7,7,5,8,7,9,5,5,6,9,5,7,5,5,7,9,7,5,5,9,5,9,5,9,6,9,9,8,7,9,6,8,8,9,9,9,9,8,7,7,8
5,5,6,8,5,6,9,5,6,8,7,6,5,6,7,7,5,6,7,5,6,8,7,8,7,8,6,5,7,0,5,9,7,8,5,9,9,9,6,6,7,9,7,5,5,8,6,7,7,6,7,8,6,9,6,7,7,8,8,5,6,5,8,8,6,9,5,8,9,7,8,8,8,9,5,5,8,8,6,9,6,5,8,8,5,7,7,7,6,8,6,6,5,6,5,7,6,9,9,6
7,8,7,9,8,8,9,7,9,6,8,8,6,8,9,5,6,5,7,8,7,8,6,6,5,7,7,7,9,8,0,9,8,9,5,6,7,7,9,9,6,7,5,7,5,9,8,9,7,6,9,5,5,7,5,8,9,6,6,8,6,6,7,7,6,6,9,9,5,6,6,7,7,5,6,5,6,5,6,6,7,7,5,5,9,7,8,6,9,6,6,5,6,5,8,5,5,7,5,8
9,8,8,5,9,7,7,9,5,9,6,9,5,9,5,8,5,6,7,8,8,8,5,9,9,6,5,7,7,6,5,0,9,9,8,7,8,8,9,5,7,5,8,6,9,9,7,5,7,9,9,9,9,9,6,9,6,8,9,5,8,6,5,7,9,9,7,9,6,7,7,9,6,5,5,8,9,6,5,9,7,5,8,7,7,6,6,9,7,8,5,5,9,8,7,6,9,6,7,5
7,7,8,5,7,9,7,8,9,8,5,5,8,5,8,7,7,7,9,7,8,8,6,8,6,7,5,7,8,8,8,8,0,9,9,6,9,7,8,5,8,9,7,9,9,7,5,6,8,5,9,8,6,6,9,7,8,6,5,8,5,9,9,9,6,9,7,5,8,8,8,5,9,7,6,8,5,8,6,5,6,5,6,7,9,5,6,7,9,7,7,8,6,9,9,8,9,8,8,5
5,9,8,5,6,8,9,9,9,6,6,5,9,5,6,9,7,7,9,5,7,9,5,6,5,9,9,9,7,8,9,7,5,0,6,9,7,7,6,5,6,5,7,8,8,5,7,9,6,8,9,6,6,8,7,8,6,8,6,9,7,9,9,6,6,7,9,9,8,5,9,7,6,6,8,5,9,6,7,5,7,5,7,6,7,6,7,9,8,7,8,8,5,6,8,6,6,5,6,5
5,8,5,5,8,7,5,5,9,7,9,9,6,5,6,6,6,8,8,9,5,5,6,5,7,6,7,9,8,6,9,8,9,7,0,5,9,9,6,7,5,6,6,9,6,8,9,6,9,5,6,5,7,7,7,9,5,7,5,8,7,5,5,7,8,8,5,9,9,5,7,7,5,6,8,7,8,5,9,7,8,9,7,9,6,6,6,6,7,7,9,7,9,8,5,5,5,9,6,8
8,9,7,8,8,9,5,5,8,9,6,5,7,7,5,7,7,6,5,6,6,8,7,6,6,9,7,6,6,8,7,9,8,6,9,0,8,7,8,5,6,6,5,8,7,6,9,9,6,8,7,7,8,8,5,6,9,7,6,7,8,7,8,9,5,7,7,6,5,8,6,5,9,5,9,5,5,5,9,5,7,5,5,8,8,6,8,5,8,9,5,6,5,6,7,9,8,6,7,5
8,8,9,8,6,7,7,7,9,9,6,8,8,5,5,8,6,9,6,8,8,7,7,5,8,5,9,8,8,9,6,8,7,8,6,8,0,5,7,7,5,8,5,5,8,8,6,8,5,5,9,8,8,9,9,7,6,6,8,5,6,8,9,9,9,7,7,6,9,8,6,7,8,7,5,5,7,6,8,7,6,7,8,7,8,6,7,9,8,6,9,7,7,6,5,7,9,6,5,6
5,5,8,6,9,7,9,6,9,9,9,5,7,5,8,9,9,7,5,8,5,8,7,8,9,8,9,7,6,8,5,6,5,7,7,6,8,0,7,7,6,6,5,9,9,6,9,9,6,8,6,7,6,5,7,5,6,7,5,7,5,7,7,5,6,8,8,9,5,8,7,5,7,9,8,6,9,8,8,6,9,8,8,8,9,5,9,5,8,6,5,8,8,9,6,9,9,5,8,6
8,9,9,8,5,5,5,7,6,6,6,7,9,9,7,7,8,8,5,5,8,8,6,9,7,8,7,7,8,9,6,8,5,7,7,5,9,9,0,8,9,9,7,8,7,9,8,9,9,7,9,5,6,9,7,7,5,8,9,5,6,8,8,8,7,9,8,7,7,6,7,7,9,5,6,6,6,9,9,5,9,9,7,9,8,8,5,9,7,9,7,7,9,8,6,5,6,8,5,7
6,6,7,8,5,6,6,5,7,6,5,5,8,9,6,7,5,8,5,9,8,8,9,7,8,9,7,5,9,6,5,8,9,6,9,8,7,9,9,0,6,7,9,6,6,9,7,8,5,6,8,9,7,7,6,9,7,6,9,9,5,8,6,6,6,6,7,5,7,5,8,5,5,9,8,7,8,6,8,7,6,6,7,8,5,6,8,5,7,7,6,6,7,5,8,7,5,8,5,9
7,6,6,5,8,8,8,7,9,9,5,5,7,7,8,9,6,7,6,9,8,6,8,9,8,7,7,5,5,5,6,5,5,8,5,9,9,6,5,6,0,7,5,5,8,6,5,8,5,7,9,6,8,6,6,6,5,8,6,6,6,6,8,7,9,8,9,5,9,6,8,9,9,7,5,7,8,5,9,8,8,8,7,8,6,9,7,9,9,6,9,6,7,5,8,5,9,7,6,9
6,5,9,8,8,9,6,5,6,8,8,9,8,8,8,7,8,5,6,5,5,5,5,7,6,7,6,9,8,9,8,5,9,5,6,7,8,8,9,6,7,0,7,7,5,7,5,7,9,7,6,6,8,6,6,9,6,5,7,6,6,7,7,6,6,5,8,5,8,7,5,9,5,5,9,7,8,7,9,9,6,9,7,6,7,8,9,8,8,5,9,7,6,6,8,8,5,5,6,5
9,5,9,6,7,6,6,8,6,8,6,8,6,7,5,6,5,5,9,8,6,9,7,7,7,7,8,8,6,6,7,7,6,9,5,6,5,5,9,6,6,5,0,7,9,9,6,6,8,6,6,8,5,6,8,8,9,8,6,9,9,8,8,6,9,6,8,7,7,7,8,6,9,5,8,6,6,7,7,7,6,6,9,6,9,8,7,6,8,5,5,8,8,6,5,7,8,8,7,7
6,9,9,6,7,5,8,9,8,6,7,7,5,9,7,7,9,6,7,6,9,6,8,6,6,5,8,7,5,5,8,7,9,9,6,7,7,7,9,9,9,7,8,0,7,8,8,8,9,9,7,7,6,6,6,7,9,5,7,9,7,6,6,8,7,7,9,7,5,7,5,5,6,7,7,6,6,8,6,7,8,7,9,7,8,7,6,5,8,7,6,7,9,8,7,7,8,9,6,9
8,6,7,6,9,6,6,9,9,9,6,6,8,9,6,9,7,8,5,9,6,9,8,8,6,8,5,8,5,9,8,7,7,7,9,7,9,8,8,6,6,7,6,9,0,5,5,8,9,6,7,5,9,8,6,7,9,7,9,9,5,6,8,9,9,6,8,8,5,5,9,5,9,9,9,8,9,8,9,7,5,9,6,6,8,8,8,9,5,5,5,9,5,8,8,9,7,7,6,8
7,6,8,8,7,7,6,9,8,8,8,6,7,6,9,6,9,7,6,5,7,8,7,5,5,9,9,6,6,9,5,6,6,6,9,8,5,7,8,5,7,8,5,7,6,0,8,6,8,9,6,5,5,6,5,6,9,9,7,8,8,7,5,8,8,8,7,9,6,7,5,5,7,8,5,8,8,7,5,8,6,7,6,6,9,9,9,9,6,5,5,9,7,8,5,8,6,5,6,9
9,9,5,6,8,5,7,7,6,6,7,6,9,9,7,5,6,8,8,9,9,7,8,5,7,5,7,8,8,6,6,7,5,6,9,7,7,9,8,9,6,7,8,9,7,8,0,5,8,6,9,7,8,7,7,5,7,5,9,9,8,7,9,8,9,5,5,6,8,9,9,8,6,5,9,8,6,8,9,8,8,9,9,6,8,9,8,5,8,6,6,6,7,5,9,6,7,8,8,8
7,7,7,8,6,6,6,8,7,9,8,8,6,6,5,8,8,7,5,5,7,9,7,6,7,8,6,5,5,7,5,8,9,5,5,6,7,5,9,7,7,9,7,9,8,8,5,0,5,5,6,7,9,7,8,6,7,9,5,6,8,5,6,7,9,8,9,9,5,5,8,6,8,7,8,8,7,7,8,8,9,8,5,9,9,9,6,5,6,9,8,7,6,9,6,6,5,7,7,5
8,8,9,9,6,5,9,7,9,5,8,5,5,6,6,9,9,6,8,5,6,8,8,6,7,6,9,8,5,6,7,5,9,8,5,6,9,6,8,9,5,9,6,6,5,8,6,5,0,8,7,7,9,8,7,8,5,5,7,7,9,6,5,6,7,7,8,5,7,6,9,5,8,8,8,9,7,6,7,6,8,5,9,5,8,9,7,6,6,9,9,5,6,9,8,8,9,7,8,8
6,8,9,8,8,6,9,5,9,7,5,8,8,6,8,9,6,5,7,8,9,7,8,7,6,9,8,8,5,5,5,9,8,9,9,5,6,5,7,6,9,7,6,8,8,6,7,5,5,0,9,6,9,5,9,8,9,9,6,6,8,7,5,5,9,7,6,5,9,6,7,8,6,7,5,9,7,5,9,9,5,6,8,8,6,9,6,9,8,5,5,6,5,9,8,8,9,7,7,6
7,6,8,8,7,6,5,6,9,5,5,9,9,6,6,6,9,7,9,9,6,6,6,8,6,6,7,7,9,6,5,5,8,8,7,9,8,5,5,5,9,9,5,8,5,6,6,8,8,6,0,9,6,7,7,5,5,9,9,6,5,8,8,6,7,5,5,5,6,9,6,8,8,6,9,5,6,6,8,7,5,9,9,8,7,7,8,7,5,8,6,5,9,8,5,6,6,8,7,7
5,5,5,8,6,8,5,5,8,7,8,9,5,6,6,5,8,9,9,5,6,7,5,7,8,6,9,5,5,7,8,8,8,5,7,5,9,5,7,9,6,7,8,7,9,6,9,7,7,9,8,0,7,8,7,6,7,9,7,5,5,9,5,5,6,8,5,5,9,9,5,6,7,6,9,9,9,8,7,8,6,6,6,8,6,8,6,9,6,9,9,5,6,5,7,5,5,7,6,9
8,6,9,7,6,7,5,5,9,7,6,8,6,9,9,8,7,7,8,8,6,6,9,5,9,9,5,7,9,9,8,7,7,8,9,5,7,9,6,9,8,6,5,8,7,6,8,7,6,9,7,8,0,9,8,7,7,7,9,8,6,7,8,6,9,9,9,6,8,9,8,5,8,5,9,9,5,6,5,7,8,6,7,6,9,7,5,8,8,6,7,8,8,5,5,6,5,9,5,9
8,9,5,7,7,8,9,7,9,8,6,6,6,6,9,5,9,6,7,7,8,6,8,7,7,5,7,7,5,7,9,6,5,6,9,8,5,5,9,5,7,8,8,9,9,6,6,6,6,9,7,8,7,0,7,5,6,5,8,5,6,6,6,6,7,8,9,5,9,7,6,9,9,7,6,9,5,8,9,7,5,9,5,6,6,5,6,8,8,6,7,7,7,9,7,9,5,6,6,5
9,5,6,9,9,9,7,5,6,7,9,8,6,6,9,7,5,5,5,6,7,6,7,8,5,8,7,9,9,6,9,8,7,8,7,9,7,6,6,6,7,5,7,5,6,8,6,6,9,5,8,5,6,9,0,7,8,8,7,8,6,6,7,6,9,8,6,6,7,8,5,5,8,9,8,8,6,8,7,7,6,7,6,5,9,7,8,7,7,6,8,6,9,7,9,9,5,9,8,6
9,7,8,7,9,9,5,5,7,6,5,5,6,5,7,9,5,7,6,6,9,8,9,6,5,8,6,6,9,9,8,7,5,5,7,9,8,9,6,9,7,8,9,6,5,7,9,9,5,5,9,7,7,6,6,0,6,7,6,7,5,8,8,6,8,7,8,5,5,7,8,5,6,6,6,8,6,8,7,6,7,8,7,5,8,9,5,9,8,9,6,6,6,7,5,6,8,6,6,8
6,7,9,6,7,9,8,6,6,8,9,7,5,5,9,6,6,8,7,8,6,8,7,6,5,6,8,8,5,5,9,5,7,9,9,5,9,5,8,9,6,8,8,9,9,9,6,6,7,8,9,5,9,7,6,8,0,5,7,6,5,6,9,5,5,8,9,5,5,6,9,7,6,9,8,7,7,5,7,6,5,5,7,6,7,6,8,6,9,7,6,9,6,8,8,7,6,7,7,6
5,9,5,9,8,6,7,5,5,5,8,7,8,5,5,9,8,8,8,9,5,8,5,8,5,9,5,8,6,5,5,5,7,5,6,6,5,8,8,6,8,7,5,9,8,8,6,6,7,9,9,8,9,8,6,7,8,0,6,9,8,5,9,9,5,9,8,5,7,8,9,9,5,9,7,6,7,7,6,9,6,8,9,5,7,5,7,5,9,9,9,8,8,8,9,5,8,8,5,9
9,8,9,7,8,9,9,8,6,6,8,9,6,6,7,9,5,9,7,9,7,7,5,7,9,5,5,6,5,6,7,9,6,6,5,8,9,7,7,7,6,8,9,7,5,9,6,6,5,5,9,8,5,6,7,6,7,6,0,7,7,9,7,8,9,9,9,7,9,6,9,5,8,7,5,8,9,8,8,6,9,9,9,6,9,6,8,8,5,9,8,6,7,9,9,8,8,9,9,8
6,7,6,9,6,9,6,6,9,7,8,8,8,5,8,7,9,6,8,8,5,6,7,5,8,7,7,9,7,7,9,9,9,9,5,7,7,9,5,5,5,7,8,7,5,5,7,7,5,6,8,6,5,6,8,9,9,6,6,0,8,7,6,9,7,8,8,8,9,9,6,5,5,6,8,7,7,7,9,9,8,5,5,8,5,9,8,8,8,6,5,7,6,8,6,8,9,7,6,9
6,6,8,7,9,6,8,5,6,8,5,7,5,6,7,7,6,7,8,8,9,5,5,7,9,8,8,6,9,5,7,9,5,9,7,6,7,7,8,8,5,8,7,9,5,7,6,9,5,9,6,6,9,8,9,6,6,5,8,6,0,7,6,5,6,5,5,7,5,8,5,5,9,9,9,7,6,7,6,6,6,6,8,5,5,9,6,5,6,9,5,5,6,8,7,6,9,7,5,8
5,5,5,6,9,8,6,7,9,6,8,8,5,9,7,9,9,6,5,6,9,9,5,6,7,5,9,5,6,8,8,8,7,7,6,5,5,7,5,6,7,9,6,5,6,6,5,7,5,8,6,7,7,8,9,5,5,9,8,9,9,0,5,6,5,8,9,6,7,7,7,8,6,5,8,9,9,7,9,9,5,9,6,9,7,6,5,6,8,8,5,9,6,9,6,7,6,8,6,7
6,5,8,9,8,9,5,7,9,9,9,7,6,9,7,5,7,5,8,8,8,7,8,8,7,7,7,7,9,6,7,6,6,7,7,5,5,7,6,7,6,7,7,8,9,7,8,6,6,5,9,5,9,8,9,9,6,9,7,5,7,8,0,8,8,6,7,6,8,6,6,9,5,9,5,6,5,5,9,9,9,9,6,5,8,6,6,6,7,7,8,8,5,5,5,5,8,9,8,6
6,6,9,9,9,5,8,6,9,6,8,8,7,5,8,6,6,7,9,6,5,6,8,6,8,8,8,5,8,5,8,5,7,7,8,7,9,7,5,8,7,5,7,6,8,5,6,5,7,8,9,6,5,7,6,5,7,8,6,6,6,8,7,0,9,8,8,6,9,6,5,7,8,6,5,8,9,9,7,7,7,6,8,8,9,6,7,5,9,6,8,9,5,6,8,6,9,8,8,8
5,9,7,8,6,6,5,9,9,9,7,5,5,6,8,5,8,5,7,7,5,7,6,7,8,5,6,7,7,9,9,6,6,8,6,7,9,9,6,8,5,8,6,5,9,7,8,9,7,8,7,8,5,5,7,8,8,9,9,6,9,7,6,5,0,9,6,9,7,5,6,6,9,9,8,7,7,6,6,8,6,6,7,5,9,6,5,5,5,6,8,9,9,9,9,8,8,6,6,5
8,7,6,8,6,6,8,8,6,8,9,6,7,5,8,9,6,7,6,8,8,5,9,5,6,6,6,5,9,5,9,6,5,5,5,9,5,8,8,7,7,6,8,7,6,6,7,8,6,5,6,5,5,7,6,7,8,5,6,9,5,8,9,6,9,0,8,6,6,5,8,9,8,8,8,5,6,7,6,9,5,9,7,9,9,8,8,6,7,8,7,6,9,6,9,7,9,7,6,8
8,9,5,8,7,6,8,6,6,6,9,5,6,6,6,9,7,8,5,8,5,7,9,8,7,7,9,6,9,6,5,9,5,7,6,6,9,9,7,7,9,6,9,5,8,7,9,7,5,9,5,6,7,7,8,5,5,6,6,9,6,7,7,9,5,5,0,9,9,5,9,5,8,6,7,9,8,7,8,9,9,8,6,5,5,6,9,7,7,9,5,6,7,8,7,6,6,9,5,5
8,8,5,7,5,8,7,9,9,8,9,7,6,6,6,6,9,6,6,8,6,8,6,9,9,8,7,9,9,6,7,8,7,8,6,6,7,9,9,6,9,5,8,9,5,7,9,5,6,6,6,9,7,7,9,5,6,5,7,7,5,7,5,7,5,5,5,0,8,5,5,8,5,6,9,8,5,9,6,9,7,8,7,8,7,9,7,6,5,9,6,9,7,6,7,6,7,5,5,9
9,7,5,5,6,8,6,8,7,8,8,5,9,6,5,8,8,8,7,8,7,9,5,9,8,5,6,8,9,8,6,5,9,7,9,5,7,6,7,9,8,9,8,7,5,6,5,5,6,8,7,8,7,7,7,5,6,6,7,6,7,7,8,9,6,8,5,7,0,7,9,5,6,6,8,9,7,6,8,8,6,9,5,7,5,6,8,7,7,9,9,8,6,9,6,7,6,6,8,5
7,6,7,8,6,8,5,6,9,7,9,8,8,8,5,6,6,5,7,7,7,5,7,7,7,6,9,7,5,5,7,6,7,7,5,5,7,7,5,7,5,6,8,5,5,6,5,8,9,9,6,6,8,6,7,7,9,9,5,5,9,8,6,8,9,8,5,5,7,0,5,9,8,9,9,6,6,6,7,7,6,6,6,8,5,9,6,7,6,9,8,6,7,6,9,8,7,9,9,5
6,5,9,5,9,5,7,6,8,9,6,5,6,7,9,9,7,9,5,8,8,6,9,6,8,8,6,7,5,6,9,6,7,7,6,5,7,5,9,9,7,5,8,7,8,8,9,9,6,5,5,8,9,6,6,9,5,7,7,5,8,5,6,7,5,9,8,9,6,8,0,7,7,5,5,6,8,8,7,8,5,9,6,5,9,5,5,7,6,5,6,5,9,7,9,5,6,9,5,6
8,9,9,8,8,8,7,8,8,9,8,6,8,9,6,5,7,5,6,7,9,7,7,9,9,8,7,9,5,9,9,9,7,5,9,5,9,7,6,6,7,7,9,6,6,9,6,9,6,8,8,6,7,8,7,5,7,5,9,9,5,7,7,8,5,9,9,7,5,5,6,0,9,8,5,9,7,8,5,7,9,7,8,8,7,6,7,6,8,8,8,7,9,8,7,5,5,5,5,6
7,5,9,9,5,7,9,8,7,9,5,7,7,7,9,7,7,9,9,7,7,7,5,9,6,7,6,5,5,9,9,7,7,9,5,9,7,9,7,5,6,9,9,9,8,5,5,7,9,5,8,5,5,8,8,9,5,5,8,7,6,8,7,7,5,7,5,7,7,9,9,7,0,6,9,5,7,8,5,5,5,7,8,6,5,6,8,6,8,5,5,8,7,5,5,9,7,6,7,9
5,5,8,5,9,5,5,9,5,7,5,5,9,9,7,5,7,7,7,6,7,6,6,6,6,6,6,7,5,9,7,6,6,6,9,9,8,8,7,9,5,8,5,6,9,9,8,8,8,9,7,5,9,5,6,9,9,6,8,8,9,8,8,6,5,9,9,8,9,7,6,8,5,0,7,5,8,5,5,7,6,7,8,8,6,7,7,7,5,9,5,5,7,9,8,5,6,5,9,5
5,5,5,8,5,7,8,5,6,9,8,8,9,9,7,6,5,9,7,8,8,7,8,8,8,7,9,9,6,7,9,8,5,9,7,6,6,9,8,8,9,6,5,5,6,7,6,8,7,7,9,6,7,6,7,7,6,7,9,7,8,9,9,8,5,9,7,9,6,5,9,5,6,9,0,8,6,6,7,6,6,6,6,6,8,7,7,5,9,6,9,9,9,9,5,9,9,7,7,9
7,9,6,6,6,8,8,5,8,7,6,6,8,5,8,6,7,7,5,5,8,8,8,8,7,6,9,6,6,9,8,8,9,8,9,7,5,9,9,9,9,7,6,6,5,8,5,9,6,9,7,6,6,6,6,8,5,7,8,5,8,7,8,9,8,7,6,5,5,5,5,7,7,5,6,0,6,6,7,8,9,5,5,9,7,6,6,6,7,6,6,7,7,5,9,6,6,8,7,7
7,6,5,8,6,8,9,8,5,5,5,6,8,9,9,9,8,8,6,7,6,6,9,8,9,7,8,6,8,9,9,7,9,9,5,8,5,6,7,8,7,8,5,7,6,9,9,7,6,5,7,8,6,9,6,6,7,6,8,8,5,7,5,6,5,7,7,8,8,5,9,6,5,8,5,8,0,5,6,7,5,8,5,5,7,7,6,5,9,8,9,6,8,8,8,8,9,7,9,7
9,7,5,8,5,5,6,7,8,9,7,5,5,9,8,5,5,7,8,8,8,6,7,5,9,9,5,8,7,5,5,6,5,8,7,8,7,6,9,6,5,9,7,9,6,9,5,9,9,8,8,7,9,5,8,7,9,5,9,6,5,8,5,8,9,5,9,6,6,5,8,8,8,6,8,9,9,0,8,9,5,8,6,8,8,6,8,7,5,5,5,8,6,6,7,6,7,9,8,5
5,9,8,7,9,9,9,8,7,7,9,8,6,6,9,7,8,9,6,6,6,8,9,6,6,6,6,7,5,9,5,5,5,7,8,5,9,8,8,8,7,9,9,7,5,6,6,9,6,9,8,7,7,7,9,7,9,7,6,7,8,7,7,8,6,9,8,8,7,8,7,9,5,7,9,6,8,6,0,6,5,9,6,5,6,6,7,7,7,8,6,6,7,7,6,5,5,7,6,5
6,7,8,6,7,6,8,7,5,8,8,8,7,6,6,7,6,7,6,7,9,7,5,5,6,7,5,7,9,6,9,8,6,6,9,7,6,5,7,9,7,5,6,9,5,7,8,6,6,8,9,7,6,8,6,8,6,8,5,5,6,6,7,8,8,9,6,6,6,8,6,5,5,7,9,9,5,5,9,0,8,9,8,6,6,6,6,7,8,9,6,5,8,9,7,7,6,7,8,6
6,5,6,5,7,7,8,7,8,9,7,8,6,8,6,5,8,9,6,6,7,6,8,7,9,8,7,6,8,9,8,6,7,9,8,8,8,7,9,8,8,8,8,8,7,7,9,9,8,6,9,6,6,6,8,9,6,9,5,9,9,7,9,9,5,6,5,6,5,8,6,5,5,7,8,8,8,9,9,7,0,8,7,7,6,5,6,5,6,6,8,6,9,7,9,8,5,9,9,8
6,7,8,8,5,9,8,5,8,7,9,6,6,9,8,5,6,9,8,8,8,5,9,5,7,6,7,7,5,8,7,9,8,6,8,5,5,9,7,6,6,5,6,8,6,7,9,5,8,9,7,5,6,5,9,5,7,7,6,8,7,5,5,9,5,5,8,5,5,8,5,7,7,6,6,8,9,6,8,5,7,0,7,9,6,6,6,7,7,7,8,7,7,7,9,8,6,5,7,8
5,8,9,9,5,9,9,8,9,9,6,6,6,8,6,5,5,6,8,7,8,7,5,8,7,5,7,5,7,7,5,7,6,7,8,6,8,7,8,7,7,7,8,8,5,7,6,8,6,8,8,9,7,5,5,7,8,5,7,9,6,8,6,6,8,9,9,8,5,5,7,7,8,6,9,5,9,7,7,5,9,8,0,9,9,8,6,5,6,7,5,7,7,5,8,5,9,6,6,9
6,7,7,8,5,5,6,5,6,5,9,8,6,8,7,5,8,9,6,8,7,8,8,5,9,7,5,6,9,5,5,8,8,7,5,7,6,5,8,8,7,5,9,5,7,7,6,8,8,7,7,9,5,8,7,7,9,7,8,8,5,9,6,5,5,6,5,9,7,9,9,7,5,8,5,6,9,7,8,7,5,6,8,0,7,8,5,8,9,9,7,7,9,6,9,8,8,9,8,5
6,7,7,6,8,8,9,8,6,7,6,8,7,8,6,7,8,6,9,7,9,8,5,5,9,6,5,6,6,5,7,7,6,6,7,9,8,5,9,8,8,6,6,7,7,9,5,5,5,6,9,6,5,5,6,7,7,6,6,7,8,8,7,6,5,9,6,5,6,6,8,8,6,5,8,7,6,8,7,9,5,9,5,9,0,6,5,6,5,9,9,7,6,8,7,5,5,9,5,7
8,7,9,9,8,8,5,5,9,6,9,6,9,9,7,6,8,7,8,5,9,7,6,6,6,8,7,5,9,9,8,7,6,5,8,7,6,5,7,6,5,5,6,8,5,8,8,7,6,5,7,8,6,5,7,6,6,8,7,5,6,9,5,5,8,6,5,8,6,5,5,7,5,7,9,9,5,7,5,8,5,9,9,9,7,0,9,6,6,8,7,5,7,8,6,5,5,9,6,5
8,7,5,6,6,5,9,8,8,5,7,5,8,7,8,5,6,5,6,7,8,9,9,9,8,9,7,9,8,6,8,5,9,7,6,5,9,8,8,8,8,6,7,5,6,7,7,9,9,6,8,5,7,9,6,9,8,6,7,6,7,9,9,7,6,7,6,5,6,7,5,7,6,7,9,6,6,8,8,6,6,7,9,6,7,8,0,7,5,5,7,6,8,5,6,5,8,6,5,8
8,6,6,8,7,5,6,8,9,5,9,7,5,7,6,5,9,9,8,9,8,5,5,9,8,5,7,6,5,6,5,5,6,9,9,9,5,8,7,5,6,9,7,5,6,9,6,5,8,6,6,9,8,6,5,8,5,6,5,6,8,9,8,7,9,9,6,5,7,7,9,5,6,7,7,8,7,5,8,8,9,6,8,8,5,5,6,0,9,9,6,9,8,8,6,7,7,6,9,5
6,8,6,7,6,6,5,7,6,9,7,5,9,7,6,7,6,6,9,6,9,7,7,5,6,7,5,7,9,9,5,6,7,5,6,5,7,8,6,6,5,8,5,9,7,6,9,5,7,9,5,5,7,7,6,9,6,5,6,9,5,7,7,6,9,5,7,9,6,6,9,7,5,7,5,5,6,7,8,9,7,5,9,5,9,9,9,5,0,9,7,8,7,7,7,5,8,5,9,5
6,8,5,9,5,5,7,5,9,6,5,7,9,6,6,6,5,7,7,6,5,6,7,9,9,7,7,5,8,6,7,5,7,6,7,6,7,5,9,5,6,8,9,8,9,9,9,5,5,5,5,5,8,7,5,5,6,6,5,7,7,6,7,7,8,9,9,7,9,5,8,5,8,7,5,7,6,9,5,9,8,6,5,7,6,7,7,5,6,0,7,5,6,5,6,7,5,5,7,9
9,9,7,6,9,6,5,6,6,7,8,8,6,5,6,9,6,5,5,5,6,7,9,5,7,5,7,9,7,9,5,6,9,9,6,9,6,5,6,5,6,6,6,8,8,8,8,5,9,6,6,9,9,6,8,6,5,6,9,9,9,5,9,6,7,6,9,6,9,6,8,5,9,5,9,9,6,6,7,8,7,6,5,5,8,5,6,7,6,9,0,8,9,6,7,6,6,7,9,5
7,9,6,6,7,8,5,9,9,6,8,9,9,9,5,7,7,9,8,7,6,9,6,5,9,7,8,9,7,9,8,7,6,5,5,8,5,5,8,7,8,6,7,6,8,5,9,5,5,5,9,6,9,7,9,7,8,6,7,9,9,5,7,5,8,5,7,8,9,7,6,6,6,5,9,5,7,5,6,8,8,7,9,7,5,7,8,9,6,7,5,0,9,7,9,7,7,9,6,8
7,7,6,6,8,8,7,5,8,8,9,5,8,9,8,6,7,6,9,5,6,7,7,7,6,6,7,9,7,7,6,6,5,7,9,6,7,6,5,8,8,6,5,6,6,7,7,9,8,8,5,5,9,6,6,5,9,8,9,6,6,7,7,5,6,8,9,6,5,7,8,5,6,6,7,9,7,6,5,9,8,7,5,9,7,5,6,9,5,9,7,8,0,6,8,7,5,9,9,9
8,7,6,9,6,9,9,9,8,8,7,8,7,8,5,8,8,6,8,8,5,6,9,5,6,5,5,9,7,9,6,5,7,6,6,6,7,8,9,5,7,6,8,5,7,5,9,5,5,5,8,8,5,6,8,7,7,5,8,6,8,9,7,8,6,7,5,6,6,8,6,5,7,8,6,9,7,9,8,5,5,5,9,6,5,8,9,6,7,9,9,6,9,0,7,6,7,9,9,9
5,5,7,8,6,9,7,6,6,5,9,9,8,7,8,5,8,5,5,8,8,7,9,8,7,9,5,5,9,7,8,5,8,9,7,9,7,6,7,7,7,6,8,5,8,9,5,8,6,7,8,6,9,6,5,7,5,9,6,7,9,7,6,9,6,8,6,8,9,8,7,6,8,7,5,6,8,8,9,7,9,6,8,7,8,6,6,6,9,5,8,8,5,5,0,8,5,9,9,9
9,8,6,9,8,9,6,8,6,6,8,8,7,5,9,8,7,8,9,5,5,7,9,9,9,9,9,6,8,9,9,6,9,9,9,8,7,7,5,7,7,7,9,5,5,6,6,8,5,6,5,7,5,8,9,7,8,6,9,9,9,5,5,7,6,7,8,8,5,5,5,5,8,6,8,7,7,9,9,8,7,6,5,6,8,7,6,6,9,7,9,6,7,5,7,0,6,7,7,8
8,7,7,8,9,6,9,8,8,5,6,9,9,7,6,6,8,9,9,8,9,5,7,8,7,6,9,8,7,8,7,5,5,5,6,5,5,8,5,9,8,8,7,6,8,7,9,8,6,9,9,6,7,8,9,7,9,9,5,8,7,6,5,5,8,6,9,9,5,5,6,5,9,5,5,5,8,6,5,9,6,5,6,8,9,5,7,6,5,9,6,5,8,7,7,7,0,7,7,7
6,8,9,7,5,7,9,7,7,8,8,8,8,9,5,7,7,9,7,5,7,8,8,9,6,9,5,7,7,7,8,8,6,8,8,6,6,7,6,5,5,8,5,7,6,5,8,6,7,5,9,7,5,6,5,8,9,5,6,6,7,6,5,9,5,5,7,9,5,8,5,9,8,6,5,9,7,5,7,6,5,8,9,7,8,5,8,9,8,9,7,6,6,9,8,8,8,0,5,7
6,8,8,5,9,9,9,8,8,6,5,5,9,7,9,6,8,7,8,6,9,7,7,6,6,6,8,8,9,8,6,6,6,7,6,8,7,8,5,7,8,7,9,8,7,8,7,9,6,8,9,6,9,9,8,8,5,6,9,8,6,6,8,5,9,9,8,6,5,6,8,5,6,6,7,6,7,9,9,7,8,8,7,6,8,5,6,7,9,7,7,5,9,7,5,7,8,9,0,8
7,5,6,9,9,9,9,9,8,6,6,6,6,7,6,9,7,8,7,6,8,8,6,6,7,9,8,6,9,5,5,8,7,5,6,7,6,9,8,6,8,6,7,5,8,6,6,7,7,7,7,8,6,8,9,9,8,5,6,5,6,8,9,8,6,7,8,6,5,9,8,7,5,5,7,7,5,6,7,6,8,5,8,7,7,6,7,9,5,7,8,6,8,8,5,5,6,9,9,0
