R=100
Pi=(17,14,11,19,11,13,18,14,12,10,17,10,10,15,13,12,17,12,17,10,10,13,13,17,18,18,16,19,10,16,19,19,11,10,13,18,16,17,16,10,10,12,12,14,19,15,10,14,13,14,16,16,10,18,15,14,10,14,10,12,16,18,13,15,10,17,19,19,11,15,15,19,15,16,10,18,10,18,17,13,17,11,15,16,10,13,19,12,14,19,17,12,16,13,14,11,19,17,14,11)
A=
1,2,33
2,3,0
3,6,20
6,9,37
10,11,30
12,13,0
13,14,0
14,15,0
15,16,31
16,17,0
17,18,0
18,19,27
21,22,0
22,25,0
27,28,0
28,29,0
32,33,29
36,37,0
37,38,0
38,39,39
39,40,0
41,42,32
42,43,0
43,44,0
45,46,29
46,47,22
47,48,0
51,54,28
55,56,30
58,61,25
63,64,29
64,65,27
66,67,32
67,68,0
69,70,0
70,71,20
71,72,0
72,73,31
73,74,0
78,79,32
79,80,0
80,81,0
81,82,0
85,87,0
86,88,0
88,90,39
89,91,34
91,93,36
94,96,21
97,99,35
Sij=
0,9,9,9,6,6,8,7,6,9,8,8,5,9,6,9,8,5,5,9,7,6,8,5,7,5,9,6,7,6,5,7,9,7,8,9,5,9,8,5,8,5,6,6,7,7,6,8,5,8,5,9,8,9,6,7,5,9,6,5,7,6,5,5,8,6,8,8,5,6,8,9,6,5,6,6,5,7,7,5,9,6,5,8,5,6,8,5,5,6,8,6,7,7,8,6,5,5,7,6
8,0,7,7,9,5,6,7,8,7,5,6,8,6,6,6,5,6,6,5,7,7,8,7,9,7,6,7,9,6,5,6,9,5,6,6,6,9,6,8,9,9,5,7,5,9,5,9,5,5,7,5,8,5,5,8,5,5,7,6,8,8,7,6,7,9,6,7,9,5,9,6,9,7,6,7,6,5,6,5,6,7,6,8,9,9,7,9,9,8,5,6,6,5,5,5,6,9,5,6
7,8,0,9,5,6,6,5,5,9,7,6,5,8,7,9,6,7,9,7,7,6,7,8,6,5,8,9,9,7,5,6,7,9,5,7,8,7,5,7,8,9,6,5,7,6,9,7,9,5,9,8,6,6,8,9,5,9,7,5,7,6,6,8,8,5,8,5,7,9,5,8,6,6,9,8,9,6,6,5,5,6,5,8,8,6,9,5,6,6,7,8,9,5,9,6,7,8,6,6
7,8,5,0,9,5,5,7,5,7,9,9,8,8,7,9,6,5,8,9,6,5,7,8,5,6,6,8,5,7,7,6,6,9,9,7,6,5,5,8,7,9,9,8,7,7,8,9,6,5,8,6,8,9,9,5,9,9,9,8,8,6,6,7,5,8,8,8,9,5,7,5,9,5,6,7,6,9,6,8,7,7,7,5,8,6,7,6,5,9,7,7,6,7,9,6,7,6,8,8
9,5,5,6,0,7,7,6,7,7,7,9,5,8,5,5,6,9,6,9,9,5,6,8,9,7,5,8,7,5,5,9,9,6,8,9,7,6,5,7,5,9,9,9,7,5,7,9,6,7,8,6,6,7,9,7,8,6,6,9,7,9,9,7,6,7,5,8,9,6,7,9,9,9,8,9,6,6,6,9,5,6,7,9,6,9,8,6,7,5,6,6,5,5,5,6,9,7,7,5
9,8,9,9,5,0,9,7,6,9,9,6,6,5,6,9,5,6,5,5,7,8,8,6,9,5,6,9,8,9,6,9,8,8,6,9,6,7,7,9,7,7,6,7,7,9,9,5,8,6,9,9,9,6,5,6,6,7,5,9,9,9,8,7,7,9,7,7,9,6,7,8,9,5,8,5,7,6,8,5,5,5,5,6,9,6,9,7,8,5,8,9,7,8,5,7,8,8,9,8
6,7,6,6,9,6,0,5,8,8,5,8,9,8,9,8,8,9,7,8,5,5,5,9,9,8,8,5,5,5,5,6,8,6,5,8,8,9,9,7,7,5,5,9,7,6,8,5,7,9,6,8,6,5,8,7,6,8,6,8,5,6,5,8,7,9,5,8,8,6,9,9,5,9,5,5,9,5,6,8,9,7,8,5,9,7,9,8,7,7,6,5,7,5,6,6,5,7,7,8
5,5,6,6,9,7,8,0,6,9,8,8,5,7,8,8,7,7,9,8,5,9,7,5,6,9,9,7,9,7,9,9,6,8,7,7,9,5,7,5,6,8,8,8,8,8,6,8,8,7,8,8,6,9,6,9,8,5,5,6,5,9,9,9,5,9,7,7,9,6,9,6,5,8,6,6,5,8,6,7,8,6,8,6,8,5,8,7,6,7,8,8,5,5,5,6,9,8,8,9
6,8,8,6,7,7,7,7,0,7,5,8,5,8,8,8,9,6,7,5,9,6,5,5,7,8,5,6,5,7,9,7,6,9,7,5,9,7,7,8,6,7,5,9,6,8,7,9,6,7,6,5,6,8,9,7,6,7,6,7,7,5,7,5,7,7,6,5,6,7,8,6,8,8,8,6,6,5,9,8,5,5,5,7,6,8,5,8,5,9,9,6,6,9,6,6,5,5,7,8
6,6,8,8,9,5,7,7,5,0,7,6,5,8,7,7,6,9,9,8,8,6,8,5,7,8,6,9,9,6,6,6,6,8,5,7,8,7,6,8,6,6,8,8,7,7,8,8,9,7,5,6,5,6,8,7,7,6,5,5,7,5,7,6,8,6,5,7,8,9,8,8,7,6,7,6,8,5,7,9,9,8,5,6,6,5,6,9,9,8,9,7,6,6,5,6,8,6,5,6
7,6,9,9,9,7,8,8,8,7,0,8,7,9,6,6,9,9,6,9,7,5,5,8,5,5,5,6,6,6,6,7,6,5,5,7,7,8,5,7,9,6,7,6,6,9,7,8,5,5,5,6,7,7,7,6,6,7,9,9,8,5,7,7,7,9,6,6,8,8,8,6,8,8,5,6,7,9,6,5,7,7,5,5,5,5,5,9,8,9,6,5,9,6,9,8,8,9,8,7
7,5,9,7,7,9,7,9,6,5,8,0,7,6,8,6,5,9,6,7,7,9,7,8,8,7,7,6,7,9,6,7,7,5,9,8,7,8,8,8,5,7,5,7,7,5,9,9,5,9,8,9,7,7,6,8,9,6,5,5,9,7,9,5,5,7,6,6,7,9,9,7,6,7,6,9,8,9,5,8,7,8,6,7,5,7,5,9,9,5,8,5,7,8,9,7,8,5,7,5
9,7,6,5,5,6,7,9,5,6,9,5,0,6,7,7,5,6,6,9,7,6,6,7,6,6,8,5,8,8,9,6,8,7,5,8,9,7,5,7,8,9,6,9,7,6,8,9,9,5,9,6,6,5,5,8,8,5,5,9,6,6,9,5,6,5,5,7,5,9,7,8,5,9,6,7,9,7,9,9,7,9,5,7,9,7,5,8,7,6,5,9,6,6,5,7,9,5,7,6
5,5,8,5,8,6,5,6,9,7,8,6,6,0,5,6,7,5,7,6,9,5,7,5,9,8,8,6,9,9,8,7,8,9,8,8,7,5,5,9,7,7,9,9,9,7,8,8,5,9,7,7,7,9,8,6,8,5,9,6,9,9,5,6,6,9,9,6,7,7,9,7,9,8,8,6,6,8,5,6,9,5,6,5,6,5,5,9,6,6,5,6,6,9,9,8,7,7,7,5
7,7,5,8,5,5,8,9,5,6,5,5,9,8,0,6,9,8,5,9,5,9,5,9,6,6,7,5,5,8,5,9,8,5,5,8,7,5,7,5,6,7,6,9,5,5,5,6,7,8,5,9,6,7,7,6,7,8,8,7,7,9,7,5,9,6,6,9,9,5,8,8,5,9,8,8,8,5,8,5,5,6,8,7,7,5,7,6,8,8,5,9,7,5,7,7,9,5,9,8
9,5,6,7,9,7,9,7,9,9,7,6,9,7,6,0,6,6,5,7,9,9,5,6,5,9,9,6,5,7,6,8,7,6,5,6,9,9,5,8,5,6,5,7,9,6,8,9,9,9,6,5,9,7,5,9,8,9,5,8,9,5,8,9,7,5,5,5,8,6,6,6,6,7,6,8,8,8,7,9,5,5,7,6,5,5,9,9,6,6,8,5,8,6,9,5,7,5,9,8
5,8,5,8,7,9,9,6,6,6,5,5,6,5,7,8,0,8,7,9,7,5,5,8,7,8,5,8,9,8,6,5,8,8,8,9,7,9,9,8,5,6,7,8,9,5,7,8,7,9,5,6,9,6,7,7,5,9,8,5,6,6,5,8,9,6,7,6,7,6,5,9,9,9,8,6,8,6,9,6,5,7,6,9,7,9,5,6,6,6,8,8,6,9,6,9,6,9,9,8
8,5,5,5,9,5,7,5,8,6,9,9,9,6,9,9,5,0,5,5,9,5,5,5,6,8,6,7,5,8,8,9,8,7,6,7,9,6,5,5,6,7,5,8,5,6,9,8,5,9,6,9,6,8,9,7,8,5,8,6,7,8,7,7,9,6,5,6,8,8,9,8,9,9,8,7,9,6,9,5,9,8,7,5,6,9,8,5,7,8,9,9,7,8,8,8,9,8,9,9
5,7,9,6,9,7,9,6,9,6,7,7,5,8,7,8,5,6,0,5,9,7,5,9,9,9,5,5,6,6,5,8,6,7,5,5,6,9,5,5,8,9,6,5,6,5,7,8,9,5,9,8,7,8,9,6,5,8,9,7,9,7,8,5,9,8,6,9,5,7,5,9,9,5,6,5,5,9,7,8,7,6,6,5,6,6,5,8,7,9,5,8,9,7,6,6,6,6,6,8
8,7,8,6,5,5,8,7,6,9,5,5,5,5,5,7,5,8,9,0,7,7,8,7,6,7,7,9,7,9,5,9,9,8,8,5,9,8,9,5,6,8,8,6,8,8,9,7,8,7,9,5,8,7,8,5,5,5,6,9,7,5,6,7,5,5,5,7,6,5,5,8,6,7,7,9,9,7,8,7,7,9,6,9,5,9,5,7,9,7,5,9,6,9,7,5,7,5,5,8
7,7,6,7,6,5,8,5,9,9,6,7,6,9,6,8,9,6,7,6,0,9,8,7,8,5,6,6,6,5,7,6,8,6,5,5,5,8,8,8,9,5,5,7,5,6,7,8,7,8,8,6,5,7,9,9,9,5,7,6,5,8,7,5,6,7,7,6,6,9,6,5,5,7,8,5,8,5,6,7,8,8,9,8,6,6,5,6,6,5,6,5,6,6,8,5,8,5,6,8
8,5,6,8,7,8,5,8,9,9,5,8,8,9,8,6,9,8,8,5,6,0,6,9,5,8,6,9,8,9,7,6,7,9,7,9,7,6,5,6,8,5,7,6,7,5,7,6,6,8,6,6,5,7,5,7,6,6,6,5,5,8,6,8,7,8,7,8,5,5,5,5,8,7,9,9,8,5,6,5,5,9,8,5,7,5,5,5,8,5,7,6,5,5,5,5,8,9,9,9
7,8,5,6,7,6,7,8,7,5,8,6,9,6,9,5,5,6,5,6,7,7,0,9,5,7,9,9,7,6,9,5,8,5,7,7,6,9,6,7,6,8,7,8,8,6,6,7,9,6,9,5,7,8,8,7,5,8,5,8,8,6,5,6,8,9,9,5,6,8,7,6,8,9,9,8,9,9,6,8,5,6,5,6,7,9,8,5,7,5,7,8,9,8,8,5,8,5,9,8
6,6,5,5,8,8,6,7,9,5,7,5,6,6,7,7,5,8,9,8,6,9,7,0,6,6,9,6,5,5,8,9,8,9,8,6,9,6,5,7,8,7,5,5,7,7,6,6,7,5,6,9,9,6,6,7,7,8,8,9,9,6,6,7,5,5,8,6,8,9,7,5,5,6,5,6,5,8,5,9,9,8,9,5,9,9,5,7,8,6,9,6,8,5,8,7,6,8,9,7
9,5,7,7,7,5,9,8,5,5,6,8,8,9,9,5,7,6,7,6,9,5,8,7,0,5,6,7,9,8,8,9,6,9,7,9,9,5,6,7,8,9,7,7,8,9,6,7,9,6,7,5,5,6,8,7,8,6,5,7,5,8,5,5,7,5,5,9,5,9,5,5,5,8,8,6,7,8,5,7,9,8,7,8,5,7,9,5,5,9,6,7,9,8,7,9,9,7,5,7
8,6,7,9,5,6,9,7,7,7,5,5,6,7,7,7,5,7,9,9,6,9,8,5,7,0,7,5,7,5,8,7,9,7,7,8,7,6,8,7,8,7,7,7,8,9,6,6,7,5,5,9,7,7,5,6,8,7,6,6,8,6,7,6,8,9,5,7,8,8,5,5,7,9,5,6,9,7,5,6,6,5,8,6,5,9,9,6,6,6,5,9,9,6,9,7,5,5,9,8
8,8,7,8,5,9,6,7,7,9,6,6,7,9,9,7,8,6,5,9,5,9,5,6,8,5,0,5,5,5,8,6,8,7,7,8,8,8,9,5,6,8,7,9,7,9,8,7,5,6,6,9,8,9,9,8,9,8,5,9,5,8,5,6,9,7,8,8,9,6,6,9,8,5,9,6,7,9,7,7,5,7,5,9,8,8,7,8,8,9,9,5,7,5,5,7,7,5,5,9
6,9,7,9,9,7,6,7,5,8,5,9,5,8,8,7,8,6,8,5,5,9,5,5,6,6,7,0,7,5,7,8,7,9,8,6,6,5,6,9,5,7,9,8,9,8,5,9,8,6,8,9,6,7,9,9,6,8,7,7,8,5,8,7,8,5,8,9,7,7,7,7,6,6,7,7,5,6,6,6,6,7,8,6,6,7,7,5,5,8,9,8,7,8,6,5,9,7,9,9
5,5,7,5,9,6,7,9,9,6,9,9,6,6,6,6,6,7,5,5,7,7,9,8,7,8,9,8,0,5,7,8,8,6,7,5,5,9,7,6,5,5,8,5,8,9,5,6,6,7,9,8,6,6,9,6,7,6,8,8,5,6,9,8,6,7,5,7,9,5,5,6,8,5,5,9,9,6,5,9,7,7,8,5,6,9,7,6,6,5,7,9,5,9,6,8,6,9,8,5
8,7,7,5,7,8,9,6,6,5,7,6,5,9,6,8,8,8,7,7,5,8,5,8,8,5,5,9,9,0,6,8,9,8,5,5,9,9,7,8,8,9,5,5,6,8,6,9,6,8,7,9,7,7,6,5,9,6,8,7,6,7,5,6,9,6,8,7,9,8,6,8,6,5,8,8,9,8,9,5,6,6,8,5,6,6,6,6,6,5,6,8,6,5,7,5,9,9,5,5
9,8,9,8,7,8,8,6,9,7,5,6,7,7,5,9,8,9,5,7,5,6,6,9,7,7,7,6,8,7,0,8,5,7,8,6,8,7,5,8,7,8,9,7,9,9,9,5,8,9,7,7,5,8,7,9,8,7,9,5,9,6,7,8,6,8,9,8,8,6,7,7,7,5,7,9,6,9,6,9,7,6,8,7,5,5,8,6,5,9,7,5,7,9,9,6,6,6,6,5
5,6,7,7,6,5,9,9,6,8,8,9,5,9,8,7,7,9,7,5,5,7,8,9,8,7,5,7,6,6,7,0,9,7,6,9,5,9,6,5,5,5,8,5,6,5,8,9,7,6,6,8,6,8,5,9,7,8,7,8,9,9,6,8,9,5,8,6,9,5,7,8,6,9,6,5,7,6,6,9,5,7,7,6,9,8,6,6,7,6,6,7,6,7,6,5,8,9,6,6
6,7,5,6,8,8,7,7,6,5,7,6,6,8,8,7,7,5,9,6,8,7,8,7,8,5,6,8,7,6,6,7,0,5,5,7,7,6,6,8,6,5,9,9,6,9,5,5,8,9,9,8,8,5,9,7,9,8,8,7,8,6,8,9,5,8,5,5,6,5,6,5,5,6,7,5,9,7,7,8,8,9,8,9,8,7,8,7,5,8,8,9,8,8,5,9,6,5,9,8
8,9,9,7,8,8,7,6,7,9,7,6,6,9,9,8,8,9,5,7,5,8,5,7,7,6,7,7,6,8,8,9,8,0,8,9,8,9,5,6,5,9,6,9,6,5,7,7,8,8,6,5,7,9,6,7,5,9,6,5,6,6,5,5,8,5,8,8,7,9,6,8,7,8,9,8,9,8,9,7,9,9,8,9,9,7,6,9,6,6,9,8,8,5,9,9,9,5,5,5
7,8,5,9,6,8,7,9,9,8,7,6,5,9,5,6,7,5,5,6,8,8,6,6,5,8,5,7,8,5,8,8,8,8,0,9,5,9,8,7,6,9,7,5,8,8,7,7,8,9,7,6,8,9,9,7,9,7,8,8,8,7,5,6,9,5,9,8,7,9,9,7,9,8,9,6,6,8,8,7,8,5,6,7,5,9,9,9,8,6,5,8,5,5,9,8,9,6,6,7
9,8,5,9,9,5,7,5,5,7,5,5,8,6,5,8,6,7,5,9,5,9,9,6,8,6,7,8,9,5,7,5,7,5,8,0,5,9,6,8,5,7,9,9,6,6,9,9,9,5,6,6,6,5,6,7,9,8,9,5,8,7,8,6,9,5,9,8,8,7,5,8,9,9,5,7,6,5,8,5,8,6,8,8,8,8,5,5,5,8,8,6,5,6,5,7,8,7,5,5
6,6,6,6,5,7,7,7,9,9,5,9,9,8,6,6,9,5,8,5,5,8,7,9,9,8,7,8,8,8,8,8,5,8,8,7,0,5,7,8,5,6,7,6,6,7,9,7,6,9,8,8,8,9,9,9,8,8,7,7,6,5,9,8,6,5,6,8,5,5,9,6,7,6,7,8,8,7,6,6,9,6,5,8,5,9,5,9,5,9,5,8,7,9,6,5,7,8,9,6
5,5,6,6,5,7,6,6,6,6,6,5,7,5,7,5,9,5,8,6,9,7,7,6,5,5,8,7,9,7,6,9,7,9,5,8,5,0,9,8,7,8,8,7,9,7,9,6,7,7,6,5,7,5,7,6,8,7,9,6,9,9,9,6,8,5,6,7,8,5,8,5,5,6,6,8,6,5,8,8,5,9,5,5,8,7,9,9,5,7,7,6,5,8,9,7,8,6,8,9
6,6,7,7,8,6,5,5,8,8,5,7,9,5,5,9,8,9,8,6,5,7,7,5,7,7,9,7,7,8,9,9,6,8,7,8,6,8,0,6,7,7,8,5,6,7,9,6,9,7,5,9,9,7,7,8,8,9,7,9,5,6,7,7,5,8,5,6,5,8,6,7,9,7,6,9,6,6,5,7,8,6,9,9,7,9,5,6,9,5,8,9,9,9,6,5,9,6,5,7
6,8,6,6,5,7,9,7,6,8,6,7,8,9,5,9,6,7,5,6,8,8,6,5,9,6,8,5,6,6,9,5,6,8,5,5,9,8,8,0,9,9,7,5,6,8,6,5,9,9,6,8,6,5,9,8,8,6,6,7,8,9,9,6,5,8,5,6,5,8,5,9,8,9,5,6,6,8,9,6,7,6,8,6,9,7,7,9,7,9,7,8,8,5,9,5,5,6,5,8
7,5,5,5,8,7,9,7,5,7,7,9,6,5,9,7,5,7,6,7,5,6,8,6,6,7,6,8,9,9,5,9,8,6,8,7,5,8,7,7,0,8,5,9,9,7,8,6,8,5,6,9,7,9,7,7,6,6,9,9,6,5,6,8,5,7,7,6,5,6,7,7,7,5,8,9,5,7,9,9,7,5,7,7,7,5,7,9,5,9,6,5,6,8,6,6,7,7,8,6
9,6,6,6,7,9,6,7,5,8,6,9,7,5,6,5,8,8,5,5,5,8,6,5,5,7,5,9,9,7,7,8,8,7,9,5,9,5,9,7,8,0,9,8,6,7,6,8,6,6,5,8,8,6,7,6,6,5,5,6,5,9,7,8,8,6,8,5,9,5,6,6,7,8,8,7,5,9,9,8,8,9,9,7,8,9,8,7,6,6,8,9,8,8,9,8,5,6,5,9
8,6,8,5,5,9,5,9,7,5,5,6,6,7,8,6,9,5,5,9,8,6,9,7,7,6,7,8,9,9,7,9,9,9,9,7,5,9,6,9,8,8,0,9,5,5,6,8,6,5,7,9,5,6,5,6,7,6,6,8,9,7,6,5,8,8,6,7,6,8,6,6,9,8,5,5,9,7,8,6,5,7,6,8,6,5,6,8,8,8,6,5,8,5,7,6,7,8,5,7
9,9,7,7,9,6,9,7,5,9,7,9,7,9,8,7,6,8,8,7,6,7,8,8,6,5,7,8,5,9,8,6,6,5,6,5,5,8,8,5,6,9,8,0,8,5,6,8,9,7,5,5,8,9,8,6,6,5,8,5,9,8,5,6,6,6,6,8,6,7,7,6,7,9,8,6,6,9,5,7,9,6,8,6,5,8,9,6,8,9,5,5,6,7,9,6,5,8,6,7
9,8,6,6,5,8,7,8,6,6,9,6,5,5,5,7,9,9,5,7,6,9,5,7,7,6,5,5,5,6,6,8,7,7,7,6,5,7,5,7,5,6,5,6,0,9,8,5,5,6,6,7,6,7,9,6,5,8,9,8,9,8,7,8,9,5,6,9,7,7,9,7,7,8,8,6,5,8,8,7,9,6,9,8,8,9,5,6,8,6,7,8,5,8,6,8,8,7,6,6
8,9,7,8,7,9,9,7,8,7,6,7,9,6,9,7,9,9,9,5,5,9,5,6,5,6,6,9,7,5,8,7,6,7,8,5,9,6,6,9,5,8,7,5,9,0,9,8,8,8,8,9,9,8,5,6,8,8,5,7,6,8,9,9,8,8,9,5,7,8,9,8,7,7,5,5,7,6,9,7,5,7,7,5,8,5,9,8,5,6,9,6,8,8,9,5,5,8,9,7
5,9,5,5,9,5,6,6,7,5,8,7,8,8,6,8,5,8,6,7,9,5,9,6,8,7,9,9,8,9,9,8,7,7,6,6,7,6,6,8,8,8,5,5,7,7,0,8,5,6,6,9,6,7,7,7,5,9,8,6,7,5,7,8,8,6,5,9,6,6,5,5,9,7,7,8,5,9,9,9,6,9,8,7,6,9,7,6,9,9,6,7,8,5,8,7,6,5,7,8
6,7,6,8,6,5,5,9,9,8,7,5,9,9,5,8,6,5,6,8,8,8,5,6,5,8,6,9,9,5,7,5,7,5,7,8,7,5,5,5,8,8,6,6,7,6,7,0,9,9,5,5,6,8,8,5,8,7,5,8,8,8,6,5,9,6,7,7,9,6,7,5,6,9,6,5,9,7,8,9,9,6,7,9,8,9,6,6,8,5,9,5,7,6,7,6,6,8,7,5
5,8,7,8,6,5,8,6,7,8,5,5,9,6,9,6,6,7,6,9,9,5,8,8,6,6,8,5,6,9,8,6,9,8,9,5,8,9,8,8,5,9,9,5,5,8,6,5,0,7,5,5,9,7,7,5,9,9,8,6,9,6,8,9,7,5,9,6,5,7,8,8,7,9,8,8,9,6,8,8,8,5,7,7,6,9,8,9,6,7,9,6,9,7,8,6,7,5,6,5
5,7,5,8,9,7,7,5,8,9,5,8,6,5,8,9,8,6,8,8,7,5,9,8,7,6,8,9,5,6,6,9,9,8,8,5,9,8,8,9,6,7,5,7,6,5,5,9,9,0,8,7,6,6,8,7,5,8,7,6,7,8,8,9,7,8,6,9,7,7,7,9,5,7,9,6,9,9,6,6,7,6,9,9,7,8,9,8,6,5,7,6,7,7,5,5,8,7,8,9
5,6,7,7,6,9,7,8,7,6,8,5,7,5,8,6,8,8,7,8,8,7,7,7,9,6,7,7,6,8,8,6,6,6,6,5,9,7,7,7,5,6,6,9,6,6,9,6,9,9,0,7,9,5,9,6,7,8,9,7,5,7,5,6,8,8,7,9,5,9,7,7,6,5,9,7,6,6,8,5,8,6,5,8,7,6,8,6,6,5,8,7,9,9,7,5,5,9,7,5
9,7,8,7,6,7,5,8,5,6,9,5,5,9,9,8,7,7,9,7,5,5,7,5,5,5,7,6,8,9,7,7,8,7,6,5,7,7,7,9,5,9,6,9,5,8,7,9,5,8,8,0,8,5,5,5,8,9,8,6,5,9,9,5,5,9,7,6,7,7,8,6,9,9,9,7,5,9,7,5,7,8,8,5,5,6,9,7,8,6,7,6,9,5,6,9,5,9,5,5
7,6,9,6,7,7,8,8,5,8,9,8,6,8,9,6,6,8,9,9,9,5,8,5,5,6,6,8,8,9,6,6,9,7,7,6,9,6,8,8,7,6,7,5,7,8,9,6,6,5,8,6,0,9,6,5,7,7,8,6,5,5,5,9,5,6,7,9,9,5,7,7,5,5,6,6,8,8,8,8,6,7,9,7,7,6,9,7,7,6,9,8,6,9,7,7,7,6,6,8
9,9,5,6,8,7,8,6,7,9,7,9,9,9,9,8,5,8,7,8,7,9,6,7,5,9,6,5,7,9,9,6,6,9,8,7,6,8,8,5,8,8,5,8,9,5,9,6,9,9,6,8,9,0,8,5,9,7,7,5,9,6,7,8,8,9,5,8,9,6,7,6,6,9,6,5,9,9,8,7,5,5,5,5,8,7,6,7,8,8,9,9,9,8,9,8,5,9,7,8
9,6,9,9,7,8,9,8,7,7,6,5,9,9,9,9,6,6,5,5,8,8,5,6,7,7,7,8,5,8,5,9,7,9,8,8,5,5,8,5,7,7,9,5,7,9,5,9,8,9,7,8,9,6,0,5,5,6,8,7,9,5,6,8,9,6,6,7,5,6,6,8,6,8,5,7,6,8,9,9,8,6,8,9,5,6,7,5,6,8,7,7,7,7,8,9,6,8,5,8
5,6,5,8,7,6,6,5,9,8,8,7,6,8,9,7,7,7,7,7,9,6,6,6,8,8,5,8,9,5,6,7,7,5,9,6,6,5,6,9,5,6,6,7,9,5,5,8,8,6,7,9,5,7,9,0,8,5,8,9,9,5,7,5,8,6,6,9,6,9,8,6,7,5,8,7,7,5,8,6,7,7,7,5,8,8,7,6,9,6,5,5,7,5,7,8,7,6,7,6
8,5,9,8,9,9,9,8,7,5,6,8,6,7,7,6,8,7,7,5,9,9,5,9,9,7,8,6,7,9,5,6,7,7,7,7,7,8,5,8,8,8,9,9,5,6,8,5,8,6,5,9,8,7,6,9,0,5,5,9,7,6,7,6,7,5,9,6,9,9,9,8,9,6,9,6,5,9,5,9,8,8,8,8,6,9,5,7,9,5,8,6,7,9,7,7,5,7,6,9
5,5,9,5,8,7,5,7,9,5,6,9,9,6,5,9,7,9,5,8,9,7,6,8,6,8,6,5,9,6,5,8,8,6,8,7,8,8,5,9,8,7,7,8,8,8,7,6,8,8,9,6,6,7,9,8,8,0,5,9,5,5,5,8,8,5,8,6,8,7,8,5,9,9,6,5,7,9,7,5,8,5,5,6,5,6,9,6,5,7,5,8,8,9,9,8,7,8,9,8
5,6,9,9,5,8,5,6,5,6,6,9,6,5,5,9,5,8,8,6,5,7,5,5,6,9,7,5,9,7,8,9,9,8,9,6,6,6,6,7,5,7,5,8,5,6,7,7,8,5,7,8,5,8,8,8,5,8,0,7,6,5,5,7,7,8,7,9,7,6,9,7,9,7,5,5,7,6,6,5,5,6,9,6,8,5,9,9,6,9,5,5,8,8,5,6,5,5,7,5
7,6,9,6,8,7,7,6,9,7,5,7,9,7,6,9,6,9,8,7,9,8,8,7,5,8,9,5,7,9,5,7,9,6,7,8,6,7,7,6,7,7,9,8,9,8,6,5,6,5,9,6,6,5,5,9,8,7,6,0,5,8,6,9,5,7,8,7,7,9,8,8,9,6,7,9,6,8,9,8,6,7,8,9,6,9,9,6,9,5,8,9,9,5,7,7,6,8,9,5
5,5,8,5,8,7,9,9,8,5,9,5,8,8,9,7,9,7,7,5,8,6,8,6,6,8,8,9,8,9,8,7,9,9,8,5,8,7,5,8,9,9,7,8,6,7,5,6,5,5,7,8,5,8,7,8,6,7,9,5,0,9,5,6,9,6,6,5,9,5,9,8,7,7,9,6,9,9,5,5,8,7,7,8,8,6,5,6,6,7,9,8,6,8,5,9,8,8,8,6
9,7,6,5,6,6,5,6,6,7,7,9,6,6,5,7,6,7,7,7,6,9,9,7,6,5,6,8,6,9,7,6,5,8,5,6,6,6,6,6,5,8,5,9,9,9,7,5,8,7,7,6,5,6,5,5,7,8,9,6,9,0,7,9,6,9,6,8,8,6,8,6,9,5,6,6,7,9,5,8,6,8,6,5,9,6,6,5,9,8,5,9,7,7,5,6,8,9,8,9
7,5,9,8,9,5,8,5,8,9,7,5,7,5,8,7,8,6,5,5,7,5,9,9,6,9,9,7,9,9,7,8,5,5,5,5,9,8,5,8,8,6,7,9,6,9,7,6,8,7,8,7,8,8,7,7,6,9,7,5,6,5,0,5,9,7,8,9,6,5,7,8,9,5,7,6,6,8,9,8,6,6,7,8,6,5,5,9,7,7,8,9,9,5,5,6,8,5,7,7
7,9,5,6,6,9,9,6,6,6,5,8,6,5,5,8,9,6,9,8,6,9,7,8,7,8,8,8,5,5,8,6,5,7,6,7,6,5,7,7,6,9,7,5,7,9,7,9,5,6,7,7,6,8,5,8,7,6,9,7,5,5,5,0,6,8,9,7,9,9,8,7,8,8,6,7,7,6,6,6,7,6,9,8,9,8,6,5,7,6,8,9,5,6,9,6,6,8,6,7
7,6,7,9,7,9,8,8,9,6,8,7,5,9,6,6,5,6,6,8,7,8,5,8,6,8,7,7,8,9,5,8,9,8,8,6,8,5,6,9,9,7,5,5,7,6,8,5,9,8,6,9,7,8,5,9,5,9,8,8,7,5,9,9,0,5,5,7,7,6,5,8,5,5,6,8,9,7,5,5,5,9,7,8,5,8,6,5,6,8,9,5,9,6,7,7,8,8,6,9
7,8,6,8,9,9,5,8,5,9,5,6,5,8,8,8,5,7,9,6,9,9,6,8,6,9,8,8,8,9,5,6,6,5,8,6,7,8,8,5,7,8,5,6,7,8,5,6,8,8,6,6,9,5,5,7,6,8,6,5,5,7,5,5,9,0,9,9,9,9,6,6,7,8,8,8,6,9,9,5,8,8,7,9,9,8,8,7,6,5,6,5,9,6,8,9,5,7,9,7
7,8,6,6,7,7,9,7,5,6,9,7,7,7,8,6,8,7,6,7,5,7,8,8,7,6,6,5,5,8,8,8,5,7,8,9,7,6,7,6,8,6,6,9,6,8,8,7,8,6,6,7,6,6,6,5,5,7,8,6,6,8,6,7,8,5,0,7,9,9,8,9,7,5,9,8,8,5,8,7,8,7,9,7,9,6,5,7,8,5,7,8,9,7,5,5,5,9,9,6
6,6,8,8,9,6,9,7,6,8,8,9,7,5,9,8,7,6,7,5,8,8,8,9,6,5,9,9,9,9,8,9,6,7,6,7,9,5,8,7,7,7,5,5,7,8,6,9,7,6,7,8,6,8,8,8,7,9,6,8,7,9,8,7,9,8,7,0,5,9,7,9,6,8,5,8,5,7,8,6,8,8,5,7,7,6,9,7,8,8,7,9,5,8,9,9,7,9,7,5
8,5,5,5,9,7,6,5,5,5,7,5,9,7,8,5,7,7,5,6,5,6,9,6,6,8,9,7,8,5,5,6,5,8,8,7,7,9,7,5,9,9,6,7,6,7,9,7,5,9,7,5,8,5,9,7,6,9,9,6,8,8,6,5,9,6,5,5,0,9,6,7,7,9,5,6,6,9,6,5,8,8,6,7,9,7,5,7,9,8,6,6,8,5,6,6,5,7,6,8
9,7,9,8,9,7,5,5,8,9,8,7,9,8,5,7,7,6,7,7,9,8,5,6,8,9,8,7,8,8,5,9,8,8,5,6,9,7,7,7,7,9,9,5,5,8,6,9,9,8,9,9,9,9,8,5,6,7,5,9,8,8,7,9,8,9,9,6,7,0,8,8,9,8,9,9,5,9,5,6,9,7,8,7,9,9,6,9,9,9,5,5,6,7,8,9,9,6,9,6
5,9,5,7,6,5,9,5,9,9,8,6,5,6,5,6,9,6,8,5,6,9,5,7,7,8,7,7,5,5,5,8,9,8,5,5,7,6,6,8,9,6,9,5,5,8,9,9,6,6,9,8,8,9,5,6,9,7,9,7,8,7,9,8,8,5,6,6,6,5,0,9,8,5,5,6,5,9,9,6,8,9,7,6,9,6,7,5,5,8,9,6,5,6,8,9,6,6,6,6
5,7,7,8,5,6,6,8,7,8,9,6,9,5,5,7,6,6,9,7,5,9,6,8,7,8,9,6,6,5,9,8,8,8,6,6,7,9,5,7,5,9,7,7,9,7,7,9,6,5,8,5,6,8,5,5,5,9,5,7,7,9,6,7,9,5,7,5,8,8,5,0,6,5,6,6,6,7,9,8,9,6,9,5,5,6,8,6,9,7,6,6,7,8,8,5,5,7,9,8
8,9,6,5,7,5,6,9,9,6,9,7,6,5,5,5,7,9,6,6,5,8,8,8,7,7,8,8,7,6,6,8,7,6,5,9,5,9,7,5,9,8,6,7,7,8,9,7,7,7,7,6,6,8,7,9,6,7,8,9,6,8,7,8,5,6,5,5,9,5,5,8,0,6,5,6,6,7,5,6,8,8,6,5,9,9,5,6,9,8,6,8,7,6,8,8,6,6,8,7
5,8,8,7,6,7,9,9,5,7,6,7,6,6,9,6,5,8,8,9,5,5,5,7,8,7,8,7,8,7,5,5,8,8,6,5,9,8,8,6,9,5,5,7,7,8,7,6,6,6,7,8,7,9,6,9,7,6,8,9,9,7,6,8,6,5,8,8,5,9,6,7,9,0,6,9,5,5,8,9,9,5,7,5,6,9,6,7,9,6,6,7,7,5,9,7,7,8,6,5
6,5,9,5,7,9,5,8,6,9,6,9,8,6,8,8,6,6,9,9,9,7,9,6,8,6,8,6,5,8,6,6,8,8,7,9,6,6,8,6,8,8,6,9,5,6,8,6,6,5,5,5,9,7,5,8,5,7,7,5,5,9,8,7,8,9,6,5,8,8,7,5,8,7,0,6,6,6,5,5,7,7,7,5,9,7,5,7,6,7,8,9,8,9,7,6,9,9,8,5
5,5,8,7,7,7,5,7,6,6,8,7,5,7,5,7,8,8,8,5,7,7,5,7,9,9,9,6,5,6,6,7,8,9,9,6,9,5,7,7,7,8,6,5,9,6,9,6,9,5,7,5,5,8,8,8,5,6,7,8,8,9,6,9,9,6,8,5,7,8,8,7,6,6,8,0,8,6,5,8,7,5,7,6,5,8,6,6,5,5,6,6,8,8,9,8,7,7,6,5
7,8,8,9,5,7,5,9,9,9,9,7,5,8,9,7,5,7,5,5,7,5,8,9,5,7,5,9,6,8,5,6,9,9,5,9,6,8,5,8,8,6,7,5,6,8,5,9,8,6,7,5,6,6,7,7,5,8,8,8,7,5,7,5,9,8,7,6,7,9,5,7,6,7,6,6,0,8,7,8,6,6,5,5,9,5,5,9,8,6,8,9,8,9,7,6,8,9,6,5
7,6,9,7,8,5,9,8,9,9,6,8,7,5,6,6,7,9,7,5,9,8,9,9,8,5,7,7,9,6,8,7,7,6,5,5,7,7,6,9,5,6,5,8,9,9,7,8,7,6,9,8,6,5,6,9,6,9,8,8,8,6,9,8,6,9,6,5,9,5,9,9,7,8,9,7,8,0,6,9,9,7,9,5,8,7,9,5,6,5,6,9,7,9,8,5,8,7,7,7
5,8,6,8,7,6,9,5,7,6,9,5,5,5,9,5,9,6,6,5,6,8,5,9,8,6,6,5,9,8,5,9,6,8,9,5,6,5,8,6,7,9,8,5,5,5,9,7,9,7,6,7,6,6,6,6,7,6,5,5,5,9,6,9,5,9,9,6,5,8,9,8,8,9,8,7,5,5,0,9,7,7,9,5,7,6,8,8,9,7,7,7,9,9,7,6,8,8,9,9
6,6,7,6,6,7,8,8,6,7,8,6,7,7,8,8,5,8,8,7,6,6,9,8,8,5,5,8,6,8,9,8,5,5,7,6,9,8,9,9,8,5,6,7,8,6,5,6,6,9,5,9,9,7,7,9,6,8,8,5,7,9,7,7,7,9,5,7,9,6,8,6,9,9,8,6,5,7,5,0,6,5,8,6,6,7,5,9,8,7,8,5,5,5,8,7,9,8,8,9
8,5,7,6,9,6,8,5,5,8,6,9,8,8,6,5,8,7,5,9,7,5,7,5,6,6,7,6,5,6,9,8,6,8,6,5,7,7,6,5,8,9,9,5,5,9,6,7,8,8,8,6,7,8,6,8,8,7,5,8,8,7,5,8,8,8,7,5,7,5,7,6,5,9,5,8,6,7,9,6,0,5,5,8,7,7,8,5,7,7,7,7,5,6,8,6,6,9,5,6
7,7,6,9,7,5,7,5,8,7,7,7,5,8,9,7,8,8,7,6,9,8,9,7,9,7,7,9,7,7,9,9,5,6,6,9,8,5,5,6,5,8,7,9,5,5,7,6,7,5,8,7,6,9,6,9,7,8,5,5,8,7,8,5,8,8,6,9,6,9,9,7,8,6,5,6,6,5,7,8,5,0,6,7,6,9,6,8,6,9,7,7,9,5,9,8,7,9,6,5
7,9,7,9,7,6,5,9,9,8,9,8,6,6,6,5,6,5,6,5,7,9,9,5,9,7,9,7,8,7,8,7,9,9,5,9,7,6,9,9,8,7,8,7,9,9,5,8,8,9,6,6,8,6,8,7,9,7,5,9,7,8,5,7,9,7,9,7,6,7,7,5,5,6,7,5,6,7,5,5,7,5,0,8,9,6,7,8,8,6,8,9,9,6,9,7,9,6,5,8
7,9,7,7,6,7,6,5,6,8,7,5,7,7,9,7,7,5,6,6,7,8,6,6,7,7,8,9,6,9,7,8,5,8,7,5,5,8,6,6,9,6,7,9,8,7,7,6,6,7,5,9,5,9,5,8,8,5,9,9,8,6,9,6,6,8,9,8,9,9,7,8,8,9,6,5,5,6,8,9,5,6,7,0,8,9,7,8,6,7,9,6,9,8,7,7,8,6,6,8
9,8,8,7,7,5,6,5,6,8,9,7,7,7,9,8,7,8,6,6,8,5,8,5,5,7,7,9,6,6,8,9,9,8,8,6,7,9,5,7,8,7,6,8,8,6,9,7,9,9,5,9,5,9,9,8,5,7,6,9,7,6,9,5,9,5,8,9,8,8,6,8,8,8,8,6,9,5,7,8,8,5,5,7,0,5,8,8,5,8,5,6,9,7,6,9,6,7,6,8
7,8,5,8,6,7,6,6,7,5,8,9,5,9,8,6,7,6,7,9,6,7,8,5,7,6,6,6,7,8,7,8,7,6,5,5,8,6,8,9,9,7,6,9,9,6,5,9,9,9,7,5,5,7,7,5,9,9,5,9,6,5,9,8,8,5,6,8,9,7,8,5,7,7,5,8,5,9,6,6,6,6,6,7,6,0,6,8,5,9,5,6,8,6,9,8,8,8,7,5
9,9,7,5,7,6,6,7,7,7,8,9,5,8,9,8,9,9,7,7,6,6,6,8,9,6,9,9,8,9,6,9,8,8,6,6,8,6,9,5,9,9,6,7,6,5,5,5,6,5,9,8,6,9,8,7,8,9,6,5,7,6,8,7,5,8,5,6,6,7,9,8,9,7,8,7,5,8,6,8,5,9,7,8,5,8,0,8,8,5,9,8,9,9,8,7,7,5,8,7
7,5,8,8,9,5,5,9,9,6,6,6,9,7,8,5,8,9,5,7,7,5,6,6,6,8,5,8,5,9,6,6,7,6,9,8,6,5,7,7,9,8,9,7,9,8,9,6,6,8,9,8,5,5,9,7,8,7,6,6,5,6,8,9,5,9,8,8,8,5,8,7,6,7,7,8,6,9,6,8,9,8,7,7,5,7,5,0,7,6,6,5,9,9,6,7,7,5,9,7
9,9,5,8,6,5,6,6,8,8,6,6,9,5,7,7,6,9,6,9,7,8,6,6,6,5,9,8,9,5,9,8,6,6,6,9,8,9,6,6,8,6,7,8,5,5,5,8,6,9,6,8,8,9,5,5,7,9,7,5,6,8,6,7,8,7,9,7,9,8,8,6,7,9,6,5,6,7,6,5,9,6,6,5,8,6,5,7,0,6,6,6,9,6,5,5,9,9,9,5
7,6,8,9,8,5,9,5,8,7,9,9,5,7,7,6,9,6,6,8,7,7,7,6,7,6,9,9,7,9,7,6,6,7,9,8,5,7,8,5,9,5,6,9,6,6,6,6,9,8,5,7,8,5,8,9,9,6,6,6,6,9,8,9,5,8,8,7,7,8,6,7,7,5,9,7,6,7,5,6,5,7,5,8,8,9,7,5,8,0,5,9,8,5,7,8,5,6,7,8
8,8,8,9,5,7,8,9,7,6,6,8,6,6,9,5,8,8,5,6,5,5,7,8,7,8,7,6,5,7,9,5,9,9,6,8,6,8,9,5,5,5,5,9,7,6,8,7,6,6,5,6,6,5,7,7,5,9,6,6,5,6,9,5,7,5,8,7,5,5,9,5,8,9,5,5,5,8,5,5,5,9,5,8,6,7,9,8,6,8,0,7,7,6,8,9,8,6,9,7
7,8,6,7,5,7,9,7,6,9,6,7,7,8,6,6,5,5,5,8,9,5,5,5,6,8,6,9,5,9,7,9,5,6,8,7,8,7,9,6,7,5,8,8,9,6,5,8,5,6,9,7,5,5,7,7,7,5,5,7,5,5,6,6,7,7,6,6,5,8,7,7,6,9,6,9,7,7,5,5,7,8,8,9,5,9,9,5,8,6,5,0,7,7,7,5,6,8,6,5
7,9,9,8,6,8,6,6,6,8,8,9,5,5,5,9,7,7,7,6,8,8,6,8,9,8,9,5,8,8,5,6,5,6,8,5,8,5,6,5,8,7,7,6,5,6,9,7,6,7,8,9,5,5,6,9,7,6,8,8,9,5,8,8,8,6,9,8,6,9,6,6,5,7,7,6,5,5,8,8,8,6,9,5,9,6,6,9,5,8,8,7,0,6,8,5,8,8,9,7
8,6,6,5,6,6,6,8,7,8,9,9,6,8,5,5,7,6,7,8,7,5,5,8,7,6,8,5,7,6,8,7,5,8,9,6,6,5,7,9,7,7,8,6,5,9,6,9,5,7,8,6,6,6,5,7,6,8,7,9,7,6,6,5,9,6,8,8,8,9,8,6,8,7,5,5,7,9,7,8,5,9,5,9,8,6,6,9,8,7,5,8,7,0,8,6,6,5,7,6
8,6,7,6,5,9,6,8,8,6,9,5,7,5,9,9,8,6,6,7,7,5,9,5,5,9,9,8,5,5,8,9,9,7,8,7,7,8,9,5,6,8,7,8,8,6,7,7,8,9,8,5,8,5,8,7,6,7,5,6,9,7,8,7,7,5,6,9,6,7,6,9,6,6,5,9,8,6,7,8,6,6,5,6,6,8,5,9,9,6,5,5,7,7,0,5,9,5,9,6
7,5,8,6,5,7,9,8,6,9,9,9,5,5,6,5,7,7,7,6,8,9,6,5,5,7,5,7,8,6,6,8,8,5,9,7,7,5,9,8,7,9,8,9,9,6,9,5,5,7,7,6,8,8,7,8,9,8,5,8,7,6,5,5,8,5,5,5,5,9,7,6,7,8,8,9,5,7,5,9,7,5,6,6,8,9,5,5,8,5,8,9,5,6,6,0,5,9,8,6
9,5,9,9,6,9,6,9,9,5,7,7,6,7,5,5,7,5,8,7,8,9,5,7,9,5,7,6,6,7,7,9,7,5,6,8,7,5,9,6,7,5,6,9,5,8,6,7,9,5,9,5,5,5,8,9,9,7,9,6,7,9,8,7,7,8,9,6,6,7,8,6,5,7,5,7,8,6,6,6,8,5,6,5,8,7,9,7,7,6,9,9,5,8,9,7,0,7,9,7
7,9,5,5,7,7,7,9,8,5,5,6,8,5,8,7,6,8,7,8,5,8,7,8,5,7,8,6,7,7,8,5,9,8,9,7,8,5,9,8,5,7,5,7,7,5,5,9,6,5,7,8,9,5,6,8,6,7,5,9,9,6,7,5,6,5,7,9,6,6,9,6,9,9,8,7,8,9,6,5,7,9,9,6,5,9,5,8,7,6,5,5,5,9,9,9,5,0,9,5
7,7,6,7,5,5,6,9,5,7,8,9,7,5,5,7,9,6,5,5,7,9,8,7,9,5,8,6,9,5,8,7,9,9,8,7,6,6,8,6,8,9,9,6,8,7,8,5,5,7,9,7,5,8,8,7,9,8,8,5,6,5,5,9,8,6,5,7,6,7,5,8,8,9,6,7,9,7,9,7,7,8,6,6,6,6,7,5,6,6,8,7,7,8,9,8,9,5,0,8
6,7,5,8,7,6,5,9,5,6,5,7,6,9,6,7,8,9,8,8,6,9,9,6,5,9,8,5,9,5,8,7,9,9,7,5,6,5,8,5,5,6,6,9,5,9,6,8,6,5,5,9,6,6,6,6,7,9,7,7,8,5,9,5,8,7,7,7,6,6,6,7,5,8,8,9,8,5,5,5,7,9,8,9,9,8,6,8,7,6,7,6,7,5,6,9,7,5,5,0
