R=100
Pi=(19,11,13,12,18,15,14,14,19,12,11,17,11,16,15,10,12,19,18,14,18,18,13,18,14,16,18,16,17,15,11,15,15,11,14,11,16,18,17,14,16,19,16,11,11,18,10,15,19,12,13,13,14,11,17,10,18,15,17,11,17,18,16,14,10,16,11,19,11,14,13,13,12,13,17,19,11,11,17,16,16,12,17,14,11,18,11,13,13,13,12,11,10,15,17,18,12,12,10,14)
A=
1,2,0
2,4,44
7,8,43
8,9,0
9,10,0
11,12,0
12,13,0
13,14,45
14,15,57
17,18,0
19,20,54
20,21,58
21,23,0
23,25,0
26,27,0
27,28,0
28,29,53
30,31,45
31,32,46
33,34,0
36,37,0
37,38,58
38,39,0
39,40,53
40,41,0
44,45,56
45,46,0
47,48,55
48,49,0
50,51,40
51,52,0
56,58,0
61,63,46
63,65,43
64,66,56
65,67,0
66,68,49
67,69,46
68,70,0
69,71,42
71,73,40
72,74,0
73,75,42
77,79,0
82,84,0
84,86,58
87,89,0
89,91,0
91,93,41
95,97,59
Sij=
0,11,11,13,14,13,14,13,10,12,13,11,13,11,14,12,14,10,12,14,10,13,11,10,10,11,10,10,10,11,12,11,11,14,14,10,11,11,10,12,12,10,11,14,11,10,10,11,11,11,10,12,13,13,14,11,10,10,13,12,13,14,13,13,14,11,14,14,12,13,11,13,14,14,11,10,11,11,14,14,11,13,13,13,10,14,13,12,14,13,10,11,12,13,14,13,12,12,14,10
11,0,10,14,13,10,12,13,13,11,14,14,14,10,13,11,10,10,14,13,14,12,11,14,13,13,14,10,11,10,13,13,13,11,13,13,10,13,14,13,12,11,10,11,14,13,11,10,14,12,14,12,12,14,10,13,14,11,11,14,10,12,11,12,13,11,11,12,12,10,10,11,10,11,10,13,12,10,10,10,12,14,11,14,11,11,10,14,11,10,13,14,12,10,12,10,10,12,13,13
12,13,0,13,13,11,12,11,10,13,12,11,13,11,10,12,11,10,12,11,11,10,11,11,11,11,10,14,10,13,14,13,14,12,11,12,14,11,12,12,14,14,14,10,14,14,10,13,11,12,11,10,12,11,11,12,10,12,11,11,10,12,10,12,13,14,11,10,14,13,13,10,12,10,11,11,10,11,11,12,11,12,13,12,12,14,10,12,11,13,12,11,14,11,11,11,13,12,12,10
12,14,14,0,13,14,10,12,12,14,14,11,14,10,13,14,13,14,12,14,13,13,13,14,10,10,11,10,11,13,10,13,13,13,11,14,12,13,14,13,12,12,13,12,11,11,12,11,11,12,12,12,10,13,13,12,13,14,13,12,12,10,10,13,14,11,13,10,13,14,11,10,14,14,12,10,14,11,12,13,12,14,14,14,10,13,12,14,14,14,10,13,14,12,10,11,11,10,12,10
13,12,13,11,0,10,12,12,11,11,12,12,12,11,14,14,13,10,11,12,11,14,14,10,13,13,13,10,12,13,10,14,14,13,12,10,10,11,12,13,13,10,10,13,12,12,13,11,14,13,12,11,10,12,11,11,13,11,14,13,12,11,10,12,11,13,12,14,14,14,13,12,12,12,14,11,13,10,13,11,10,11,11,13,11,13,14,12,12,11,11,14,11,14,11,11,10,12,12,13
14,13,12,10,14,0,14,13,12,12,14,12,12,12,13,13,10,10,11,11,12,14,10,11,13,12,14,11,13,11,12,11,10,13,10,11,11,13,11,14,11,10,11,14,12,13,13,11,13,11,11,11,13,11,14,13,14,12,14,12,14,13,10,11,10,13,12,14,12,11,11,11,13,11,14,12,12,10,14,14,13,13,13,12,10,10,12,13,13,11,12,14,14,13,10,13,14,10,14,13
10,14,14,11,14,14,0,12,12,11,12,10,13,12,14,13,11,10,13,10,14,11,13,10,10,14,12,12,10,11,11,12,12,11,10,14,14,13,11,12,10,13,10,11,10,10,14,11,14,10,13,12,11,14,10,12,11,13,13,12,11,12,12,10,10,10,13,12,12,10,14,12,13,10,10,10,11,11,14,14,10,11,12,10,12,13,10,12,10,13,12,10,14,14,11,13,10,14,11,10
12,11,14,14,10,11,13,0,11,14,14,10,14,14,14,12,10,14,12,13,11,10,11,11,13,12,13,12,14,14,11,10,12,10,14,12,13,12,13,14,11,14,13,12,11,13,12,11,10,11,10,14,12,10,14,10,10,10,10,11,12,13,14,12,13,14,13,14,14,11,14,13,11,13,11,11,11,14,14,10,10,12,12,12,13,12,12,11,10,14,12,12,11,11,11,13,10,11,13,12
14,12,11,14,12,12,12,14,0,13,12,13,10,10,10,10,14,10,11,14,10,11,11,13,10,14,11,11,14,11,13,11,10,10,12,10,12,10,13,10,10,14,13,12,12,11,11,11,10,10,12,12,14,11,12,10,12,13,11,14,10,10,12,12,10,11,12,10,13,10,13,13,12,10,13,11,13,14,11,14,13,10,11,14,14,11,12,13,12,11,12,13,14,13,14,14,12,10,12,11
13,11,13,10,12,13,14,13,13,0,11,12,13,12,12,11,10,14,13,13,14,14,14,12,11,12,14,14,14,11,14,13,13,12,14,10,12,11,10,11,10,11,13,10,11,14,14,11,12,12,13,10,13,11,13,12,13,13,12,13,13,14,10,12,13,12,13,10,13,11,13,14,13,12,13,12,10,13,10,11,12,12,12,11,12,13,10,12,14,12,12,13,14,12,13,11,11,11,11,13
10,13,13,10,13,14,11,11,12,10,0,11,10,12,10,10,10,12,14,10,10,12,11,11,11,14,10,14,10,13,12,11,14,11,12,10,14,14,11,12,12,11,13,14,13,10,11,10,14,12,12,13,12,11,11,10,14,12,11,11,13,14,11,12,10,14,12,13,10,14,11,10,11,11,12,13,14,12,12,10,12,14,10,13,11,13,14,13,10,11,11,11,12,14,13,12,10,10,13,14
12,13,10,10,11,12,12,10,13,12,11,0,12,14,11,14,14,14,13,11,12,14,14,12,13,12,14,12,11,12,10,13,13,13,12,12,13,14,10,11,14,10,13,14,12,10,14,12,11,10,14,13,12,14,11,14,13,10,11,12,12,14,10,12,13,14,12,13,11,13,10,10,13,11,12,11,11,14,14,13,13,11,10,11,13,11,11,14,12,13,14,13,12,13,14,14,10,10,11,13
12,10,10,13,14,14,14,10,12,10,13,14,0,10,13,13,10,13,14,14,11,12,13,11,13,14,12,12,10,12,12,11,10,12,11,11,12,11,12,11,14,12,10,12,12,14,14,12,14,14,13,10,10,11,10,10,13,14,12,14,12,12,13,12,14,13,13,11,14,11,11,14,11,13,14,13,12,11,14,13,14,14,12,11,13,11,10,13,12,10,12,13,13,13,13,12,14,12,12,13
11,13,12,12,13,14,14,12,11,11,13,12,14,0,13,14,13,14,12,14,13,13,14,14,14,14,12,10,12,14,12,14,14,13,10,12,10,12,14,13,14,11,13,11,10,11,14,13,14,13,10,12,11,13,14,10,11,14,13,13,10,13,11,12,14,12,14,13,14,11,13,11,14,14,14,11,10,13,13,12,14,13,11,14,14,10,12,10,14,10,10,11,14,11,12,11,14,10,12,13
12,11,14,13,14,14,12,12,14,12,10,13,10,10,0,13,12,12,12,13,13,14,14,14,13,11,12,11,13,11,13,11,14,10,10,10,13,13,12,14,10,12,14,11,11,10,12,11,13,12,14,14,11,11,13,13,13,11,10,12,12,12,14,11,10,11,10,12,10,14,10,13,14,13,13,11,14,12,13,13,13,10,13,10,11,14,14,13,12,11,12,11,12,10,11,13,12,13,10,10
10,10,11,14,12,11,14,13,13,12,14,10,13,12,13,0,12,14,14,14,11,11,12,14,13,12,13,10,13,12,10,13,10,12,12,12,13,14,13,12,10,14,11,14,10,12,11,13,10,11,14,13,13,14,13,13,13,10,12,11,14,11,10,10,13,13,13,13,10,10,10,13,10,11,13,12,10,12,14,11,10,10,10,11,13,11,10,10,13,14,14,12,11,12,13,14,13,10,11,11
13,13,12,10,11,11,13,11,11,11,13,10,10,11,10,13,0,10,14,12,12,13,13,14,11,10,12,11,13,13,14,14,14,11,13,13,12,13,10,10,12,12,13,14,12,10,13,12,14,11,14,13,14,12,13,13,10,13,11,14,13,14,10,13,11,12,14,13,12,13,13,10,10,13,10,14,14,13,12,10,11,10,12,12,13,10,14,11,12,10,12,13,11,10,11,12,12,10,12,14
11,14,14,11,12,14,13,10,12,14,13,11,10,10,12,13,12,0,13,14,11,12,12,11,12,10,14,13,14,12,12,11,13,10,12,13,11,10,10,14,14,12,14,14,12,11,10,12,11,13,13,10,14,11,11,12,14,13,12,10,12,10,13,13,14,13,10,11,13,11,11,12,11,13,10,14,12,12,13,10,14,12,12,11,14,11,12,12,14,10,14,13,13,10,12,13,13,11,14,14
11,14,14,14,12,10,14,10,10,11,14,11,10,11,10,10,13,12,0,13,12,10,12,11,13,12,13,14,10,11,11,10,11,13,13,14,14,12,12,14,13,12,11,12,12,10,12,12,11,14,11,10,11,12,11,14,13,13,11,12,14,10,13,13,13,11,13,13,11,11,10,12,10,13,10,10,13,10,13,12,14,10,12,11,10,11,14,13,11,14,11,11,11,10,10,12,14,13,13,11
12,14,11,14,14,14,10,12,12,11,10,13,14,13,12,13,12,12,13,0,12,11,14,12,11,10,14,11,14,12,12,11,10,11,12,14,10,13,12,11,10,10,11,11,14,14,12,11,12,13,11,10,11,14,11,10,13,11,14,14,10,12,10,10,10,10,14,11,12,13,11,10,10,10,12,11,14,12,12,12,12,12,13,11,11,11,14,11,10,11,11,13,14,13,11,13,10,11,10,13
14,11,14,13,11,11,14,11,11,10,11,10,13,12,12,13,13,14,13,13,0,11,13,11,11,12,13,10,11,14,14,11,12,11,14,12,11,13,10,14,10,11,13,14,10,14,10,14,12,11,13,14,10,13,12,12,11,10,12,10,13,10,13,11,11,13,14,14,14,14,11,14,13,10,13,11,12,13,11,11,11,13,13,10,10,10,10,13,14,11,11,10,10,14,11,10,13,11,13,11
10,11,14,12,14,13,10,10,10,10,14,13,14,11,14,14,11,12,10,11,12,0,10,14,13,13,10,14,13,13,12,12,11,10,14,10,10,13,11,10,12,14,10,13,13,11,13,11,14,10,12,13,11,10,12,13,10,11,11,14,14,14,11,12,12,12,13,12,14,10,13,10,10,11,13,11,12,12,11,11,10,13,10,13,10,14,11,10,13,11,10,13,12,12,11,13,12,13,10,10
12,10,12,13,11,11,13,14,12,10,11,13,10,14,13,11,13,13,11,12,11,13,0,14,13,10,10,13,13,10,14,13,13,11,10,13,14,10,11,12,13,11,12,12,12,10,12,13,12,13,14,14,14,12,12,14,14,10,14,13,10,13,14,13,12,12,12,11,14,11,14,10,12,10,12,11,13,10,12,13,13,12,10,14,11,10,13,11,13,10,13,14,11,13,11,10,11,14,10,14
12,10,13,11,14,14,12,14,10,11,11,14,13,10,10,13,12,10,12,12,14,10,13,0,13,12,14,13,14,14,11,10,14,14,12,10,12,14,14,10,12,13,14,11,12,14,14,11,10,13,13,12,11,12,12,10,12,12,14,14,14,10,12,14,13,11,12,14,10,10,12,14,13,14,14,14,14,14,11,14,13,13,12,10,11,14,13,11,12,12,12,10,14,10,11,11,10,14,13,10
12,14,10,10,10,13,14,12,12,13,10,13,10,10,11,10,12,12,13,13,12,10,12,12,0,12,12,14,12,12,13,13,10,10,10,11,13,13,12,10,12,10,11,14,13,11,14,14,14,14,10,14,13,11,14,13,12,12,12,12,13,13,11,14,14,10,10,12,10,13,12,12,14,11,10,13,10,11,14,10,13,12,10,13,11,13,10,14,11,12,14,11,10,10,12,13,13,12,14,13
11,11,13,11,11,13,14,11,10,10,12,11,12,12,14,10,13,13,12,10,14,11,10,13,14,0,11,12,14,14,12,14,13,11,11,14,11,13,13,11,13,14,13,13,10,14,13,13,13,11,11,14,10,10,14,13,10,11,10,11,10,11,14,12,13,10,13,10,11,12,12,11,14,11,13,10,10,12,10,13,10,12,14,13,12,12,14,13,11,12,14,10,13,11,10,12,14,11,10,10
11,13,11,10,13,10,14,14,11,13,13,12,10,12,11,13,12,11,14,10,11,10,13,14,13,12,0,13,12,11,11,11,13,11,10,12,12,10,13,14,12,12,10,12,12,14,11,14,11,10,12,14,13,12,10,13,11,14,12,11,11,12,11,12,14,12,14,11,10,14,13,13,13,11,12,13,11,13,10,10,12,12,11,12,14,11,12,11,11,11,11,13,12,12,13,10,10,12,12,14
14,14,13,11,12,14,11,11,10,11,11,13,13,12,14,13,10,14,13,12,10,13,10,14,13,10,10,0,10,13,12,12,14,10,10,10,12,14,10,14,14,10,10,11,14,10,13,14,10,13,14,14,10,13,14,14,11,14,14,13,11,14,10,13,13,14,12,12,12,11,11,14,10,10,13,12,14,11,10,13,10,11,14,12,14,12,12,11,10,11,14,13,14,12,12,10,14,12,13,10
13,10,11,14,12,14,14,10,14,12,10,14,13,10,13,10,14,12,14,11,12,10,11,11,11,12,10,12,0,12,13,12,11,13,10,10,14,14,14,10,14,12,11,11,13,10,10,10,13,14,11,11,11,13,12,13,12,13,14,13,14,14,11,13,11,14,14,10,12,10,13,10,10,12,14,13,10,14,13,11,11,11,11,13,10,12,10,12,11,12,13,10,10,11,10,14,10,12,10,13
11,14,12,13,10,11,10,14,14,13,12,13,10,12,12,12,13,13,12,14,13,11,13,10,11,13,10,14,11,0,10,13,12,13,14,10,11,14,12,13,14,11,11,13,13,14,10,10,12,14,12,11,12,14,11,10,14,10,12,11,12,11,11,13,13,14,14,14,10,12,10,13,10,14,13,13,12,12,10,10,11,13,12,10,13,13,11,12,12,14,10,11,12,10,11,13,14,13,14,13
14,10,14,10,13,14,10,12,11,13,12,11,10,11,10,14,14,11,14,10,13,11,12,10,11,14,11,14,13,10,0,13,14,13,11,11,11,13,11,11,14,13,13,11,14,11,13,10,10,10,12,14,13,13,14,10,12,13,13,13,14,12,10,13,10,14,13,13,13,10,13,10,12,10,10,11,14,10,12,14,13,13,10,13,11,11,14,11,13,11,13,12,10,12,11,11,12,10,11,14
13,10,12,10,12,11,11,13,12,12,10,12,10,14,10,11,11,11,12,13,10,12,14,12,11,11,10,14,13,13,13,0,14,13,13,10,13,11,14,11,14,10,11,13,10,10,10,11,10,12,10,10,10,12,12,14,10,10,14,14,10,11,11,10,14,13,11,13,12,13,12,10,11,10,12,13,13,14,13,11,11,14,14,12,12,13,13,11,11,14,14,12,11,10,10,13,13,11,14,11
13,11,14,11,10,10,13,10,14,13,10,11,11,12,12,11,11,14,12,10,10,14,12,13,13,14,13,11,14,14,10,12,0,14,11,13,14,10,13,11,12,10,12,12,13,13,12,11,13,12,14,11,13,14,13,11,14,14,11,13,11,11,12,11,10,12,13,12,14,14,12,11,13,13,14,10,13,12,14,14,10,12,14,13,14,12,12,13,10,10,13,10,13,14,10,10,12,10,12,10
10,10,12,13,10,13,13,14,14,13,12,11,14,11,12,13,11,13,11,12,10,14,11,13,10,11,12,13,13,13,12,12,10,0,13,14,10,10,11,13,11,14,12,13,12,13,12,11,12,12,11,14,13,14,14,10,10,14,13,12,13,10,10,11,10,10,14,10,10,12,12,13,10,10,10,13,12,11,13,10,13,10,10,10,11,14,13,13,10,13,13,10,12,13,14,10,14,10,12,11
13,11,10,10,10,12,13,12,13,11,12,14,10,12,14,12,10,14,10,11,12,10,10,12,13,11,11,12,11,14,14,11,13,12,0,11,12,10,14,14,13,10,10,10,14,10,14,10,14,13,12,10,14,10,10,14,12,11,12,12,14,11,11,11,14,12,11,10,13,10,12,11,10,14,11,11,11,10,11,11,13,10,11,13,13,14,14,11,12,12,14,10,12,12,10,12,14,13,10,11
14,14,12,13,11,10,14,14,14,14,12,11,10,11,13,14,14,12,13,14,13,10,12,10,11,11,13,12,14,14,11,13,14,14,12,0,13,13,13,12,12,14,14,11,12,10,12,10,11,14,11,12,11,10,10,13,14,11,11,11,14,12,11,10,10,13,14,12,10,14,14,10,11,10,10,10,13,13,10,10,14,10,12,13,13,11,14,12,14,10,12,12,11,11,12,10,12,14,11,14
10,10,14,12,14,10,10,11,10,10,14,11,11,11,12,14,14,13,11,13,13,12,12,10,11,12,14,10,12,14,12,14,11,10,14,14,0,10,14,14,13,11,12,12,13,10,11,10,14,14,13,10,14,12,12,11,13,12,14,10,12,11,14,14,10,12,10,14,11,11,12,13,10,14,13,12,10,14,14,14,14,11,14,11,14,14,13,12,13,14,11,12,10,13,11,12,11,13,12,11
10,12,14,13,11,14,10,14,13,10,10,13,12,10,10,10,11,13,14,10,13,13,10,12,10,10,12,11,12,11,10,12,12,13,13,12,11,0,11,14,10,14,14,13,13,13,13,14,10,13,11,10,12,13,11,12,11,11,12,13,10,11,14,11,12,10,13,10,14,11,13,13,10,13,14,11,14,14,12,13,11,11,12,13,11,11,12,13,10,11,11,10,14,13,14,13,14,12,11,13
14,12,10,13,14,12,10,14,14,10,12,11,14,14,11,14,13,11,10,10,12,10,10,13,14,12,14,12,14,11,11,12,13,14,13,14,11,14,0,13,13,11,13,14,10,13,10,11,10,12,14,14,13,11,10,10,14,11,11,13,12,12,12,14,13,13,10,13,10,10,11,13,14,12,12,14,13,11,14,10,14,11,14,10,10,11,13,10,13,13,14,12,14,10,10,10,13,14,11,12
12,11,10,10,10,10,10,10,14,10,12,13,12,11,13,11,13,12,14,11,10,10,10,12,10,13,14,13,12,11,11,14,14,11,13,13,10,14,14,0,14,11,12,10,12,11,11,10,13,11,13,12,10,14,14,12,11,11,13,14,12,11,11,13,13,13,13,13,10,13,10,11,13,13,10,10,13,10,12,11,14,13,10,12,13,14,11,14,10,14,11,11,12,14,12,12,14,13,12,13
12,12,14,10,11,12,13,12,14,13,14,11,13,12,10,14,10,13,14,14,12,13,13,11,11,14,14,14,11,12,10,14,12,14,13,11,13,10,11,11,0,10,13,10,11,10,10,13,14,14,12,11,10,14,12,10,14,14,12,13,12,13,14,11,11,13,10,13,14,13,13,10,10,12,13,13,14,13,11,11,11,10,14,14,13,11,14,14,10,13,13,12,11,12,14,12,11,12,13,13
14,11,13,11,10,12,11,13,10,14,11,10,12,11,12,11,14,14,13,10,13,10,13,10,14,11,13,13,13,11,11,11,10,13,11,14,11,13,13,10,14,0,11,14,10,12,13,14,10,14,12,12,11,14,12,14,14,13,13,11,14,13,13,14,14,12,14,10,13,14,12,14,11,11,12,10,11,11,12,13,11,11,13,13,10,13,14,12,12,14,11,11,13,11,14,11,11,12,14,13
12,12,11,10,11,13,11,10,11,11,12,13,10,14,14,12,10,14,13,11,12,12,12,14,12,11,10,14,12,11,14,14,11,14,11,14,10,13,11,12,11,14,0,10,10,11,13,11,13,12,11,11,11,13,13,10,14,14,11,12,10,12,11,13,10,12,13,11,10,13,10,12,11,13,11,14,13,11,12,13,13,10,11,12,10,14,12,10,13,14,11,14,13,11,11,14,10,11,14,13
13,12,10,14,11,14,10,13,12,14,12,12,12,13,13,14,10,14,12,11,14,12,12,10,12,11,13,10,11,11,14,12,12,13,14,11,14,12,10,11,14,14,13,0,14,12,13,11,14,12,11,13,10,13,13,14,11,10,14,12,10,10,14,12,11,14,10,10,13,13,12,10,13,14,11,12,10,13,13,13,14,14,14,13,14,13,13,13,13,14,13,11,14,14,14,10,14,12,12,14
12,12,13,10,10,11,14,10,11,11,14,12,12,11,12,11,11,11,12,13,11,11,12,14,10,11,10,13,10,10,12,12,11,13,11,12,11,13,12,13,13,13,11,12,0,10,11,14,13,12,12,14,13,14,13,13,10,10,13,10,13,10,10,10,11,14,11,10,13,14,10,10,13,13,14,14,13,14,14,14,13,12,12,11,13,10,14,13,12,10,10,11,12,12,14,12,12,12,10,13
14,11,10,13,11,11,11,14,10,14,10,11,10,14,11,11,13,13,12,10,14,13,12,13,13,13,13,10,14,12,12,10,13,11,14,12,11,13,14,11,14,14,12,13,10,0,14,11,12,11,12,13,13,10,10,13,10,13,12,14,13,13,11,10,13,12,14,12,14,14,13,14,10,14,10,10,14,10,13,12,14,12,10,14,11,13,13,10,13,12,14,14,14,13,11,12,13,14,13,11
10,11,12,13,12,13,12,14,14,14,13,10,10,14,10,11,12,12,13,14,13,14,14,11,10,14,10,11,12,12,12,14,11,12,12,12,14,12,11,13,10,13,10,13,13,14,0,13,14,13,10,10,10,11,14,12,11,12,10,12,12,12,11,12,11,11,13,13,13,12,12,11,10,10,10,14,10,13,10,12,11,10,11,12,11,12,11,13,12,14,11,14,14,14,13,10,14,11,14,11
10,11,10,11,10,14,14,10,11,14,12,12,11,13,10,12,11,13,10,13,14,10,10,13,11,12,11,10,12,14,14,13,14,13,12,10,14,14,11,12,13,11,12,12,12,13,13,0,10,14,11,14,10,11,10,12,14,10,12,10,13,12,14,13,11,10,13,12,13,10,10,12,11,11,12,10,12,12,12,10,12,14,10,11,10,10,13,12,14,11,12,14,12,14,13,10,14,13,11,12
14,11,14,10,13,14,12,14,13,10,14,11,13,11,12,13,11,12,12,11,11,10,13,11,13,10,14,11,12,12,11,14,11,14,11,11,14,10,12,10,12,14,14,14,12,10,10,10,0,12,10,13,11,11,14,11,13,12,13,11,13,14,10,11,10,13,14,10,14,10,10,13,10,10,11,13,11,10,14,13,12,14,14,14,12,13,10,13,11,13,12,13,11,14,14,10,11,13,13,10
12,10,11,10,11,11,13,11,14,11,14,12,13,14,13,13,10,11,13,12,13,11,13,11,12,11,12,10,10,10,11,13,12,13,11,12,13,13,12,11,14,14,13,10,13,14,10,11,10,0,11,10,10,14,11,12,10,11,10,12,10,13,12,10,13,14,11,10,14,13,11,10,11,13,11,12,14,12,12,12,12,10,10,10,14,10,11,13,11,11,10,10,12,11,12,12,12,13,10,11
12,14,10,13,14,11,13,11,13,13,12,12,14,12,10,14,13,12,11,12,12,12,14,12,12,10,12,10,11,13,10,10,12,11,10,13,14,11,10,13,12,14,10,12,13,12,11,10,10,12,0,14,14,12,13,13,14,10,13,11,14,13,12,10,14,13,12,10,12,11,12,14,11,11,12,10,13,11,11,14,14,13,11,14,13,14,10,13,14,13,10,12,11,10,11,14,14,14,11,14
11,12,13,13,13,13,13,12,14,12,10,13,13,13,11,10,11,12,12,10,12,14,10,14,11,14,12,10,10,13,10,14,10,12,12,12,14,13,10,10,10,12,13,11,12,12,14,13,14,10,12,0,12,12,11,12,12,11,14,12,14,10,13,12,11,12,10,12,11,11,13,10,13,11,11,14,14,10,14,11,13,14,14,10,10,10,13,12,13,14,10,11,10,11,11,14,11,10,12,13
12,14,13,12,11,14,14,10,10,11,13,11,11,12,13,14,11,13,12,10,14,13,13,11,10,12,10,12,10,12,13,13,13,10,14,13,11,12,14,10,11,13,12,12,11,13,14,12,12,11,12,13,0,13,11,14,13,11,12,11,13,14,12,14,12,13,14,13,11,13,14,13,14,13,11,14,11,11,11,14,12,13,12,14,13,14,14,14,11,11,10,12,14,11,10,10,14,13,14,13
12,10,12,14,13,13,13,14,12,12,12,12,14,12,14,10,11,13,11,12,14,14,11,14,12,11,13,13,13,10,14,13,11,12,12,11,10,12,10,14,11,14,12,13,14,13,12,11,12,14,14,11,11,0,11,14,12,13,13,12,11,14,10,11,11,13,14,10,12,10,12,10,13,12,11,11,14,12,13,10,13,14,12,10,13,11,13,11,10,13,14,13,11,10,14,10,10,13,11,10
14,13,10,10,14,14,10,13,10,14,10,10,14,12,13,12,12,14,12,14,14,12,14,13,11,13,13,13,12,11,11,10,10,12,10,10,13,11,10,13,11,14,10,10,13,14,13,13,12,12,12,10,11,11,0,11,12,13,11,14,11,10,12,10,14,13,14,14,12,12,12,13,11,13,13,13,14,11,14,10,11,14,14,10,10,13,10,14,13,11,13,12,12,11,14,13,14,13,11,12
13,14,11,11,14,14,11,12,12,13,12,10,14,11,13,11,11,11,10,10,12,10,10,10,13,10,10,14,14,10,13,10,10,11,12,11,13,13,10,11,12,13,12,10,14,13,13,11,13,12,11,13,13,11,14,0,12,14,11,12,14,13,12,12,11,10,11,10,12,13,11,13,12,10,14,13,14,13,10,10,10,12,14,10,11,13,10,11,14,11,14,12,11,10,11,12,14,10,10,14
12,13,10,12,12,14,13,12,14,12,10,14,13,10,12,12,13,11,11,13,14,14,10,10,13,13,11,12,14,11,13,13,13,10,13,12,11,12,13,12,14,12,12,11,11,10,14,11,12,13,14,13,13,12,10,13,0,12,10,14,13,12,11,13,12,13,11,10,12,12,10,11,11,13,14,13,11,12,14,13,12,14,10,14,10,12,10,14,10,10,10,10,10,12,14,10,13,14,10,12
14,14,11,14,12,12,12,14,14,13,13,11,12,11,11,14,12,11,13,10,12,11,14,11,12,10,10,13,14,14,14,12,12,11,14,12,12,10,12,12,14,11,10,11,12,13,12,14,11,14,13,11,11,14,10,13,10,0,14,12,12,11,14,10,10,13,10,14,11,12,13,11,11,14,10,11,11,11,12,14,13,12,11,12,14,10,12,11,12,11,10,12,13,13,14,11,14,11,14,13
12,14,10,11,12,12,11,12,11,13,13,11,12,10,14,14,10,12,10,14,11,14,11,10,11,11,13,13,10,13,11,10,11,14,11,13,12,14,14,11,14,10,14,14,12,13,10,12,13,14,10,12,10,14,11,12,13,10,0,10,11,14,13,12,12,11,13,10,12,13,11,12,11,12,13,10,10,14,11,12,12,10,11,14,10,13,13,14,12,12,14,14,11,14,13,12,10,12,12,13
14,13,13,13,12,11,14,10,12,14,11,12,11,12,12,10,13,13,11,14,12,13,12,14,14,11,10,11,14,10,14,12,12,13,12,13,12,12,12,14,13,13,12,12,11,11,13,13,11,12,14,11,11,13,10,11,10,14,14,0,11,10,12,10,11,14,13,10,12,10,13,13,11,11,11,10,13,11,14,12,12,13,11,10,11,11,12,11,14,13,11,13,12,12,11,13,11,12,10,13
13,11,10,13,13,13,13,10,14,12,11,14,10,12,11,12,13,12,14,10,11,12,11,14,14,10,11,13,10,13,14,10,11,11,14,11,12,13,11,12,13,12,11,11,11,11,12,10,10,13,10,13,13,10,12,10,14,11,14,12,0,12,14,14,11,13,10,13,14,12,10,10,10,10,11,11,13,10,14,12,12,13,10,12,12,12,10,12,10,14,13,11,10,13,13,10,13,13,10,13
10,12,12,12,10,12,14,12,12,13,13,14,14,13,11,14,11,12,12,13,12,13,12,10,13,13,14,11,12,11,13,10,10,11,11,10,10,13,12,14,13,13,10,12,10,13,11,11,12,14,13,11,11,11,10,12,14,11,13,12,13,0,13,10,10,10,12,14,13,12,11,13,13,14,12,10,13,13,10,14,14,11,12,14,12,12,11,14,13,10,14,10,14,14,14,11,14,13,14,12
12,14,13,14,10,10,14,11,13,11,11,13,14,12,13,11,10,13,12,13,14,12,10,12,12,10,14,14,10,11,10,10,14,13,11,10,12,12,13,11,12,14,11,12,13,11,11,11,10,13,10,11,10,11,13,14,14,10,12,14,11,10,0,11,12,11,11,14,11,10,13,13,13,14,10,10,14,11,13,13,10,14,12,13,12,10,14,10,13,14,11,11,11,14,14,10,11,13,13,10
12,12,14,11,12,14,12,11,14,10,13,13,10,11,11,14,14,12,14,11,11,10,11,11,13,12,12,13,10,10,13,11,13,12,11,13,10,10,11,12,13,13,11,12,11,13,10,14,13,14,11,14,13,11,14,12,10,13,13,14,12,13,10,0,13,12,12,10,13,10,12,14,13,11,11,13,13,14,13,10,14,12,12,10,11,14,14,12,11,13,14,12,12,12,11,10,14,12,12,10
14,13,12,14,10,14,12,12,12,13,10,12,12,13,13,12,10,13,14,14,13,14,13,14,11,10,12,10,10,11,13,10,11,13,10,11,14,12,10,11,11,11,10,12,12,11,10,14,13,13,14,10,13,13,12,14,14,12,13,10,12,11,12,10,0,14,10,10,14,12,12,13,12,13,13,12,12,14,11,12,14,14,13,12,12,11,13,12,13,11,10,11,12,14,10,13,14,13,14,12
12,10,11,11,11,10,12,12,14,11,14,10,13,14,13,10,14,14,10,14,11,12,12,12,11,11,10,13,13,14,12,13,10,13,10,13,13,11,11,11,14,11,12,11,11,10,12,13,10,14,13,10,12,10,11,14,12,13,10,14,14,14,13,10,13,0,11,14,10,14,10,12,13,13,13,14,10,14,10,11,11,13,12,12,13,10,12,10,10,11,10,10,14,11,11,12,10,12,12,13
14,10,12,13,10,12,10,11,14,10,11,14,11,11,14,11,12,11,14,14,11,10,14,13,13,14,12,11,11,11,14,12,12,12,11,10,10,13,11,11,10,10,11,14,10,10,13,13,12,10,14,13,13,13,12,14,10,14,10,11,14,13,10,13,11,14,0,12,14,14,13,10,13,10,13,13,10,14,14,12,12,10,14,14,11,11,10,13,13,10,12,14,10,12,14,11,11,10,13,13
10,13,14,13,13,14,11,12,10,14,11,10,10,11,13,11,10,14,13,11,10,10,14,14,12,13,14,10,10,11,12,10,11,11,12,14,10,11,10,12,10,13,13,13,13,12,13,14,14,13,11,11,12,11,13,10,14,10,10,10,14,10,12,13,12,11,13,0,14,14,13,10,14,13,11,11,12,11,10,10,10,14,10,10,12,10,10,12,14,12,11,10,10,10,10,12,14,10,10,11
12,13,13,14,11,12,12,13,10,10,11,13,13,10,10,10,14,14,14,13,11,13,14,12,12,13,10,13,12,13,11,11,11,14,12,12,11,10,14,14,13,12,12,14,11,12,11,10,10,10,12,10,11,11,14,14,14,11,11,12,12,13,10,12,13,10,12,14,0,12,13,14,13,14,10,10,14,11,14,11,10,11,14,12,12,11,10,10,14,14,13,13,14,14,12,11,14,11,10,10
11,10,12,12,12,11,14,10,10,11,14,12,14,10,11,10,13,10,12,10,12,14,12,14,13,10,14,14,12,14,10,13,11,13,14,14,14,11,10,11,11,10,14,13,10,10,13,14,12,11,13,13,13,14,13,11,13,13,14,12,11,14,13,11,10,11,11,10,10,0,12,11,11,10,11,14,12,10,13,13,12,11,10,11,10,10,11,14,12,10,13,10,10,12,13,14,11,11,13,12
14,14,12,13,10,10,11,13,11,14,10,11,14,14,11,10,10,12,13,10,14,11,14,10,11,11,10,14,11,12,12,11,12,10,14,13,13,12,11,14,14,13,12,12,14,12,10,11,11,12,13,13,12,12,13,12,10,12,11,13,10,12,11,14,12,14,14,13,14,13,0,11,13,11,13,11,10,14,11,11,14,10,13,12,14,13,13,13,14,12,12,13,11,10,12,14,11,11,12,10
14,13,11,11,12,10,14,12,13,11,12,13,13,11,12,13,11,14,12,11,14,11,14,11,12,10,10,13,13,14,14,14,11,11,11,11,13,12,10,13,13,10,14,13,14,14,14,10,12,14,12,12,14,11,10,13,14,10,14,12,10,11,14,14,12,13,11,12,14,11,14,0,14,14,13,13,13,11,11,12,13,10,14,10,13,11,12,10,10,10,12,12,13,12,12,13,12,11,10,11
11,12,12,10,11,10,13,12,10,13,12,12,12,13,11,12,10,10,10,12,14,13,11,11,12,14,10,11,12,10,11,11,11,14,11,10,13,14,13,13,13,14,14,11,13,14,14,10,11,10,12,11,11,12,11,12,10,10,12,12,14,11,10,14,12,10,11,13,12,10,13,11,0,11,12,14,10,13,14,13,13,10,10,10,12,13,14,10,13,13,13,10,12,11,11,13,11,14,10,14
12,13,10,13,11,11,10,14,13,13,11,14,11,12,14,12,14,11,12,10,12,14,12,14,13,14,11,10,10,14,12,10,13,14,10,14,14,11,13,10,13,10,11,10,12,14,14,14,11,14,13,10,11,14,12,12,10,10,14,11,10,14,13,14,10,10,10,11,11,14,13,12,12,0,12,12,11,12,12,12,14,10,11,13,11,10,12,13,13,12,13,13,13,12,12,10,13,12,11,10
11,13,12,13,11,10,10,13,14,11,10,14,13,13,14,10,14,11,11,14,12,11,11,13,13,11,14,10,14,11,14,14,10,11,11,11,12,12,12,10,14,14,14,12,11,13,10,10,12,11,10,12,10,12,13,14,11,13,14,10,11,10,13,12,12,11,13,12,11,13,12,11,13,11,0,14,13,12,14,12,14,10,14,12,12,11,12,14,13,13,12,14,14,13,11,14,14,11,11,10
14,14,12,13,14,14,14,13,14,13,14,11,11,11,14,14,11,13,10,11,10,12,10,13,14,13,13,13,12,11,14,12,11,14,12,14,12,10,13,13,12,13,10,14,13,10,13,12,13,12,12,11,10,14,10,12,14,14,14,10,10,10,11,12,13,12,14,12,13,14,11,11,14,11,14,0,11,12,10,10,13,10,11,14,10,14,13,11,11,14,10,10,13,11,12,13,11,12,12,11
10,10,11,14,13,10,11,11,13,10,13,10,14,13,10,10,14,11,11,12,10,11,12,12,13,14,12,10,12,13,13,14,14,13,14,13,13,11,10,14,13,11,12,11,10,14,10,10,10,11,14,14,10,14,11,14,12,13,10,14,12,11,13,10,12,14,11,10,14,12,11,12,10,11,14,13,0,13,11,11,13,13,12,14,11,14,13,13,14,12,10,10,14,11,11,12,12,12,12,14
11,13,10,10,13,14,11,14,14,10,12,11,11,12,11,10,14,11,12,11,13,11,11,12,14,12,11,11,13,14,12,10,10,11,10,10,13,11,11,11,12,13,14,14,10,13,13,12,14,11,12,10,10,11,10,10,12,13,11,11,12,10,11,14,12,11,10,14,12,11,12,12,10,10,13,10,11,0,12,12,10,13,14,11,12,11,12,10,14,11,14,13,10,14,10,13,11,12,14,11
13,13,14,10,12,14,14,10,14,12,10,13,14,11,11,12,13,14,14,12,10,11,11,13,12,13,12,13,10,12,11,12,11,10,13,12,14,14,13,12,12,12,10,11,10,11,13,14,13,12,10,12,12,12,11,12,11,10,12,14,11,11,14,12,10,12,11,13,12,14,13,14,10,11,10,13,10,10,0,13,11,10,13,10,12,11,14,14,14,14,10,10,13,11,14,11,10,12,13,10
12,14,14,11,13,14,10,11,11,11,12,11,10,12,10,14,13,11,11,10,11,12,12,13,11,13,14,12,11,10,10,11,12,10,10,12,10,11,11,13,10,12,13,13,12,14,10,11,11,10,12,13,10,12,14,14,12,10,14,14,10,13,10,11,11,11,14,10,12,12,13,11,14,13,14,13,14,13,11,0,12,13,12,10,11,12,11,10,10,11,10,10,14,12,11,13,12,12,11,12
10,10,14,14,13,11,11,13,12,12,10,10,13,14,11,11,12,12,14,14,14,11,14,14,11,12,14,14,13,10,12,10,13,11,10,12,14,13,12,14,10,12,13,12,10,10,11,10,10,10,10,14,13,12,12,14,10,14,12,10,12,12,10,11,10,14,12,12,13,14,11,13,10,14,13,12,12,11,14,11,0,10,14,13,12,14,13,12,11,13,11,11,14,11,11,12,13,11,11,12
10,13,14,11,11,13,12,13,13,13,10,11,14,10,10,10,13,13,13,12,12,12,10,13,12,12,12,11,14,12,10,10,11,14,13,13,11,12,12,13,12,14,13,12,13,14,12,13,10,11,13,14,13,14,10,12,12,10,14,13,10,10,14,11,13,10,10,14,12,12,13,10,11,14,14,13,14,13,10,13,14,0,14,11,13,13,10,11,11,14,10,10,10,13,13,12,12,14,11,14
13,13,12,10,13,12,13,13,14,10,12,13,14,10,11,13,11,14,11,13,12,13,13,10,11,11,13,12,13,11,11,13,12,13,12,14,12,13,12,10,10,12,12,11,12,12,11,14,11,14,11,13,12,13,12,14,10,12,13,12,14,10,10,12,13,13,10,10,13,12,11,12,11,11,13,10,10,11,12,14,14,13,0,11,13,10,13,11,14,11,12,13,14,14,10,11,10,12,10,13
14,11,11,10,14,12,13,12,11,10,12,13,13,14,14,12,10,14,11,11,10,12,11,14,11,13,12,12,10,14,12,12,10,13,13,13,13,12,11,10,11,10,14,13,14,13,14,14,10,13,10,11,10,13,13,11,14,11,14,11,10,10,11,11,12,14,13,10,11,10,13,12,12,11,14,14,12,13,14,12,13,12,12,0,12,13,11,11,12,14,11,13,11,13,10,10,11,14,13,11
14,10,14,13,14,14,13,13,14,13,14,14,11,11,11,12,12,13,13,12,10,12,11,10,14,12,12,14,11,11,13,14,14,12,10,11,14,14,13,13,10,13,12,13,10,12,12,14,11,13,12,13,10,10,10,12,14,13,14,12,12,13,11,13,14,14,10,14,11,14,13,13,14,10,11,12,10,12,10,11,14,12,12,13,0,13,10,13,14,11,12,12,11,10,10,11,11,11,13,13
10,12,13,12,11,14,14,13,14,13,13,11,11,12,12,13,14,11,13,10,14,10,11,12,13,12,12,13,14,14,10,10,12,14,14,14,10,14,11,13,13,12,14,10,12,11,10,13,12,12,11,10,13,13,13,10,11,10,14,14,12,11,13,10,13,12,14,12,13,13,12,14,10,14,11,11,11,10,14,12,11,13,10,11,13,0,14,12,13,10,14,13,10,10,11,11,12,13,13,12
10,11,13,10,14,10,11,10,13,11,12,13,10,10,11,12,14,10,12,12,13,14,10,11,13,10,12,14,13,12,13,13,12,13,14,11,13,13,11,10,11,14,13,11,13,10,12,14,14,14,12,11,10,11,13,10,10,11,11,13,13,12,12,11,13,13,11,12,11,10,14,10,14,11,10,14,11,13,13,13,12,12,10,13,10,11,0,12,10,14,13,10,12,12,12,12,13,12,12,13
14,14,14,12,13,10,11,12,14,11,14,14,11,12,12,10,10,12,13,10,11,11,10,12,12,10,12,13,11,14,11,12,13,10,13,14,13,14,11,13,14,13,13,14,10,14,13,14,14,11,12,11,14,12,12,13,14,12,10,13,13,13,11,10,14,12,11,11,13,13,12,10,10,14,11,12,12,10,12,12,11,12,14,14,11,10,12,0,11,12,10,14,11,14,13,10,11,12,13,10
13,13,11,10,10,13,11,10,14,10,14,10,13,10,12,11,10,13,11,13,13,14,14,13,13,13,11,11,12,14,10,10,14,10,13,14,14,12,13,10,14,10,13,10,13,14,11,10,11,11,14,12,10,14,11,14,13,13,11,11,12,10,12,10,10,14,10,13,11,13,11,13,14,11,13,13,10,14,10,13,12,10,14,11,14,12,14,10,0,13,14,11,11,10,12,13,14,12,13,14
13,14,12,14,13,14,11,12,14,11,13,13,13,12,13,14,11,11,10,10,12,10,10,10,12,12,14,12,12,12,14,10,12,10,12,14,14,11,11,11,13,10,14,14,14,11,12,14,12,12,11,13,11,12,11,12,14,12,12,11,14,14,14,12,12,13,10,13,10,13,14,10,14,14,12,12,10,11,11,10,14,10,14,10,10,11,13,10,13,0,14,10,12,13,10,11,13,11,12,12
10,10,14,13,13,13,11,13,12,10,14,12,13,11,11,11,14,14,14,11,11,14,10,14,11,13,12,11,14,12,13,11,13,13,10,10,10,12,10,11,14,12,10,14,14,12,12,11,12,13,12,14,11,11,11,11,10,10,11,10,10,14,13,10,11,13,13,14,10,11,11,11,13,12,11,13,14,10,14,14,11,11,14,11,14,14,14,12,12,14,0,14,14,10,10,10,14,14,10,13
11,13,12,10,10,12,11,11,14,14,12,11,10,11,12,13,14,10,12,10,12,13,11,11,11,12,11,11,12,11,12,13,13,12,12,11,13,10,13,13,13,13,10,12,10,12,14,13,12,11,11,14,12,14,10,13,11,11,13,13,11,14,13,12,12,14,13,13,13,11,10,14,11,13,12,14,13,13,11,14,12,12,13,10,10,12,11,13,11,14,14,0,12,11,10,12,13,14,12,10
10,13,11,10,11,11,11,13,13,12,11,14,13,10,14,10,13,11,12,12,14,13,14,11,14,12,13,12,11,11,13,14,10,12,10,10,11,12,12,14,13,14,12,11,10,14,10,11,12,14,13,12,12,10,10,12,14,14,11,13,13,14,12,12,14,11,14,10,14,14,14,11,13,12,13,10,10,13,11,14,11,11,10,11,13,10,11,10,11,12,10,12,0,10,13,10,14,11,10,11
13,10,10,12,12,10,11,14,14,11,10,11,11,12,11,11,12,14,10,13,14,14,13,13,11,13,11,11,14,12,14,13,10,12,13,14,11,13,12,10,12,10,12,13,11,10,14,14,13,11,13,14,10,11,11,13,11,11,10,14,13,10,14,12,11,11,11,14,14,12,10,13,11,14,11,13,12,14,11,10,13,12,12,13,13,14,13,14,10,14,12,10,13,0,12,12,11,11,14,12
10,14,10,10,11,11,14,13,10,14,13,10,11,14,14,10,11,13,11,13,12,12,12,13,14,10,14,10,14,12,14,12,13,12,10,11,13,12,10,11,14,11,12,14,12,14,10,10,13,11,11,13,10,10,14,12,12,11,10,10,11,13,13,13,14,11,12,13,14,13,12,13,12,14,14,10,10,12,11,10,14,14,12,12,11,11,11,13,12,12,13,11,11,10,0,14,10,12,13,14
11,11,11,11,14,14,12,11,10,11,14,12,14,10,14,11,12,11,11,11,13,14,14,10,11,14,10,11,12,10,13,12,11,13,10,13,12,12,12,12,13,14,11,11,13,10,14,11,12,13,11,14,10,12,11,11,12,10,10,10,13,10,14,14,12,11,10,11,14,11,13,14,13,14,12,13,13,12,12,10,10,14,14,13,13,13,11,14,12,13,11,11,12,12,13,0,13,10,11,14
12,10,13,12,10,10,12,10,11,14,12,13,10,13,14,10,14,11,10,11,13,14,10,13,10,10,11,12,11,10,14,12,11,13,10,10,11,12,13,12,11,12,10,10,14,10,11,13,12,12,13,11,14,10,10,12,14,14,11,10,13,14,14,11,14,14,11,12,13,14,13,12,12,13,14,10,14,10,13,10,14,13,14,13,11,12,12,11,12,12,10,11,10,13,14,11,0,13,14,10
14,13,13,14,13,13,11,14,11,11,14,13,13,10,11,11,14,10,11,14,11,11,10,14,10,13,12,11,14,14,12,12,14,10,14,11,10,14,11,10,10,13,11,10,13,14,12,10,14,11,14,11,12,14,13,12,13,14,13,14,11,14,10,12,13,11,13,13,11,14,11,10,13,10,14,13,10,14,10,11,11,11,12,12,10,10,10,10,11,11,12,10,10,12,13,10,12,0,13,11
11,10,13,14,10,14,13,13,11,10,10,12,13,13,12,12,10,12,13,12,13,10,13,11,10,11,11,10,11,12,13,11,11,13,14,10,12,12,12,12,11,12,14,14,11,13,13,11,13,14,13,13,14,11,13,10,12,12,13,13,13,13,11,13,12,13,10,10,14,11,10,13,10,10,10,10,11,13,10,11,12,14,12,12,14,14,12,14,14,13,12,10,13,13,14,13,10,11,0,12
12,13,13,12,11,13,14,13,13,11,12,14,13,11,11,10,13,10,14,13,12,11,10,10,10,13,10,14,11,11,11,14,10,11,12,13,14,12,10,13,14,10,13,13,12,14,14,13,12,13,10,12,11,12,14,11,12,12,11,12,13,10,12,12,14,12,14,12,13,12,10,11,10,11,14,12,12,12,13,11,14,11,11,13,10,13,13,13,11,11,11,12,10,13,14,13,13,11,14,0
