R=100
Pi=(13,12,12,16,14,19,11,19,15,11,19,13,10,10,14,11,19,10,18,12,14,10,18,17,11,17,12,17,19,11,10,17,13,11,13,19,11,17,11,17,13,11,19,18,15,11,10,15,16,18,19,19,12,15,11,12,14,14,14,17,16,13,10,14,10,12,10,19,16,15,19,11,18,10,19,13,10,19,12,19,17,16,11,10,11,10,15,18,19,11,15,16,13,14,11,19,10,14,17,13)
A=
1,2,24
2,3,26
5,6,0
6,7,27
8,9,0
9,11,27
12,13,34
13,14,0
18,20,20
21,22,0
22,23,0
23,24,34
24,27,28
28,29,0
29,30,0
31,32,34
34,35,0
35,36,35
36,37,0
38,39,20
39,40,0
40,41,0
41,42,0
42,44,0
45,46,0
46,47,33
48,49,0
49,50,21
56,57,34
59,60,20
60,61,0
61,62,0
63,64,23
69,71,0
71,73,0
72,74,0
73,75,21
74,76,27
76,78,32
77,79,37
78,80,38
80,82,0
82,84,32
83,85,27
84,86,0
89,91,0
90,92,22
93,95,0
95,97,0
98,100,34
Sij=
0,11,14,11,11,10,14,10,14,10,13,11,13,10,14,12,14,12,14,11,10,11,11,12,12,13,10,13,14,14,12,10,11,13,14,12,13,11,14,10,10,12,13,13,13,14,12,13,12,11,13,10,10,14,12,12,10,12,14,12,14,11,11,10,12,12,14,14,10,12,13,12,12,14,10,12,12,13,13,13,11,12,10,12,10,12,14,11,10,11,12,11,12,12,10,14,10,13,10,11
14,0,12,12,10,13,11,12,11,13,14,14,11,14,11,10,12,10,14,14,10,12,13,13,13,10,11,10,10,14,11,11,14,12,11,13,14,14,10,13,14,14,13,13,11,12,10,12,11,11,12,13,11,14,10,13,11,13,13,14,12,10,12,12,12,12,10,13,12,12,10,12,14,10,14,10,14,14,12,11,14,14,14,13,11,12,10,10,12,13,11,11,10,10,11,14,12,11,11,14
12,12,0,10,13,10,14,14,10,14,10,14,12,11,12,14,12,11,13,10,14,12,14,11,13,11,14,11,13,14,10,13,12,13,12,14,12,14,11,12,11,13,14,10,12,14,14,10,13,10,13,12,13,11,11,12,12,10,11,11,11,13,10,11,14,11,11,13,13,12,12,13,10,10,13,10,12,13,14,14,11,14,12,13,10,12,10,11,11,10,11,12,12,14,11,13,13,12,11,10
12,11,12,0,11,13,10,12,12,12,11,14,14,11,11,10,12,10,11,11,12,11,10,12,12,11,10,11,11,14,10,12,10,11,14,12,10,12,11,14,10,14,13,13,10,11,12,10,10,13,14,13,11,11,14,14,11,13,14,10,13,14,11,12,11,14,13,12,12,14,14,14,13,12,10,12,13,11,12,10,13,14,10,12,14,11,10,14,12,14,11,11,12,11,11,11,13,10,12,10
12,14,13,11,0,14,14,10,14,10,12,11,14,11,14,11,13,13,14,12,10,13,14,14,12,13,13,12,11,10,14,14,12,14,11,13,13,10,13,13,10,11,10,13,10,13,11,14,12,10,12,12,13,12,11,11,13,10,11,13,11,11,13,13,10,12,13,14,10,11,12,13,10,11,12,13,12,10,14,13,11,13,10,10,13,11,10,10,12,14,14,13,14,10,11,13,12,12,13,12
10,12,14,11,13,0,13,12,12,14,13,13,12,10,12,11,12,11,13,10,13,12,13,11,11,11,13,14,10,14,13,11,10,12,11,13,14,14,13,12,14,14,12,10,14,10,12,12,11,13,14,12,14,12,14,10,11,10,12,10,10,14,11,13,11,12,13,14,14,14,11,13,12,10,10,13,14,13,12,10,13,10,13,11,10,11,11,13,13,11,11,14,11,13,12,14,13,14,14,12
12,12,13,12,11,10,0,14,13,11,10,10,13,13,12,11,14,11,10,12,14,10,14,11,13,12,12,12,13,13,11,10,10,13,10,13,10,12,11,14,14,11,13,12,12,11,13,11,14,12,12,13,12,11,14,11,12,11,10,14,14,13,10,14,10,14,14,14,12,13,10,12,10,10,13,12,12,12,13,11,14,11,13,11,11,12,12,13,14,13,10,14,12,11,10,11,10,13,12,13
11,13,13,10,11,14,13,0,12,13,11,14,10,13,13,10,13,14,14,13,12,11,10,10,14,12,11,10,13,10,11,11,13,14,10,10,10,12,12,10,11,14,10,10,12,14,10,10,13,10,11,11,11,10,14,11,10,13,14,12,14,14,14,11,11,14,10,10,12,13,10,10,11,13,11,13,10,10,12,14,12,10,11,13,14,14,10,12,14,13,14,12,13,10,10,12,14,14,13,12
14,14,13,10,10,10,14,13,0,14,11,10,14,10,14,14,13,12,11,12,12,14,12,11,13,13,12,12,11,12,14,13,11,12,10,10,13,12,11,12,13,14,11,13,13,13,14,12,13,10,12,14,13,12,11,12,11,13,14,11,12,13,13,10,10,12,13,12,14,14,11,11,11,13,14,12,12,14,12,10,14,10,13,11,10,14,10,14,11,12,13,14,13,14,14,14,11,11,13,10
14,12,12,13,13,11,13,14,13,0,13,14,11,10,14,12,12,10,11,14,10,12,14,11,12,10,12,12,11,13,14,10,11,11,12,10,11,12,14,12,14,11,10,11,12,12,12,13,14,11,11,14,14,12,12,12,10,10,10,13,11,13,11,10,13,13,13,14,13,13,10,10,10,14,10,14,11,13,14,14,13,13,13,10,12,10,11,14,14,14,10,11,11,11,11,11,14,14,12,14
13,13,10,10,10,11,13,10,11,13,0,11,11,11,10,10,13,14,11,13,13,11,14,10,14,12,14,14,13,12,14,14,11,10,10,11,10,12,12,14,10,11,10,12,10,13,13,14,10,11,13,11,13,11,14,12,14,12,11,12,11,12,14,12,12,13,14,11,11,14,14,10,12,11,12,11,11,12,14,11,14,14,13,12,14,12,10,10,10,13,12,12,11,14,13,13,11,13,14,11
13,11,13,11,11,12,13,11,13,13,10,0,11,13,10,13,11,13,12,12,10,12,13,10,13,12,12,14,12,13,13,14,12,13,12,12,12,10,12,11,11,14,14,12,12,12,10,14,11,11,12,10,14,10,14,14,10,11,10,13,13,13,11,13,14,13,12,13,10,13,10,10,11,11,11,10,13,11,13,10,12,13,12,11,11,13,10,12,14,13,12,11,10,13,12,13,13,10,12,14
14,12,13,13,10,11,13,13,14,13,10,14,0,12,14,11,10,10,14,12,10,12,10,14,12,10,14,10,13,14,13,12,13,13,14,11,14,14,14,10,14,10,12,13,10,13,12,13,10,12,11,12,13,12,12,11,13,13,11,12,11,10,14,14,11,10,11,10,13,13,11,11,10,14,13,10,10,12,13,13,13,10,10,10,12,10,14,11,11,12,12,11,13,12,14,13,10,13,12,14
12,12,14,11,11,10,11,14,14,12,10,11,14,0,12,14,10,10,14,11,10,11,14,14,10,10,14,13,13,14,14,14,12,14,13,11,11,10,13,14,12,14,14,12,13,12,10,12,10,13,14,13,11,12,11,13,12,12,14,10,12,11,13,14,10,12,13,11,11,11,13,14,11,14,13,11,12,12,10,13,10,12,12,14,10,10,13,10,13,10,13,13,11,12,12,11,10,14,11,11
14,13,10,13,10,14,11,11,13,10,10,14,11,11,0,10,14,13,13,14,14,14,12,13,10,12,14,13,13,12,12,10,12,11,14,13,11,11,13,13,10,13,11,11,12,14,14,12,10,12,12,12,11,10,12,11,11,10,10,11,11,11,12,13,11,14,13,13,11,12,14,13,14,10,13,10,13,10,10,10,12,11,12,11,10,10,13,12,14,13,12,10,11,12,12,14,11,12,10,12
11,10,11,13,13,13,12,11,11,11,13,10,14,14,13,0,10,13,11,13,11,11,10,14,13,14,13,12,12,12,14,14,10,10,12,14,12,10,14,13,11,12,11,11,12,14,11,11,11,13,12,10,14,13,14,11,10,11,12,13,14,11,14,13,11,11,12,10,11,14,11,10,14,13,12,13,14,14,11,13,13,12,10,13,10,14,14,12,11,11,14,10,12,10,13,10,13,12,14,10
11,11,14,12,12,11,10,11,11,10,11,10,14,13,10,12,0,10,10,12,12,11,10,13,10,10,10,12,13,14,12,14,11,10,10,12,12,12,13,11,13,14,13,10,10,14,13,11,13,10,11,14,12,14,12,14,11,12,14,11,11,14,11,12,13,10,14,10,13,11,12,10,11,14,13,13,13,14,13,10,11,14,13,12,13,12,12,11,12,11,10,14,12,12,14,14,12,11,12,14
14,13,12,12,12,10,12,13,11,14,10,11,13,13,14,12,10,0,13,13,11,13,13,12,11,10,12,12,14,14,14,10,11,12,13,11,13,12,11,14,12,14,14,10,13,10,14,11,14,12,12,13,13,12,11,10,11,10,10,11,10,13,13,13,11,13,14,13,14,12,11,10,13,13,11,11,14,12,14,11,11,11,12,12,11,10,12,13,11,13,14,13,11,10,14,13,11,10,14,14
11,11,11,11,11,12,14,14,11,14,11,14,11,14,10,13,10,10,0,12,10,11,10,11,11,12,12,13,13,13,12,14,14,13,14,14,14,10,10,11,14,10,12,12,11,11,10,11,12,10,11,13,11,13,13,12,11,14,14,14,13,13,11,10,14,10,12,11,11,10,10,12,14,14,13,10,13,12,14,10,12,11,11,13,12,13,13,10,14,12,12,10,10,11,13,10,14,11,12,11
14,14,10,11,14,13,13,11,10,13,14,13,14,14,11,12,12,13,13,0,10,12,11,11,14,12,10,12,12,11,12,11,12,10,13,10,13,10,14,13,13,10,11,10,11,12,13,10,11,10,10,12,10,13,12,13,12,12,11,13,14,11,10,10,12,11,12,13,11,13,13,11,12,10,10,10,10,10,14,11,14,14,10,12,10,10,10,13,12,14,13,10,13,10,13,11,14,11,13,14
10,14,14,13,11,13,10,10,13,11,13,11,12,10,14,10,11,12,14,12,0,11,13,10,11,10,12,13,11,12,13,10,14,12,14,10,14,10,12,11,11,14,10,10,11,11,11,12,13,11,13,10,11,11,11,13,12,13,12,12,14,10,13,13,14,10,13,14,13,14,14,14,13,11,13,12,10,12,14,10,14,14,14,10,13,12,13,13,11,11,12,11,12,14,11,10,11,12,11,10
13,11,14,13,11,13,11,10,13,14,12,14,13,12,13,14,11,13,14,11,11,0,14,13,11,12,13,12,13,10,12,10,13,11,14,12,12,10,10,13,14,11,13,10,11,13,12,12,14,11,12,14,12,12,14,13,13,13,12,11,13,11,13,10,10,13,14,13,14,10,11,14,10,10,14,10,13,14,11,13,14,10,12,12,12,12,13,10,12,10,13,14,12,14,14,13,12,13,14,13
14,14,12,14,10,12,13,11,13,13,10,13,11,14,12,12,14,10,12,12,14,13,0,11,14,11,11,11,11,10,11,12,14,14,13,14,14,12,12,12,10,14,11,12,13,10,10,13,13,11,11,13,12,11,12,13,10,13,13,12,13,10,11,11,11,11,10,14,12,14,12,14,11,13,12,13,13,11,13,13,11,13,13,14,13,12,10,13,12,14,14,11,14,10,13,14,12,10,10,11
14,10,10,13,14,11,12,13,13,13,10,13,14,14,10,14,12,12,12,14,11,11,12,0,13,10,10,10,11,14,12,10,12,10,11,14,11,13,14,14,11,10,11,14,13,14,10,12,14,14,13,12,10,13,11,10,13,13,11,13,14,11,11,14,10,12,12,13,12,10,14,11,12,12,10,13,10,11,13,13,10,12,11,11,10,10,10,14,14,11,10,12,11,11,10,10,14,12,14,10
11,12,14,13,10,12,14,12,13,13,10,11,14,12,13,11,14,14,13,10,12,13,13,11,0,14,11,14,10,12,14,14,13,12,13,12,12,13,12,11,13,11,13,10,10,11,14,13,13,13,13,10,14,13,14,13,12,13,12,13,13,12,14,10,13,13,12,13,10,10,10,13,12,13,14,13,13,12,13,10,10,13,11,11,13,13,14,14,13,10,10,14,10,14,13,11,11,12,12,12
14,10,12,13,13,10,13,11,14,10,14,14,10,12,12,10,11,12,11,10,13,12,10,10,10,0,11,12,12,10,13,12,10,10,10,10,10,10,12,13,13,14,13,10,13,10,10,13,13,11,13,14,13,11,11,13,11,14,12,13,11,13,11,10,10,12,13,14,14,11,12,14,13,14,13,10,10,12,12,14,10,12,14,11,12,13,13,14,13,12,14,10,13,14,11,10,13,13,14,10
11,10,14,11,13,13,11,14,12,11,13,14,12,12,13,14,13,14,13,12,14,14,10,11,12,12,0,11,13,12,13,11,11,13,11,13,14,12,12,12,13,11,13,11,11,14,10,12,11,11,12,11,13,14,12,11,12,10,12,13,11,12,13,12,14,10,11,10,10,13,13,11,11,12,14,10,10,12,13,12,12,14,14,11,10,12,12,11,10,10,10,13,10,13,11,11,13,10,12,11
13,14,11,12,12,10,14,11,10,12,10,14,11,10,11,11,12,11,12,11,12,14,10,10,13,10,11,0,12,11,12,11,14,10,11,14,12,13,12,13,10,12,11,11,13,10,11,12,14,12,14,14,12,13,10,14,13,14,11,14,12,13,12,10,12,10,10,14,14,11,13,13,14,13,11,14,10,12,11,10,12,12,12,10,11,13,14,11,14,12,10,13,12,13,10,12,10,11,13,13
14,11,12,13,13,11,14,13,11,11,13,11,12,10,12,10,11,11,14,13,11,14,10,12,10,14,10,11,0,12,14,13,14,13,13,10,10,10,13,12,14,14,10,14,13,13,14,11,11,11,10,10,13,12,10,12,10,11,10,12,13,10,13,11,11,12,13,12,14,14,11,10,12,14,14,14,10,10,11,13,11,13,14,14,11,14,10,12,13,11,10,14,14,10,13,13,11,13,12,10
14,12,11,11,10,10,13,13,12,10,11,14,14,11,11,14,11,13,10,12,11,11,13,12,14,12,10,12,11,0,11,13,11,13,11,13,14,12,12,14,10,10,12,10,12,14,11,14,12,14,14,11,12,13,14,14,13,13,13,12,12,10,11,12,10,12,14,11,13,12,11,12,13,14,14,12,14,10,10,13,13,12,12,12,11,14,10,13,13,12,10,11,13,10,11,10,14,14,14,10
10,14,11,14,12,11,13,13,14,12,14,12,12,10,14,10,12,13,10,11,11,11,12,11,12,10,14,12,12,13,0,12,14,10,10,12,13,11,12,14,10,10,12,14,11,12,12,13,12,11,11,13,11,14,13,13,14,11,14,12,12,12,10,10,10,14,14,11,11,13,10,14,14,13,10,10,14,12,11,13,14,11,11,11,11,14,10,10,12,12,13,12,11,10,12,12,10,12,13,11
13,11,11,14,10,12,13,12,13,13,13,12,10,11,13,10,10,13,13,11,14,13,14,14,14,13,12,14,11,12,14,0,11,14,14,10,13,10,12,11,14,10,12,11,13,13,11,12,10,11,11,11,11,13,11,12,14,11,12,14,11,14,14,11,11,13,12,12,10,10,10,10,13,12,14,10,11,11,10,10,13,11,12,12,14,10,13,13,12,11,11,11,12,12,14,10,11,11,10,10
11,13,11,14,11,11,13,13,14,11,11,12,11,11,11,10,11,11,12,10,14,13,10,13,14,14,12,11,12,13,14,14,0,11,10,14,14,10,13,11,12,12,14,13,10,10,13,10,11,10,14,13,14,13,14,10,12,12,12,10,12,14,12,10,10,12,11,11,11,12,11,10,13,14,14,13,10,10,10,13,10,13,11,10,13,14,14,10,11,14,11,11,12,13,14,13,14,13,12,13
13,11,14,14,13,13,10,10,14,11,10,12,12,14,14,13,12,11,12,10,13,10,10,11,10,10,12,14,10,10,13,11,12,0,11,14,13,14,12,11,14,13,14,11,10,14,14,14,13,13,11,10,13,11,11,14,12,11,12,13,13,11,11,14,13,12,13,10,10,14,10,13,10,10,12,11,14,14,14,12,11,10,14,10,14,10,10,10,10,11,12,11,12,13,13,13,12,14,13,12
10,14,13,14,13,12,14,12,14,10,10,13,12,10,11,12,11,10,10,13,11,13,14,13,11,13,11,12,12,13,13,10,10,11,0,11,12,12,14,12,11,10,12,10,10,11,13,14,11,11,10,11,12,13,10,11,12,14,14,12,10,11,12,10,10,11,10,13,10,14,14,10,11,12,14,12,14,12,14,12,13,13,14,10,12,11,11,11,10,10,14,12,12,12,12,10,12,11,10,14
10,10,14,12,12,14,10,14,13,12,12,14,14,11,14,11,11,12,13,14,10,13,13,14,14,11,12,14,10,14,10,12,12,10,11,0,12,13,12,13,12,11,11,13,12,13,10,13,10,13,10,13,10,13,10,14,11,12,10,13,10,11,10,14,14,12,14,11,14,14,11,12,14,14,11,12,13,10,10,10,14,13,11,11,10,11,14,13,11,11,14,10,13,14,12,10,11,12,13,14
13,13,13,11,11,12,14,11,11,13,10,11,11,14,13,11,14,13,13,13,12,11,10,13,14,10,14,10,11,10,11,11,11,10,11,11,0,10,10,14,12,11,13,11,13,10,13,13,13,10,10,10,12,13,10,12,12,12,14,11,10,13,13,14,11,11,13,14,11,12,12,11,14,13,10,11,13,14,12,12,11,12,10,14,10,14,14,13,10,13,14,13,10,14,14,14,13,13,10,12
12,13,12,10,12,14,11,13,12,14,13,13,10,12,14,13,12,14,14,11,11,14,14,12,13,13,11,14,14,11,13,10,13,14,10,12,14,0,14,11,11,12,10,10,10,14,10,12,13,10,10,11,13,14,13,10,12,14,14,11,14,13,12,13,11,11,13,14,10,11,11,14,13,12,13,14,11,14,13,13,13,10,12,14,14,14,14,10,10,14,12,13,14,12,12,12,10,11,14,14
11,10,12,11,13,11,13,11,11,14,13,13,11,11,13,13,10,12,14,11,12,12,14,10,13,13,14,10,14,10,13,14,14,13,11,12,13,11,0,11,13,11,12,14,10,10,14,11,13,14,14,12,12,12,12,11,13,10,11,12,14,11,12,11,10,10,14,13,12,10,10,14,13,11,11,10,14,13,13,10,13,11,11,11,10,12,11,12,12,12,13,12,12,13,11,11,13,10,13,10
11,11,14,13,13,10,14,10,10,12,12,10,11,11,13,12,10,11,11,12,14,12,11,10,11,13,11,14,14,10,11,13,14,13,13,12,12,12,12,0,14,13,10,11,10,14,12,10,11,10,14,10,12,14,11,11,14,10,14,11,10,13,14,11,14,10,13,10,13,12,11,10,12,13,12,14,13,10,10,10,14,13,10,14,10,14,13,14,13,12,14,12,12,11,12,11,14,14,12,14
11,11,11,14,13,14,12,14,11,12,12,13,14,13,12,12,13,14,10,14,11,13,12,11,12,13,12,10,11,11,14,14,13,11,13,12,11,10,10,11,0,11,14,12,11,14,10,13,13,14,14,12,10,13,12,12,12,14,10,11,10,11,12,13,10,12,13,10,13,10,14,10,12,13,14,12,12,10,11,11,11,10,13,11,11,13,14,10,10,13,10,12,11,14,10,14,14,10,11,13
11,10,14,13,14,14,14,11,14,14,10,12,12,13,10,14,13,10,11,12,13,12,14,14,14,11,14,13,12,14,13,11,13,12,10,11,10,14,11,11,14,0,12,11,11,13,13,14,13,13,10,11,13,14,14,10,13,10,14,14,12,10,10,13,14,11,13,13,10,12,13,14,13,14,10,13,10,11,13,11,10,12,11,14,12,13,14,12,14,12,11,11,10,10,13,11,13,13,11,10
10,10,14,10,10,11,13,14,13,11,10,12,12,13,13,10,13,10,11,11,11,10,14,12,11,12,13,13,11,13,14,11,14,12,11,10,12,11,14,11,14,10,0,13,12,12,14,14,12,11,12,13,12,12,10,13,14,11,12,14,13,12,14,12,10,11,13,13,14,11,13,13,12,11,10,11,11,11,11,10,11,12,10,11,14,10,12,13,13,13,12,14,10,11,11,13,10,12,12,10
13,10,14,11,13,13,10,10,12,13,11,12,14,11,12,10,11,12,12,10,14,14,14,11,14,14,13,10,10,11,11,14,13,10,11,11,13,14,13,10,14,11,11,0,14,11,14,14,13,14,10,11,12,14,12,11,14,11,12,11,13,10,14,10,11,12,12,14,14,10,11,11,11,13,11,10,12,13,14,14,10,14,14,11,14,14,13,14,11,13,12,14,10,13,14,10,10,11,10,12
14,14,10,13,13,13,14,13,13,11,13,11,11,13,11,14,10,13,10,11,13,13,12,10,13,11,11,13,14,11,14,11,12,11,10,10,14,11,12,11,14,10,11,14,0,10,11,12,12,11,10,10,12,10,13,14,10,12,14,10,12,12,11,14,11,11,12,13,14,13,10,14,13,10,14,11,12,11,12,10,12,13,13,11,13,10,12,10,14,12,14,13,10,11,10,13,13,11,14,13
12,12,12,14,11,11,11,12,11,11,11,13,14,14,12,13,13,14,11,10,14,12,14,11,13,12,14,11,10,10,13,11,12,14,12,14,10,14,10,11,13,10,13,12,11,0,10,13,10,13,12,14,14,14,13,14,10,13,10,10,13,12,10,12,11,13,14,11,10,11,13,12,14,13,14,12,13,13,12,10,13,13,13,12,12,10,14,11,13,10,12,10,14,13,11,14,13,13,12,13
12,14,13,14,10,14,14,10,10,11,10,12,11,10,12,10,14,12,14,10,14,12,12,10,14,13,12,11,12,14,13,10,10,13,12,13,14,14,12,13,10,13,11,12,14,10,0,14,14,10,11,10,11,13,12,13,10,11,13,10,12,11,13,13,10,13,14,11,13,13,13,10,14,14,10,14,10,11,10,10,13,13,13,10,10,14,12,11,13,14,12,12,11,14,10,11,12,10,10,14
10,13,11,10,11,11,10,11,13,13,13,14,11,13,11,13,13,13,12,10,11,12,13,13,10,11,13,10,13,14,12,14,10,11,10,14,12,12,13,14,14,10,13,14,11,13,11,0,13,12,12,13,13,12,14,13,12,10,12,14,10,12,14,12,13,11,13,13,14,12,11,10,10,14,13,11,10,13,13,12,12,14,10,13,11,11,13,11,10,13,12,14,10,13,12,11,14,13,14,13
12,14,11,10,11,12,12,13,14,13,12,13,12,10,11,10,11,11,11,12,13,11,13,11,10,12,14,12,12,11,11,12,13,14,14,13,13,10,11,13,13,14,12,12,10,13,11,10,0,11,11,10,13,11,12,10,11,11,14,14,13,12,10,11,12,11,10,14,12,10,13,12,11,14,12,13,13,13,10,11,11,10,14,11,10,11,13,10,11,14,13,11,13,10,13,10,13,12,10,11
10,13,14,14,12,14,14,13,14,13,11,12,11,13,13,13,13,13,11,10,12,14,13,13,12,11,13,10,11,11,10,11,13,13,11,12,10,14,13,11,12,10,11,13,12,11,10,10,12,0,14,12,10,11,14,14,10,10,11,12,10,10,13,12,12,13,10,13,12,12,10,12,13,14,10,13,12,13,10,11,10,10,13,12,11,14,10,10,14,14,10,12,14,12,13,10,13,12,13,14
11,12,13,12,12,12,13,10,10,10,12,11,10,10,11,14,11,10,10,13,13,10,14,12,11,13,12,11,11,14,14,14,14,10,14,13,12,10,10,14,10,14,14,13,12,13,12,14,10,13,0,13,12,12,10,11,11,13,11,11,13,14,12,13,11,10,12,12,14,10,13,12,11,14,11,13,13,10,10,10,12,10,12,10,13,10,12,11,14,14,12,10,10,14,11,14,12,10,13,13
14,11,12,13,12,10,12,13,10,11,12,10,13,11,13,13,11,12,10,10,13,10,12,10,12,13,12,11,12,12,10,12,12,11,10,11,13,14,12,12,13,14,10,12,11,12,11,14,10,13,12,0,10,10,13,14,13,14,12,10,14,13,11,10,13,10,10,13,11,10,12,10,12,14,12,12,14,14,14,13,10,11,12,10,14,14,10,12,14,12,11,12,10,13,13,14,11,13,12,11
11,14,10,14,13,13,14,10,12,11,10,13,14,14,10,13,11,10,11,14,10,12,13,14,13,10,14,14,10,13,10,10,12,12,12,10,10,12,12,10,10,14,10,13,11,12,12,11,12,10,13,11,0,12,12,11,13,10,11,10,13,14,14,14,14,10,10,11,11,11,14,12,13,13,10,14,10,12,10,12,11,12,13,12,10,14,14,12,10,11,13,10,14,12,13,11,10,14,10,12
11,11,11,14,12,12,10,12,11,13,11,10,10,13,14,10,10,12,14,14,11,12,10,10,12,14,12,10,14,14,13,10,11,13,11,14,11,13,14,13,14,11,10,11,10,13,10,11,13,13,10,13,10,0,11,10,14,10,11,11,13,10,14,13,11,10,10,13,11,11,14,14,11,13,10,10,10,11,14,10,14,14,10,11,11,14,10,10,10,12,12,14,10,12,11,12,14,12,13,11
14,14,13,14,14,13,13,10,14,11,10,12,11,10,12,13,14,12,12,12,14,14,13,14,14,10,14,14,11,13,10,13,12,13,10,14,11,11,12,12,10,10,10,14,12,14,13,14,14,12,13,11,10,11,0,11,10,11,13,10,14,14,14,13,11,10,12,14,12,10,12,12,13,10,10,12,14,14,14,12,14,11,10,14,14,14,13,12,11,11,10,13,12,11,13,12,10,12,14,13
10,14,10,13,12,10,10,11,10,14,12,10,12,11,10,12,14,10,13,11,11,14,13,11,10,13,14,12,11,12,11,12,14,10,11,14,11,11,11,14,14,12,12,12,14,14,11,11,10,10,13,10,13,12,12,0,11,11,14,13,13,10,12,14,12,13,10,11,11,14,10,11,12,13,14,12,14,11,11,11,11,12,13,11,11,13,10,13,12,13,10,13,11,13,12,14,11,12,14,14
14,13,14,11,10,14,11,12,14,10,12,14,10,12,12,11,12,11,13,14,12,11,13,13,13,11,14,13,10,10,10,11,11,11,12,12,12,11,10,11,12,12,14,11,10,11,12,14,11,11,11,10,14,10,11,13,0,14,11,13,13,10,12,12,13,10,11,12,13,10,14,14,11,10,12,11,10,11,12,12,12,14,10,12,14,13,14,12,11,10,14,13,10,12,11,11,10,10,11,11
14,14,13,13,12,11,10,14,12,13,11,11,12,13,11,14,14,10,13,10,10,13,11,13,11,10,13,13,13,10,11,14,10,10,13,12,10,11,14,12,13,10,10,12,14,12,11,12,11,12,11,10,12,10,11,10,13,0,10,12,12,12,12,10,11,12,11,11,11,14,13,14,13,10,10,12,14,12,13,14,13,14,10,11,11,14,11,12,14,14,12,14,10,14,12,14,10,14,14,10
12,11,14,12,13,13,13,14,11,13,11,13,14,10,13,13,12,10,14,12,10,13,11,12,12,13,14,14,12,10,11,10,13,13,11,12,14,12,13,13,11,11,10,10,13,14,10,14,10,14,12,14,10,11,14,14,14,12,0,10,14,14,13,11,11,12,11,14,11,14,11,13,14,12,11,11,13,12,11,13,12,13,14,14,13,12,11,14,11,14,12,12,11,12,13,13,12,10,14,13
12,10,14,14,13,10,13,12,14,10,10,11,13,13,13,11,14,14,13,13,10,11,12,12,12,14,12,12,14,12,14,13,13,13,11,12,14,10,10,12,14,14,14,11,13,10,13,12,13,11,14,12,11,11,12,10,12,12,12,0,13,13,11,12,12,11,11,13,10,11,10,12,14,14,11,13,11,12,11,13,11,11,14,13,12,12,11,12,12,10,11,14,11,12,11,14,13,12,12,14
12,12,12,10,13,14,10,13,14,12,11,13,11,13,10,12,13,13,10,14,10,13,11,10,10,11,10,11,12,12,10,13,14,11,11,14,14,13,10,13,12,13,12,14,14,13,13,13,12,14,10,10,11,12,14,13,10,12,10,11,0,13,13,10,12,11,12,13,10,12,10,12,10,12,11,12,11,11,11,10,11,13,12,14,12,12,10,11,11,11,12,14,12,12,13,10,13,12,10,13
12,10,12,10,11,11,10,12,10,10,12,12,14,11,14,13,10,14,13,10,11,10,11,14,14,11,10,12,14,11,13,14,10,13,13,11,10,12,12,11,12,13,11,11,13,10,14,10,13,14,14,14,14,14,11,11,13,12,10,10,10,0,12,12,14,12,13,11,11,13,13,12,13,11,12,13,13,13,10,11,13,12,10,14,10,11,13,10,10,11,11,12,12,11,12,10,14,10,11,13
14,14,13,11,10,11,11,12,12,11,13,13,13,11,12,12,10,13,12,13,13,12,10,14,11,10,10,12,14,11,13,12,11,11,11,14,13,13,13,13,10,11,13,14,13,13,13,11,13,14,14,10,13,13,14,12,13,14,10,14,11,13,0,13,10,12,11,11,11,10,12,14,12,14,13,12,12,13,11,11,13,11,13,13,14,12,12,13,12,12,13,11,14,13,14,11,11,12,13,11
12,12,12,11,11,10,12,11,14,11,11,13,11,12,11,12,12,10,13,12,10,12,13,14,11,11,14,13,10,11,11,14,10,10,13,11,14,12,11,14,14,11,14,11,10,10,14,11,11,12,14,10,14,11,10,14,14,12,10,10,10,13,11,0,12,14,11,13,11,14,10,12,10,13,13,12,13,13,11,14,10,12,12,11,12,12,10,10,14,14,14,12,12,12,11,13,11,10,11,11
13,11,13,12,11,14,14,12,10,13,12,11,12,13,14,12,12,11,13,10,14,11,14,11,14,13,14,13,11,10,11,13,12,14,10,14,13,10,10,13,13,13,14,10,12,13,14,14,12,13,10,14,12,11,12,11,12,11,13,12,14,11,10,10,0,11,14,14,12,12,10,14,12,11,10,11,10,11,13,14,11,13,10,10,12,14,12,11,10,11,14,12,12,12,12,13,12,12,14,13
13,14,11,11,12,14,13,12,11,14,12,14,13,12,11,14,14,10,12,10,14,12,13,10,13,12,12,10,13,11,14,12,12,14,11,12,11,13,12,13,11,14,14,11,14,14,14,14,10,13,14,11,10,13,14,10,11,10,13,10,12,12,14,10,10,0,14,12,13,11,13,12,10,13,14,14,10,13,11,11,14,13,12,10,10,12,12,12,14,10,10,11,11,10,12,10,14,10,14,11
10,11,10,13,11,11,14,13,11,13,14,11,14,14,14,11,10,12,13,12,12,11,13,12,10,12,11,10,11,13,10,10,14,10,10,12,12,13,13,14,13,14,11,10,11,14,12,11,10,10,10,11,11,11,13,13,13,12,13,14,14,13,11,12,13,14,0,11,13,14,12,13,11,13,14,14,13,10,13,11,10,10,14,14,10,13,13,13,13,12,11,13,10,10,13,14,14,12,13,11
12,12,13,12,13,12,13,12,11,11,10,13,10,11,12,14,10,13,10,13,14,10,13,11,12,13,13,11,14,10,10,10,11,11,14,13,12,12,11,13,10,10,12,12,12,13,13,13,13,14,14,10,12,10,11,11,14,11,14,14,13,12,13,11,11,14,11,0,14,12,13,11,12,11,12,13,14,12,11,14,13,10,14,12,10,11,14,13,11,14,12,14,10,12,12,14,13,12,11,10
12,12,14,11,14,12,11,13,14,12,12,13,12,11,10,14,14,14,12,14,11,11,14,14,10,14,11,10,14,12,10,11,11,10,12,11,10,13,13,12,14,10,13,14,11,13,11,13,11,13,10,13,14,11,13,10,12,14,11,14,11,11,14,12,12,11,12,12,0,14,14,13,11,11,10,14,11,13,10,13,11,13,12,13,11,12,11,11,10,11,11,14,11,11,13,10,13,11,11,11
10,11,14,14,12,14,14,12,14,11,12,12,11,11,14,11,14,12,13,14,10,14,11,10,13,10,11,14,12,14,11,10,11,13,12,10,13,12,11,11,13,13,12,13,14,13,12,14,11,11,11,11,12,11,11,11,14,14,11,12,13,14,14,14,10,11,10,12,14,0,13,12,11,11,12,11,11,11,13,10,14,12,11,12,10,13,14,12,10,12,10,11,14,11,14,13,13,14,13,13
12,13,14,10,12,14,10,10,10,14,14,10,11,13,12,14,11,11,13,11,10,14,10,10,13,12,12,14,11,13,13,12,13,14,12,10,12,11,14,11,13,14,11,10,13,10,10,11,14,14,11,11,10,11,13,13,12,14,12,10,11,10,13,11,11,11,11,11,10,11,0,12,10,12,12,13,11,12,10,11,12,11,11,10,12,12,11,12,11,11,14,13,12,13,14,10,12,10,10,14
11,14,13,11,12,12,11,14,13,13,12,10,12,12,10,14,14,10,11,14,14,14,14,10,10,12,14,11,12,11,10,10,12,11,10,13,12,10,12,10,10,12,14,13,13,13,11,10,13,10,11,12,14,10,14,12,14,13,10,14,13,14,11,11,12,12,13,11,12,11,11,0,14,12,11,13,12,14,11,11,12,11,14,13,12,10,13,10,11,11,12,14,14,14,12,11,10,10,12,11
11,10,10,12,11,13,11,14,13,11,12,13,12,11,13,13,14,11,13,11,13,11,11,14,10,12,11,14,10,14,13,11,12,10,10,12,11,11,12,13,13,13,11,10,14,14,11,13,11,14,12,14,11,11,12,10,13,10,12,14,12,11,14,14,13,11,11,11,11,10,11,12,0,14,10,12,14,14,11,10,10,10,13,12,10,11,13,14,10,13,14,13,10,14,12,11,11,14,12,12
12,13,10,12,10,12,10,10,11,13,12,10,12,10,11,13,13,14,13,12,14,12,10,13,11,12,10,13,11,13,10,10,12,13,12,12,10,11,12,12,11,13,12,12,11,14,11,10,13,14,13,12,10,14,12,10,13,11,10,13,12,12,13,13,12,11,12,13,12,13,13,12,11,0,11,11,11,14,12,12,11,10,10,14,12,10,13,10,13,11,12,14,13,10,13,10,14,14,13,14
14,11,13,12,14,10,10,10,14,12,11,10,10,14,13,12,11,12,11,13,14,11,14,12,10,14,14,11,13,10,12,11,11,13,13,10,12,13,10,11,14,12,10,10,14,11,14,14,11,10,14,11,12,10,10,12,12,10,11,10,11,14,12,13,10,14,14,11,10,13,10,13,11,10,0,13,11,10,13,12,14,14,14,14,12,11,10,13,11,12,10,12,11,11,10,14,10,14,12,10
14,12,12,13,12,10,10,10,11,11,13,11,13,13,12,10,11,14,10,12,14,10,12,14,10,10,13,11,11,11,13,12,13,13,12,11,12,10,12,11,11,10,12,14,13,13,14,13,14,14,12,11,14,10,11,13,14,12,13,11,12,13,13,10,13,11,13,10,11,11,12,11,12,14,11,0,14,13,13,10,11,11,14,12,11,13,11,13,13,12,13,11,14,12,10,13,12,11,11,11
12,10,14,12,12,12,11,14,14,14,11,10,11,12,12,10,12,10,11,11,11,13,10,13,12,14,12,14,11,10,13,12,12,11,13,10,12,12,14,14,12,12,13,14,10,13,10,12,14,14,10,11,14,14,10,14,10,11,14,13,14,12,12,14,10,14,12,14,14,11,13,10,10,12,14,14,0,14,10,12,13,14,10,14,12,14,11,12,12,11,13,10,10,12,11,10,10,14,13,13
10,10,10,13,13,11,10,11,12,10,11,14,14,13,10,14,13,12,10,14,13,11,10,13,10,11,12,12,14,12,14,14,11,12,11,13,13,12,10,10,14,10,10,12,10,14,10,12,11,11,11,12,14,14,14,14,10,12,12,12,14,12,11,10,11,11,13,11,11,12,10,11,12,14,10,13,11,0,13,12,10,10,14,10,12,11,11,14,11,13,12,13,11,14,13,11,11,13,10,10
13,11,13,10,14,10,14,10,14,13,11,13,11,14,12,11,14,12,14,13,14,12,11,13,14,14,14,11,14,13,14,14,10,12,14,13,11,14,11,11,11,11,10,13,12,14,11,12,12,11,12,13,14,11,10,11,10,14,11,10,11,12,10,11,13,11,12,13,10,13,14,10,10,12,12,13,11,12,0,11,14,12,12,14,12,11,10,14,14,11,12,13,12,12,11,10,13,10,13,14
10,12,12,11,13,11,12,12,12,13,12,14,12,13,12,12,14,13,13,10,13,11,12,11,13,14,12,12,14,11,14,12,13,12,11,12,14,10,10,11,14,12,12,10,14,12,10,13,10,13,10,14,12,13,11,13,14,10,13,14,13,14,13,10,14,10,11,14,11,14,12,14,12,11,11,10,14,11,12,0,10,13,13,12,11,10,14,10,14,11,12,12,14,11,11,12,14,14,11,11
14,11,11,12,10,11,11,12,10,11,11,14,12,13,13,10,14,11,11,14,14,14,11,13,14,12,13,12,11,14,11,10,12,10,13,14,12,11,12,10,13,12,14,12,10,13,10,11,13,11,12,13,13,11,11,14,14,12,12,13,12,14,11,11,10,10,11,12,14,13,12,13,14,11,10,12,10,13,13,11,0,11,12,14,10,11,13,12,10,13,14,14,10,14,14,12,14,11,13,12
14,11,12,11,14,13,14,14,11,11,14,14,11,14,11,11,14,10,10,14,12,13,10,13,14,14,12,13,14,14,11,11,11,11,14,14,14,10,14,11,12,14,11,14,13,10,13,10,13,13,12,14,10,14,10,10,11,14,12,14,10,10,14,11,14,13,12,10,10,11,12,14,10,14,12,13,12,10,14,14,10,0,11,10,11,11,11,10,12,10,13,12,14,13,14,10,11,10,14,14
10,12,13,10,11,10,13,13,11,12,12,12,11,14,12,14,14,14,12,10,13,12,10,14,11,13,12,10,10,13,10,12,13,10,14,11,12,11,14,11,13,12,14,14,13,10,11,10,11,10,11,11,13,14,11,13,12,14,14,12,13,13,13,13,11,14,14,10,10,11,11,12,10,10,11,10,12,10,10,10,11,11,0,14,14,11,13,14,13,13,10,14,12,12,11,12,10,14,11,13
14,10,11,10,14,14,13,11,12,12,11,11,11,14,13,10,12,13,13,11,12,14,11,11,14,11,13,10,13,13,11,10,11,12,10,14,10,11,14,10,12,12,12,11,11,14,13,13,13,11,10,11,10,10,10,10,14,14,10,12,10,13,13,13,11,11,14,14,13,13,10,10,13,13,13,10,11,14,14,10,13,14,11,0,12,12,14,14,11,11,10,14,10,10,11,10,14,13,13,10
10,14,13,10,10,10,14,12,12,11,10,13,10,14,10,14,10,11,10,11,11,11,13,12,12,13,14,10,12,12,14,11,13,14,13,11,14,13,11,11,13,11,12,14,11,12,14,10,10,12,14,13,13,12,13,14,10,11,13,11,11,13,10,14,12,13,10,10,11,14,14,11,10,14,13,14,13,14,11,10,13,13,10,14,0,13,11,13,10,10,14,10,13,10,14,14,14,11,12,12
13,12,13,14,10,13,13,12,13,14,14,10,11,14,12,13,13,13,11,11,10,14,14,10,11,13,10,10,10,14,13,13,11,11,13,13,14,13,14,11,14,13,14,10,11,13,14,13,12,11,11,10,10,10,11,13,12,13,12,12,12,12,11,14,10,11,14,14,11,14,13,14,13,14,11,12,10,13,13,13,14,12,13,14,12,0,13,13,10,10,10,11,11,10,12,13,12,11,10,10
10,14,10,12,12,13,11,11,10,14,14,12,13,14,14,13,10,14,12,11,12,12,13,14,11,13,12,14,11,10,13,10,10,13,13,14,13,14,10,11,10,11,12,11,11,12,12,11,11,13,13,13,14,13,12,12,10,10,10,14,10,12,10,14,10,13,12,14,11,10,14,10,13,10,10,10,10,11,13,13,11,10,13,12,12,10,0,11,11,10,11,13,13,14,10,10,13,11,12,11
12,10,12,10,10,14,13,14,14,13,11,11,13,12,12,13,10,14,12,12,10,12,10,14,14,11,11,11,12,14,12,14,12,10,10,12,13,10,12,13,13,10,11,13,13,14,14,10,11,12,10,13,13,14,11,10,10,13,10,14,13,12,12,14,10,12,14,13,11,14,14,14,12,14,14,14,10,11,10,10,11,10,14,10,14,14,11,0,12,14,10,12,10,10,13,14,11,13,11,13
11,10,11,13,12,12,10,10,13,10,11,14,13,12,14,12,12,12,11,10,11,10,11,14,11,12,14,14,14,14,12,11,14,13,14,10,10,11,12,12,13,13,13,12,12,10,13,12,10,11,11,14,11,10,11,11,13,12,12,10,13,10,11,13,13,14,10,10,12,14,12,11,10,14,12,13,12,14,11,10,13,11,14,13,13,13,10,13,0,11,13,11,12,14,12,14,12,11,14,13
12,10,13,14,10,13,10,14,12,13,12,13,14,10,11,11,11,11,13,10,14,14,12,13,14,12,14,11,12,14,14,12,12,10,14,10,10,11,13,14,12,14,13,14,14,14,12,11,12,10,13,11,12,13,14,12,12,14,10,12,14,14,11,12,13,10,10,13,11,11,11,14,12,14,13,10,11,13,14,14,10,13,14,12,11,13,14,13,11,0,11,12,10,11,11,10,13,13,11,10
13,13,13,14,11,14,13,13,13,10,13,11,14,10,10,11,11,14,14,10,10,11,11,12,10,13,10,12,11,14,10,12,10,12,10,11,12,13,13,12,12,14,11,13,12,10,12,10,10,14,13,13,13,10,10,12,11,10,14,12,13,11,12,13,14,11,10,12,14,14,14,13,11,11,12,10,10,13,14,10,10,10,12,12,10,12,13,14,11,13,0,14,11,13,10,14,11,12,12,13
11,14,10,11,11,14,10,11,12,13,10,12,13,11,14,11,13,14,14,13,12,13,11,10,10,14,12,14,11,12,10,12,12,14,13,11,10,13,10,12,14,11,11,11,11,11,11,10,14,13,10,12,13,13,11,13,12,14,10,11,12,11,14,10,12,13,14,13,12,13,11,14,13,12,13,11,11,14,14,14,13,11,10,12,11,13,14,14,13,10,13,0,11,13,13,10,13,11,10,14
12,11,12,13,10,12,10,13,10,14,14,11,12,14,10,13,11,10,12,13,13,13,10,14,12,10,14,11,10,12,10,10,10,10,11,12,10,13,14,14,10,14,13,14,14,13,10,11,12,14,14,12,13,12,10,13,11,13,10,10,12,14,13,13,14,14,10,11,12,12,13,12,11,13,12,14,10,11,10,14,14,13,13,10,13,13,12,13,10,13,11,11,0,13,14,11,11,10,14,14
14,13,13,13,10,10,11,10,10,14,10,13,10,12,11,10,14,11,13,10,10,12,12,11,14,11,11,14,12,11,11,13,10,11,10,11,11,14,13,14,11,12,11,14,10,14,10,14,12,13,12,10,12,14,13,12,11,12,14,13,13,12,13,13,12,12,12,14,11,14,14,10,12,13,13,13,10,12,10,14,10,12,12,14,14,11,10,11,12,13,10,13,10,0,14,11,14,13,12,11
13,12,11,13,12,13,12,12,14,10,10,12,13,11,14,12,11,10,14,14,10,11,10,12,13,14,10,14,12,11,14,14,12,11,12,12,14,13,14,10,12,14,11,11,11,10,11,12,10,11,14,14,14,13,10,12,11,14,10,12,12,12,14,12,10,10,14,11,14,12,13,12,10,13,12,11,14,13,10,12,12,13,14,11,12,14,10,14,10,10,10,14,13,12,0,13,10,10,13,10
11,11,10,12,13,13,11,14,10,10,14,12,12,14,13,14,13,13,13,10,10,14,14,11,13,11,13,14,12,10,12,10,11,13,14,10,12,10,10,13,10,10,10,14,10,13,12,10,10,13,14,11,11,12,14,11,11,13,14,12,14,12,11,10,13,13,10,14,14,12,11,12,12,10,10,10,14,10,10,10,13,13,14,14,10,10,14,13,13,12,14,13,11,13,13,0,12,13,14,10
11,12,12,10,12,11,12,14,11,12,14,11,11,13,14,13,10,12,12,14,13,14,12,11,12,13,12,11,14,11,12,11,10,14,13,12,10,12,11,12,13,10,13,11,13,11,12,10,11,14,12,14,11,10,12,12,10,11,13,14,13,10,14,14,14,13,11,11,14,11,12,13,11,14,11,12,11,11,12,10,10,12,14,14,13,12,14,14,11,11,12,14,13,11,13,12,0,11,13,11
10,10,11,10,10,11,14,13,11,13,10,10,14,14,13,14,11,11,10,11,11,13,11,14,12,14,13,10,14,11,14,11,13,14,11,10,13,11,14,12,14,14,13,11,11,11,13,14,10,12,12,10,10,11,10,12,13,11,13,10,13,13,13,10,14,14,12,14,12,12,11,14,12,12,12,12,14,10,13,11,11,13,14,12,13,13,10,11,14,13,11,11,13,13,14,10,10,0,13,11
12,13,13,12,12,10,13,13,13,14,12,13,13,13,11,14,14,14,11,11,11,13,10,10,13,10,14,11,13,12,11,11,11,13,10,13,12,11,11,11,10,10,11,11,11,10,13,13,12,14,14,11,14,11,10,13,12,13,13,12,11,12,14,10,12,11,11,10,12,13,11,13,12,14,11,11,12,13,13,13,12,10,14,14,13,10,12,14,13,12,10,13,13,14,14,13,10,11,0,14
10,13,12,10,13,12,11,14,14,14,14,11,13,10,10,10,10,13,10,12,12,13,11,12,10,13,12,14,12,10,13,10,10,14,13,14,14,10,10,11,11,11,13,10,14,11,11,13,13,14,13,10,10,14,11,11,12,10,10,10,10,11,11,14,11,13,10,14,12,10,11,10,12,13,10,10,10,11,13,13,12,14,11,13,11,13,10,11,13,11,12,13,10,10,11,10,14,14,13,0
