R=100
Pi=(17,14,11,19,11,13,18,14,12,10,17,10,10,15,13,12,17,12,17,10,10,13,13,17,18,18,16,19,10,16,19,19,11,10,13,18,16,17,16,10,10,12,12,14,19,15,10,14,13,14,16,16,10,18,15,14,10,14,10,12,16,18,13,15,10,17,19,19,11,15,15,19,15,16,10,18,10,18,17,13,17,11,15,16,10,13,19,12,14,19,17,12,16,13,14,11,19,17,14,11)
A=
1,2,33
2,3,0
3,6,20
6,9,37
10,11,30
12,13,0
13,14,0
14,15,0
15,16,31
16,17,0
17,18,0
18,19,27
21,22,0
22,25,0
27,28,0
28,29,0
32,33,29
36,37,0
37,38,0
38,39,39
39,40,0
41,42,32
42,43,0
43,44,0
45,46,29
46,47,22
47,48,0
51,54,28
55,56,30
58,61,25
63,64,29
64,65,27
66,67,32
67,68,0
69,70,0
70,71,20
71,72,0
72,73,31
73,74,0
78,79,32
79,80,0
80,81,0
81,82,0
85,87,0
86,88,0
88,90,39
89,91,34
91,93,36
94,96,21
97,99,35
Sij=
0,14,14,14,11,11,13,12,11,14,13,13,10,14,11,14,13,10,10,14,12,11,13,10,12,10,14,11,12,11,10,12,14,12,13,14,10,14,13,10,13,10,11,11,12,12,11,13,10,13,10,14,13,14,11,12,10,14,11,10,12,11,10,10,13,11,13,13,10,11,13,14,11,10,11,11,10,12,12,10,14,11,10,13,10,11,13,10,10,11,13,11,12,12,13,11,10,10,12,11
13,0,12,12,14,10,11,12,13,12,10,11,13,11,11,11,10,11,11,10,12,12,13,12,14,12,11,12,14,11,10,11,14,10,11,11,11,14,11,13,14,14,10,12,10,14,10,14,10,10,12,10,13,10,10,13,10,10,12,11,13,13,12,11,12,14,11,12,14,10,14,11,14,12,11,12,11,10,11,10,11,12,11,13,14,14,12,14,14,13,10,11,11,10,10,10,11,14,10,11
12,13,0,14,10,11,11,10,10,14,12,11,10,13,12,14,11,12,14,12,12,11,12,13,11,10,13,14,14,12,10,11,12,14,10,12,13,12,10,12,13,14,11,10,12,11,14,12,14,10,14,13,11,11,13,14,10,14,12,10,12,11,11,13,13,10,13,10,12,14,10,13,11,11,14,13,14,11,11,10,10,11,10,13,13,11,14,10,11,11,12,13,14,10,14,11,12,13,11,11
12,13,10,0,14,10,10,12,10,12,14,14,13,13,12,14,11,10,13,14,11,10,12,13,10,11,11,13,10,12,12,11,11,14,14,12,11,10,10,13,12,14,14,13,12,12,13,14,11,10,13,11,13,14,14,10,14,14,14,13,13,11,11,12,10,13,13,13,14,10,12,10,14,10,11,12,11,14,11,13,12,12,12,10,13,11,12,11,10,14,12,12,11,12,14,11,12,11,13,13
14,10,10,11,0,12,12,11,12,12,12,14,10,13,10,10,11,14,11,14,14,10,11,13,14,12,10,13,12,10,10,14,14,11,13,14,12,11,10,12,10,14,14,14,12,10,12,14,11,12,13,11,11,12,14,12,13,11,11,14,12,14,14,12,11,12,10,13,14,11,12,14,14,14,13,14,11,11,11,14,10,11,12,14,11,14,13,11,12,10,11,11,10,10,10,11,14,12,12,10
14,13,14,14,10,0,14,12,11,14,14,11,11,10,11,14,10,11,10,10,12,13,13,11,14,10,11,14,13,14,11,14,13,13,11,14,11,12,12,14,12,12,11,12,12,14,14,10,13,11,14,14,14,11,10,11,11,12,10,14,14,14,13,12,12,14,12,12,14,11,12,13,14,10,13,10,12,11,13,10,10,10,10,11,14,11,14,12,13,10,13,14,12,13,10,12,13,13,14,13
11,12,11,11,14,11,0,10,13,13,10,13,14,13,14,13,13,14,12,13,10,10,10,14,14,13,13,10,10,10,10,11,13,11,10,13,13,14,14,12,12,10,10,14,12,11,13,10,12,14,11,13,11,10,13,12,11,13,11,13,10,11,10,13,12,14,10,13,13,11,14,14,10,14,10,10,14,10,11,13,14,12,13,10,14,12,14,13,12,12,11,10,12,10,11,11,10,12,12,13
10,10,11,11,14,12,13,0,11,14,13,13,10,12,13,13,12,12,14,13,10,14,12,10,11,14,14,12,14,12,14,14,11,13,12,12,14,10,12,10,11,13,13,13,13,13,11,13,13,12,13,13,11,14,11,14,13,10,10,11,10,14,14,14,10,14,12,12,14,11,14,11,10,13,11,11,10,13,11,12,13,11,13,11,13,10,13,12,11,12,13,13,10,10,10,11,14,13,13,14
11,13,13,11,12,12,12,12,0,12,10,13,10,13,13,13,14,11,12,10,14,11,10,10,12,13,10,11,10,12,14,12,11,14,12,10,14,12,12,13,11,12,10,14,11,13,12,14,11,12,11,10,11,13,14,12,11,12,11,12,12,10,12,10,12,12,11,10,11,12,13,11,13,13,13,11,11,10,14,13,10,10,10,12,11,13,10,13,10,14,14,11,11,14,11,11,10,10,12,13
11,11,13,13,14,10,12,12,10,0,12,11,10,13,12,12,11,14,14,13,13,11,13,10,12,13,11,14,14,11,11,11,11,13,10,12,13,12,11,13,11,11,13,13,12,12,13,13,14,12,10,11,10,11,13,12,12,11,10,10,12,10,12,11,13,11,10,12,13,14,13,13,12,11,12,11,13,10,12,14,14,13,10,11,11,10,11,14,14,13,14,12,11,11,10,11,13,11,10,11
12,11,14,14,14,12,13,13,13,12,0,13,12,14,11,11,14,14,11,14,12,10,10,13,10,10,10,11,11,11,11,12,11,10,10,12,12,13,10,12,14,11,12,11,11,14,12,13,10,10,10,11,12,12,12,11,11,12,14,14,13,10,12,12,12,14,11,11,13,13,13,11,13,13,10,11,12,14,11,10,12,12,10,10,10,10,10,14,13,14,11,10,14,11,14,13,13,14,13,12
12,10,14,12,12,14,12,14,11,10,13,0,12,11,13,11,10,14,11,12,12,14,12,13,13,12,12,11,12,14,11,12,12,10,14,13,12,13,13,13,10,12,10,12,12,10,14,14,10,14,13,14,12,12,11,13,14,11,10,10,14,12,14,10,10,12,11,11,12,14,14,12,11,12,11,14,13,14,10,13,12,13,11,12,10,12,10,14,14,10,13,10,12,13,14,12,13,10,12,10
14,12,11,10,10,11,12,14,10,11,14,10,0,11,12,12,10,11,11,14,12,11,11,12,11,11,13,10,13,13,14,11,13,12,10,13,14,12,10,12,13,14,11,14,12,11,13,14,14,10,14,11,11,10,10,13,13,10,10,14,11,11,14,10,11,10,10,12,10,14,12,13,10,14,11,12,14,12,14,14,12,14,10,12,14,12,10,13,12,11,10,14,11,11,10,12,14,10,12,11
10,10,13,10,13,11,10,11,14,12,13,11,11,0,10,11,12,10,12,11,14,10,12,10,14,13,13,11,14,14,13,12,13,14,13,13,12,10,10,14,12,12,14,14,14,12,13,13,10,14,12,12,12,14,13,11,13,10,14,11,14,14,10,11,11,14,14,11,12,12,14,12,14,13,13,11,11,13,10,11,14,10,11,10,11,10,10,14,11,11,10,11,11,14,14,13,12,12,12,10
12,12,10,13,10,10,13,14,10,11,10,10,14,13,0,11,14,13,10,14,10,14,10,14,11,11,12,10,10,13,10,14,13,10,10,13,12,10,12,10,11,12,11,14,10,10,10,11,12,13,10,14,11,12,12,11,12,13,13,12,12,14,12,10,14,11,11,14,14,10,13,13,10,14,13,13,13,10,13,10,10,11,13,12,12,10,12,11,13,13,10,14,12,10,12,12,14,10,14,13
14,10,11,12,14,12,14,12,14,14,12,11,14,12,11,0,11,11,10,12,14,14,10,11,10,14,14,11,10,12,11,13,12,11,10,11,14,14,10,13,10,11,10,12,14,11,13,14,14,14,11,10,14,12,10,14,13,14,10,13,14,10,13,14,12,10,10,10,13,11,11,11,11,12,11,13,13,13,12,14,10,10,12,11,10,10,14,14,11,11,13,10,13,11,14,10,12,10,14,13
10,13,10,13,12,14,14,11,11,11,10,10,11,10,12,13,0,13,12,14,12,10,10,13,12,13,10,13,14,13,11,10,13,13,13,14,12,14,14,13,10,11,12,13,14,10,12,13,12,14,10,11,14,11,12,12,10,14,13,10,11,11,10,13,14,11,12,11,12,11,10,14,14,14,13,11,13,11,14,11,10,12,11,14,12,14,10,11,11,11,13,13,11,14,11,14,11,14,14,13
13,10,10,10,14,10,12,10,13,11,14,14,14,11,14,14,10,0,10,10,14,10,10,10,11,13,11,12,10,13,13,14,13,12,11,12,14,11,10,10,11,12,10,13,10,11,14,13,10,14,11,14,11,13,14,12,13,10,13,11,12,13,12,12,14,11,10,11,13,13,14,13,14,14,13,12,14,11,14,10,14,13,12,10,11,14,13,10,12,13,14,14,12,13,13,13,14,13,14,14
10,12,14,11,14,12,14,11,14,11,12,12,10,13,12,13,10,11,0,10,14,12,10,14,14,14,10,10,11,11,10,13,11,12,10,10,11,14,10,10,13,14,11,10,11,10,12,13,14,10,14,13,12,13,14,11,10,13,14,12,14,12,13,10,14,13,11,14,10,12,10,14,14,10,11,10,10,14,12,13,12,11,11,10,11,11,10,13,12,14,10,13,14,12,11,11,11,11,11,13
13,12,13,11,10,10,13,12,11,14,10,10,10,10,10,12,10,13,14,0,12,12,13,12,11,12,12,14,12,14,10,14,14,13,13,10,14,13,14,10,11,13,13,11,13,13,14,12,13,12,14,10,13,12,13,10,10,10,11,14,12,10,11,12,10,10,10,12,11,10,10,13,11,12,12,14,14,12,13,12,12,14,11,14,10,14,10,12,14,12,10,14,11,14,12,10,12,10,10,13
12,12,11,12,11,10,13,10,14,14,11,12,11,14,11,13,14,11,12,11,0,14,13,12,13,10,11,11,11,10,12,11,13,11,10,10,10,13,13,13,14,10,10,12,10,11,12,13,12,13,13,11,10,12,14,14,14,10,12,11,10,13,12,10,11,12,12,11,11,14,11,10,10,12,13,10,13,10,11,12,13,13,14,13,11,11,10,11,11,10,11,10,11,11,13,10,13,10,11,13
13,10,11,13,12,13,10,13,14,14,10,13,13,14,13,11,14,13,13,10,11,0,11,14,10,13,11,14,13,14,12,11,12,14,12,14,12,11,10,11,13,10,12,11,12,10,12,11,11,13,11,11,10,12,10,12,11,11,11,10,10,13,11,13,12,13,12,13,10,10,10,10,13,12,14,14,13,10,11,10,10,14,13,10,12,10,10,10,13,10,12,11,10,10,10,10,13,14,14,14
12,13,10,11,12,11,12,13,12,10,13,11,14,11,14,10,10,11,10,11,12,12,0,14,10,12,14,14,12,11,14,10,13,10,12,12,11,14,11,12,11,13,12,13,13,11,11,12,14,11,14,10,12,13,13,12,10,13,10,13,13,11,10,11,13,14,14,10,11,13,12,11,13,14,14,13,14,14,11,13,10,11,10,11,12,14,13,10,12,10,12,13,14,13,13,10,13,10,14,13
11,11,10,10,13,13,11,12,14,10,12,10,11,11,12,12,10,13,14,13,11,14,12,0,11,11,14,11,10,10,13,14,13,14,13,11,14,11,10,12,13,12,10,10,12,12,11,11,12,10,11,14,14,11,11,12,12,13,13,14,14,11,11,12,10,10,13,11,13,14,12,10,10,11,10,11,10,13,10,14,14,13,14,10,14,14,10,12,13,11,14,11,13,10,13,12,11,13,14,12
14,10,12,12,12,10,14,13,10,10,11,13,13,14,14,10,12,11,12,11,14,10,13,12,0,10,11,12,14,13,13,14,11,14,12,14,14,10,11,12,13,14,12,12,13,14,11,12,14,11,12,10,10,11,13,12,13,11,10,12,10,13,10,10,12,10,10,14,10,14,10,10,10,13,13,11,12,13,10,12,14,13,12,13,10,12,14,10,10,14,11,12,14,13,12,14,14,12,10,12
13,11,12,14,10,11,14,12,12,12,10,10,11,12,12,12,10,12,14,14,11,14,13,10,12,0,12,10,12,10,13,12,14,12,12,13,12,11,13,12,13,12,12,12,13,14,11,11,12,10,10,14,12,12,10,11,13,12,11,11,13,11,12,11,13,14,10,12,13,13,10,10,12,14,10,11,14,12,10,11,11,10,13,11,10,14,14,11,11,11,10,14,14,11,14,12,10,10,14,13
13,13,12,13,10,14,11,12,12,14,11,11,12,14,14,12,13,11,10,14,10,14,10,11,13,10,0,10,10,10,13,11,13,12,12,13,13,13,14,10,11,13,12,14,12,14,13,12,10,11,11,14,13,14,14,13,14,13,10,14,10,13,10,11,14,12,13,13,14,11,11,14,13,10,14,11,12,14,12,12,10,12,10,14,13,13,12,13,13,14,14,10,12,10,10,12,12,10,10,14
11,14,12,14,14,12,11,12,10,13,10,14,10,13,13,12,13,11,13,10,10,14,10,10,11,11,12,0,12,10,12,13,12,14,13,11,11,10,11,14,10,12,14,13,14,13,10,14,13,11,13,14,11,12,14,14,11,13,12,12,13,10,13,12,13,10,13,14,12,12,12,12,11,11,12,12,10,11,11,11,11,12,13,11,11,12,12,10,10,13,14,13,12,13,11,10,14,12,14,14
10,10,12,10,14,11,12,14,14,11,14,14,11,11,11,11,11,12,10,10,12,12,14,13,12,13,14,13,0,10,12,13,13,11,12,10,10,14,12,11,10,10,13,10,13,14,10,11,11,12,14,13,11,11,14,11,12,11,13,13,10,11,14,13,11,12,10,12,14,10,10,11,13,10,10,14,14,11,10,14,12,12,13,10,11,14,12,11,11,10,12,14,10,14,11,13,11,14,13,10
13,12,12,10,12,13,14,11,11,10,12,11,10,14,11,13,13,13,12,12,10,13,10,13,13,10,10,14,14,0,11,13,14,13,10,10,14,14,12,13,13,14,10,10,11,13,11,14,11,13,12,14,12,12,11,10,14,11,13,12,11,12,10,11,14,11,13,12,14,13,11,13,11,10,13,13,14,13,14,10,11,11,13,10,11,11,11,11,11,10,11,13,11,10,12,10,14,14,10,10
14,13,14,13,12,13,13,11,14,12,10,11,12,12,10,14,13,14,10,12,10,11,11,14,12,12,12,11,13,12,0,13,10,12,13,11,13,12,10,13,12,13,14,12,14,14,14,10,13,14,12,12,10,13,12,14,13,12,14,10,14,11,12,13,11,13,14,13,13,11,12,12,12,10,12,14,11,14,11,14,12,11,13,12,10,10,13,11,10,14,12,10,12,14,14,11,11,11,11,10
10,11,12,12,11,10,14,14,11,13,13,14,10,14,13,12,12,14,12,10,10,12,13,14,13,12,10,12,11,11,12,0,14,12,11,14,10,14,11,10,10,10,13,10,11,10,13,14,12,11,11,13,11,13,10,14,12,13,12,13,14,14,11,13,14,10,13,11,14,10,12,13,11,14,11,10,12,11,11,14,10,12,12,11,14,13,11,11,12,11,11,12,11,12,11,10,13,14,11,11
11,12,10,11,13,13,12,12,11,10,12,11,11,13,13,12,12,10,14,11,13,12,13,12,13,10,11,13,12,11,11,12,0,10,10,12,12,11,11,13,11,10,14,14,11,14,10,10,13,14,14,13,13,10,14,12,14,13,13,12,13,11,13,14,10,13,10,10,11,10,11,10,10,11,12,10,14,12,12,13,13,14,13,14,13,12,13,12,10,13,13,14,13,13,10,14,11,10,14,13
13,14,14,12,13,13,12,11,12,14,12,11,11,14,14,13,13,14,10,12,10,13,10,12,12,11,12,12,11,13,13,14,13,0,13,14,13,14,10,11,10,14,11,14,11,10,12,12,13,13,11,10,12,14,11,12,10,14,11,10,11,11,10,10,13,10,13,13,12,14,11,13,12,13,14,13,14,13,14,12,14,14,13,14,14,12,11,14,11,11,14,13,13,10,14,14,14,10,10,10
12,13,10,14,11,13,12,14,14,13,12,11,10,14,10,11,12,10,10,11,13,13,11,11,10,13,10,12,13,10,13,13,13,13,0,14,10,14,13,12,11,14,12,10,13,13,12,12,13,14,12,11,13,14,14,12,14,12,13,13,13,12,10,11,14,10,14,13,12,14,14,12,14,13,14,11,11,13,13,12,13,10,11,12,10,14,14,14,13,11,10,13,10,10,14,13,14,11,11,12
14,13,10,14,14,10,12,10,10,12,10,10,13,11,10,13,11,12,10,14,10,14,14,11,13,11,12,13,14,10,12,10,12,10,13,0,10,14,11,13,10,12,14,14,11,11,14,14,14,10,11,11,11,10,11,12,14,13,14,10,13,12,13,11,14,10,14,13,13,12,10,13,14,14,10,12,11,10,13,10,13,11,13,13,13,13,10,10,10,13,13,11,10,11,10,12,13,12,10,10
11,11,11,11,10,12,12,12,14,14,10,14,14,13,11,11,14,10,13,10,10,13,12,14,14,13,12,13,13,13,13,13,10,13,13,12,0,10,12,13,10,11,12,11,11,12,14,12,11,14,13,13,13,14,14,14,13,13,12,12,11,10,14,13,11,10,11,13,10,10,14,11,12,11,12,13,13,12,11,11,14,11,10,13,10,14,10,14,10,14,10,13,12,14,11,10,12,13,14,11
10,10,11,11,10,12,11,11,11,11,11,10,12,10,12,10,14,10,13,11,14,12,12,11,10,10,13,12,14,12,11,14,12,14,10,13,10,0,14,13,12,13,13,12,14,12,14,11,12,12,11,10,12,10,12,11,13,12,14,11,14,14,14,11,13,10,11,12,13,10,13,10,10,11,11,13,11,10,13,13,10,14,10,10,13,12,14,14,10,12,12,11,10,13,14,12,13,11,13,14
11,11,12,12,13,11,10,10,13,13,10,12,14,10,10,14,13,14,13,11,10,12,12,10,12,12,14,12,12,13,14,14,11,13,12,13,11,13,0,11,12,12,13,10,11,12,14,11,14,12,10,14,14,12,12,13,13,14,12,14,10,11,12,12,10,13,10,11,10,13,11,12,14,12,11,14,11,11,10,12,13,11,14,14,12,14,10,11,14,10,13,14,14,14,11,10,14,11,10,12
11,13,11,11,10,12,14,12,11,13,11,12,13,14,10,14,11,12,10,11,13,13,11,10,14,11,13,10,11,11,14,10,11,13,10,10,14,13,13,0,14,14,12,10,11,13,11,10,14,14,11,13,11,10,14,13,13,11,11,12,13,14,14,11,10,13,10,11,10,13,10,14,13,14,10,11,11,13,14,11,12,11,13,11,14,12,12,14,12,14,12,13,13,10,14,10,10,11,10,13
12,10,10,10,13,12,14,12,10,12,12,14,11,10,14,12,10,12,11,12,10,11,13,11,11,12,11,13,14,14,10,14,13,11,13,12,10,13,12,12,0,13,10,14,14,12,13,11,13,10,11,14,12,14,12,12,11,11,14,14,11,10,11,13,10,12,12,11,10,11,12,12,12,10,13,14,10,12,14,14,12,10,12,12,12,10,12,14,10,14,11,10,11,13,11,11,12,12,13,11
14,11,11,11,12,14,11,12,10,13,11,14,12,10,11,10,13,13,10,10,10,13,11,10,10,12,10,14,14,12,12,13,13,12,14,10,14,10,14,12,13,0,14,13,11,12,11,13,11,11,10,13,13,11,12,11,11,10,10,11,10,14,12,13,13,11,13,10,14,10,11,11,12,13,13,12,10,14,14,13,13,14,14,12,13,14,13,12,11,11,13,14,13,13,14,13,10,11,10,14
13,11,13,10,10,14,10,14,12,10,10,11,11,12,13,11,14,10,10,14,13,11,14,12,12,11,12,13,14,14,12,14,14,14,14,12,10,14,11,14,13,13,0,14,10,10,11,13,11,10,12,14,10,11,10,11,12,11,11,13,14,12,11,10,13,13,11,12,11,13,11,11,14,13,10,10,14,12,13,11,10,12,11,13,11,10,11,13,13,13,11,10,13,10,12,11,12,13,10,12
14,14,12,12,14,11,14,12,10,14,12,14,12,14,13,12,11,13,13,12,11,12,13,13,11,10,12,13,10,14,13,11,11,10,11,10,10,13,13,10,11,14,13,0,13,10,11,13,14,12,10,10,13,14,13,11,11,10,13,10,14,13,10,11,11,11,11,13,11,12,12,11,12,14,13,11,11,14,10,12,14,11,13,11,10,13,14,11,13,14,10,10,11,12,14,11,10,13,11,12
14,13,11,11,10,13,12,13,11,11,14,11,10,10,10,12,14,14,10,12,11,14,10,12,12,11,10,10,10,11,11,13,12,12,12,11,10,12,10,12,10,11,10,11,0,14,13,10,10,11,11,12,11,12,14,11,10,13,14,13,14,13,12,13,14,10,11,14,12,12,14,12,12,13,13,11,10,13,13,12,14,11,14,13,13,14,10,11,13,11,12,13,10,13,11,13,13,12,11,11
13,14,12,13,12,14,14,12,13,12,11,12,14,11,14,12,14,14,14,10,10,14,10,11,10,11,11,14,12,10,13,12,11,12,13,10,14,11,11,14,10,13,12,10,14,0,14,13,13,13,13,14,14,13,10,11,13,13,10,12,11,13,14,14,13,13,14,10,12,13,14,13,12,12,10,10,12,11,14,12,10,12,12,10,13,10,14,13,10,11,14,11,13,13,14,10,10,13,14,12
10,14,10,10,14,10,11,11,12,10,13,12,13,13,11,13,10,13,11,12,14,10,14,11,13,12,14,14,13,14,14,13,12,12,11,11,12,11,11,13,13,13,10,10,12,12,0,13,10,11,11,14,11,12,12,12,10,14,13,11,12,10,12,13,13,11,10,14,11,11,10,10,14,12,12,13,10,14,14,14,11,14,13,12,11,14,12,11,14,14,11,12,13,10,13,12,11,10,12,13
11,12,11,13,11,10,10,14,14,13,12,10,14,14,10,13,11,10,11,13,13,13,10,11,10,13,11,14,14,10,12,10,12,10,12,13,12,10,10,10,13,13,11,11,12,11,12,0,14,14,10,10,11,13,13,10,13,12,10,13,13,13,11,10,14,11,12,12,14,11,12,10,11,14,11,10,14,12,13,14,14,11,12,14,13,14,11,11,13,10,14,10,12,11,12,11,11,13,12,10
10,13,12,13,11,10,13,11,12,13,10,10,14,11,14,11,11,12,11,14,14,10,13,13,11,11,13,10,11,14,13,11,14,13,14,10,13,14,13,13,10,14,14,10,10,13,11,10,0,12,10,10,14,12,12,10,14,14,13,11,14,11,13,14,12,10,14,11,10,12,13,13,12,14,13,13,14,11,13,13,13,10,12,12,11,14,13,14,11,12,14,11,14,12,13,11,12,10,11,10
10,12,10,13,14,12,12,10,13,14,10,13,11,10,13,14,13,11,13,13,12,10,14,13,12,11,13,14,10,11,11,14,14,13,13,10,14,13,13,14,11,12,10,12,11,10,10,14,14,0,13,12,11,11,13,12,10,13,12,11,12,13,13,14,12,13,11,14,12,12,12,14,10,12,14,11,14,14,11,11,12,11,14,14,12,13,14,13,11,10,12,11,12,12,10,10,13,12,13,14
10,11,12,12,11,14,12,13,12,11,13,10,12,10,13,11,13,13,12,13,13,12,12,12,14,11,12,12,11,13,13,11,11,11,11,10,14,12,12,12,10,11,11,14,11,11,14,11,14,14,0,12,14,10,14,11,12,13,14,12,10,12,10,11,13,13,12,14,10,14,12,12,11,10,14,12,11,11,13,10,13,11,10,13,12,11,13,11,11,10,13,12,14,14,12,10,10,14,12,10
14,12,13,12,11,12,10,13,10,11,14,10,10,14,14,13,12,12,14,12,10,10,12,10,10,10,12,11,13,14,12,12,13,12,11,10,12,12,12,14,10,14,11,14,10,13,12,14,10,13,13,0,13,10,10,10,13,14,13,11,10,14,14,10,10,14,12,11,12,12,13,11,14,14,14,12,10,14,12,10,12,13,13,10,10,11,14,12,13,11,12,11,14,10,11,14,10,14,10,10
12,11,14,11,12,12,13,13,10,13,14,13,11,13,14,11,11,13,14,14,14,10,13,10,10,11,11,13,13,14,11,11,14,12,12,11,14,11,13,13,12,11,12,10,12,13,14,11,11,10,13,11,0,14,11,10,12,12,13,11,10,10,10,14,10,11,12,14,14,10,12,12,10,10,11,11,13,13,13,13,11,12,14,12,12,11,14,12,12,11,14,13,11,14,12,12,12,11,11,13
14,14,10,11,13,12,13,11,12,14,12,14,14,14,14,13,10,13,12,13,12,14,11,12,10,14,11,10,12,14,14,11,11,14,13,12,11,13,13,10,13,13,10,13,14,10,14,11,14,14,11,13,14,0,13,10,14,12,12,10,14,11,12,13,13,14,10,13,14,11,12,11,11,14,11,10,14,14,13,12,10,10,10,10,13,12,11,12,13,13,14,14,14,13,14,13,10,14,12,13
14,11,14,14,12,13,14,13,12,12,11,10,14,14,14,14,11,11,10,10,13,13,10,11,12,12,12,13,10,13,10,14,12,14,13,13,10,10,13,10,12,12,14,10,12,14,10,14,13,14,12,13,14,11,0,10,10,11,13,12,14,10,11,13,14,11,11,12,10,11,11,13,11,13,10,12,11,13,14,14,13,11,13,14,10,11,12,10,11,13,12,12,12,12,13,14,11,13,10,13
10,11,10,13,12,11,11,10,14,13,13,12,11,13,14,12,12,12,12,12,14,11,11,11,13,13,10,13,14,10,11,12,12,10,14,11,11,10,11,14,10,11,11,12,14,10,10,13,13,11,12,14,10,12,14,0,13,10,13,14,14,10,12,10,13,11,11,14,11,14,13,11,12,10,13,12,12,10,13,11,12,12,12,10,13,13,12,11,14,11,10,10,12,10,12,13,12,11,12,11
13,10,14,13,14,14,14,13,12,10,11,13,11,12,12,11,13,12,12,10,14,14,10,14,14,12,13,11,12,14,10,11,12,12,12,12,12,13,10,13,13,13,14,14,10,11,13,10,13,11,10,14,13,12,11,14,0,10,10,14,12,11,12,11,12,10,14,11,14,14,14,13,14,11,14,11,10,14,10,14,13,13,13,13,11,14,10,12,14,10,13,11,12,14,12,12,10,12,11,14
10,10,14,10,13,12,10,12,14,10,11,14,14,11,10,14,12,14,10,13,14,12,11,13,11,13,11,10,14,11,10,13,13,11,13,12,13,13,10,14,13,12,12,13,13,13,12,11,13,13,14,11,11,12,14,13,13,0,10,14,10,10,10,13,13,10,13,11,13,12,13,10,14,14,11,10,12,14,12,10,13,10,10,11,10,11,14,11,10,12,10,13,13,14,14,13,12,13,14,13
10,11,14,14,10,13,10,11,10,11,11,14,11,10,10,14,10,13,13,11,10,12,10,10,11,14,12,10,14,12,13,14,14,13,14,11,11,11,11,12,10,12,10,13,10,11,12,12,13,10,12,13,10,13,13,13,10,13,0,12,11,10,10,12,12,13,12,14,12,11,14,12,14,12,10,10,12,11,11,10,10,11,14,11,13,10,14,14,11,14,10,10,13,13,10,11,10,10,12,10
12,11,14,11,13,12,12,11,14,12,10,12,14,12,11,14,11,14,13,12,14,13,13,12,10,13,14,10,12,14,10,12,14,11,12,13,11,12,12,11,12,12,14,13,14,13,11,10,11,10,14,11,11,10,10,14,13,12,11,0,10,13,11,14,10,12,13,12,12,14,13,13,14,11,12,14,11,13,14,13,11,12,13,14,11,14,14,11,14,10,13,14,14,10,12,12,11,13,14,10
10,10,13,10,13,12,14,14,13,10,14,10,13,13,14,12,14,12,12,10,13,11,13,11,11,13,13,14,13,14,13,12,14,14,13,10,13,12,10,13,14,14,12,13,11,12,10,11,10,10,12,13,10,13,12,13,11,12,14,10,0,14,10,11,14,11,11,10,14,10,14,13,12,12,14,11,14,14,10,10,13,12,12,13,13,11,10,11,11,12,14,13,11,13,10,14,13,13,13,11
14,12,11,10,11,11,10,11,11,12,12,14,11,11,10,12,11,12,12,12,11,14,14,12,11,10,11,13,11,14,12,11,10,13,10,11,11,11,11,11,10,13,10,14,14,14,12,10,13,12,12,11,10,11,10,10,12,13,14,11,14,0,12,14,11,14,11,13,13,11,13,11,14,10,11,11,12,14,10,13,11,13,11,10,14,11,11,10,14,13,10,14,12,12,10,11,13,14,13,14
12,10,14,13,14,10,13,10,13,14,12,10,12,10,13,12,13,11,10,10,12,10,14,14,11,14,14,12,14,14,12,13,10,10,10,10,14,13,10,13,13,11,12,14,11,14,12,11,13,12,13,12,13,13,12,12,11,14,12,10,11,10,0,10,14,12,13,14,11,10,12,13,14,10,12,11,11,13,14,13,11,11,12,13,11,10,10,14,12,12,13,14,14,10,10,11,13,10,12,12
12,14,10,11,11,14,14,11,11,11,10,13,11,10,10,13,14,11,14,13,11,14,12,13,12,13,13,13,10,10,13,11,10,12,11,12,11,10,12,12,11,14,12,10,12,14,12,14,10,11,12,12,11,13,10,13,12,11,14,12,10,10,10,0,11,13,14,12,14,14,13,12,13,13,11,12,12,11,11,11,12,11,14,13,14,13,11,10,12,11,13,14,10,11,14,11,11,13,11,12
12,11,12,14,12,14,13,13,14,11,13,12,10,14,11,11,10,11,11,13,12,13,10,13,11,13,12,12,13,14,10,13,14,13,13,11,13,10,11,14,14,12,10,10,12,11,13,10,14,13,11,14,12,13,10,14,10,14,13,13,12,10,14,14,0,10,10,12,12,11,10,13,10,10,11,13,14,12,10,10,10,14,12,13,10,13,11,10,11,13,14,10,14,11,12,12,13,13,11,14
12,13,11,13,14,14,10,13,10,14,10,11,10,13,13,13,10,12,14,11,14,14,11,13,11,14,13,13,13,14,10,11,11,10,13,11,12,13,13,10,12,13,10,11,12,13,10,11,13,13,11,11,14,10,10,12,11,13,11,10,10,12,10,10,14,0,14,14,14,14,11,11,12,13,13,13,11,14,14,10,13,13,12,14,14,13,13,12,11,10,11,10,14,11,13,14,10,12,14,12
12,13,11,11,12,12,14,12,10,11,14,12,12,12,13,11,13,12,11,12,10,12,13,13,12,11,11,10,10,13,13,13,10,12,13,14,12,11,12,11,13,11,11,14,11,13,13,12,13,11,11,12,11,11,11,10,10,12,13,11,11,13,11,12,13,10,0,12,14,14,13,14,12,10,14,13,13,10,13,12,13,12,14,12,14,11,10,12,13,10,12,13,14,12,10,10,10,14,14,11
11,11,13,13,14,11,14,12,11,13,13,14,12,10,14,13,12,11,12,10,13,13,13,14,11,10,14,14,14,14,13,14,11,12,11,12,14,10,13,12,12,12,10,10,12,13,11,14,12,11,12,13,11,13,13,13,12,14,11,13,12,14,13,12,14,13,12,0,10,14,12,14,11,13,10,13,10,12,13,11,13,13,10,12,12,11,14,12,13,13,12,14,10,13,14,14,12,14,12,10
13,10,10,10,14,12,11,10,10,10,12,10,14,12,13,10,12,12,10,11,10,11,14,11,11,13,14,12,13,10,10,11,10,13,13,12,12,14,12,10,14,14,11,12,11,12,14,12,10,14,12,10,13,10,14,12,11,14,14,11,13,13,11,10,14,11,10,10,0,14,11,12,12,14,10,11,11,14,11,10,13,13,11,12,14,12,10,12,14,13,11,11,13,10,11,11,10,12,11,13
14,12,14,13,14,12,10,10,13,14,13,12,14,13,10,12,12,11,12,12,14,13,10,11,13,14,13,12,13,13,10,14,13,13,10,11,14,12,12,12,12,14,14,10,10,13,11,14,14,13,14,14,14,14,13,10,11,12,10,14,13,13,12,14,13,14,14,11,12,0,13,13,14,13,14,14,10,14,10,11,14,12,13,12,14,14,11,14,14,14,10,10,11,12,13,14,14,11,14,11
10,14,10,12,11,10,14,10,14,14,13,11,10,11,10,11,14,11,13,10,11,14,10,12,12,13,12,12,10,10,10,13,14,13,10,10,12,11,11,13,14,11,14,10,10,13,14,14,11,11,14,13,13,14,10,11,14,12,14,12,13,12,14,13,13,10,11,11,11,10,0,14,13,10,10,11,10,14,14,11,13,14,12,11,14,11,12,10,10,13,14,11,10,11,13,14,11,11,11,11
10,12,12,13,10,11,11,13,12,13,14,11,14,10,10,12,11,11,14,12,10,14,11,13,12,13,14,11,11,10,14,13,13,13,11,11,12,14,10,12,10,14,12,12,14,12,12,14,11,10,13,10,11,13,10,10,10,14,10,12,12,14,11,12,14,10,12,10,13,13,10,0,11,10,11,11,11,12,14,13,14,11,14,10,10,11,13,11,14,12,11,11,12,13,13,10,10,12,14,13
13,14,11,10,12,10,11,14,14,11,14,12,11,10,10,10,12,14,11,11,10,13,13,13,12,12,13,13,12,11,11,13,12,11,10,14,10,14,12,10,14,13,11,12,12,13,14,12,12,12,12,11,11,13,12,14,11,12,13,14,11,13,12,13,10,11,10,10,14,10,10,13,0,11,10,11,11,12,10,11,13,13,11,10,14,14,10,11,14,13,11,13,12,11,13,13,11,11,13,12
10,13,13,12,11,12,14,14,10,12,11,12,11,11,14,11,10,13,13,14,10,10,10,12,13,12,13,12,13,12,10,10,13,13,11,10,14,13,13,11,14,10,10,12,12,13,12,11,11,11,12,13,12,14,11,14,12,11,13,14,14,12,11,13,11,10,13,13,10,14,11,12,14,0,11,14,10,10,13,14,14,10,12,10,11,14,11,12,14,11,11,12,12,10,14,12,12,13,11,10
11,10,14,10,12,14,10,13,11,14,11,14,13,11,13,13,11,11,14,14,14,12,14,11,13,11,13,11,10,13,11,11,13,13,12,14,11,11,13,11,13,13,11,14,10,11,13,11,11,10,10,10,14,12,10,13,10,12,12,10,10,14,13,12,13,14,11,10,13,13,12,10,13,12,0,11,11,11,10,10,12,12,12,10,14,12,10,12,11,12,13,14,13,14,12,11,14,14,13,10
10,10,13,12,12,12,10,12,11,11,13,12,10,12,10,12,13,13,13,10,12,12,10,12,14,14,14,11,10,11,11,12,13,14,14,11,14,10,12,12,12,13,11,10,14,11,14,11,14,10,12,10,10,13,13,13,10,11,12,13,13,14,11,14,14,11,13,10,12,13,13,12,11,11,13,0,13,11,10,13,12,10,12,11,10,13,11,11,10,10,11,11,13,13,14,13,12,12,11,10
12,13,13,14,10,12,10,14,14,14,14,12,10,13,14,12,10,12,10,10,12,10,13,14,10,12,10,14,11,13,10,11,14,14,10,14,11,13,10,13,13,11,12,10,11,13,10,14,13,11,12,10,11,11,12,12,10,13,13,13,12,10,12,10,14,13,12,11,12,14,10,12,11,12,11,11,0,13,12,13,11,11,10,10,14,10,10,14,13,11,13,14,13,14,12,11,13,14,11,10
12,11,14,12,13,10,14,13,14,14,11,13,12,10,11,11,12,14,12,10,14,13,14,14,13,10,12,12,14,11,13,12,12,11,10,10,12,12,11,14,10,11,10,13,14,14,12,13,12,11,14,13,11,10,11,14,11,14,13,13,13,11,14,13,11,14,11,10,14,10,14,14,12,13,14,12,13,0,11,14,14,12,14,10,13,12,14,10,11,10,11,14,12,14,13,10,13,12,12,12
10,13,11,13,12,11,14,10,12,11,14,10,10,10,14,10,14,11,11,10,11,13,10,14,13,11,11,10,14,13,10,14,11,13,14,10,11,10,13,11,12,14,13,10,10,10,14,12,14,12,11,12,11,11,11,11,12,11,10,10,10,14,11,14,10,14,14,11,10,13,14,13,13,14,13,12,10,10,0,14,12,12,14,10,12,11,13,13,14,12,12,12,14,14,12,11,13,13,14,14
11,11,12,11,11,12,13,13,11,12,13,11,12,12,13,13,10,13,13,12,11,11,14,13,13,10,10,13,11,13,14,13,10,10,12,11,14,13,14,14,13,10,11,12,13,11,10,11,11,14,10,14,14,12,12,14,11,13,13,10,12,14,12,12,12,14,10,12,14,11,13,11,14,14,13,11,10,12,10,0,11,10,13,11,11,12,10,14,13,12,13,10,10,10,13,12,14,13,13,14
13,10,12,11,14,11,13,10,10,13,11,14,13,13,11,10,13,12,10,14,12,10,12,10,11,11,12,11,10,11,14,13,11,13,11,10,12,12,11,10,13,14,14,10,10,14,11,12,13,13,13,11,12,13,11,13,13,12,10,13,13,12,10,13,13,13,12,10,12,10,12,11,10,14,10,13,11,12,14,11,0,10,10,13,12,12,13,10,12,12,12,12,10,11,13,11,11,14,10,11
12,12,11,14,12,10,12,10,13,12,12,12,10,13,14,12,13,13,12,11,14,13,14,12,14,12,12,14,12,12,14,14,10,11,11,14,13,10,10,11,10,13,12,14,10,10,12,11,12,10,13,12,11,14,11,14,12,13,10,10,13,12,13,10,13,13,11,14,11,14,14,12,13,11,10,11,11,10,12,13,10,0,11,12,11,14,11,13,11,14,12,12,14,10,14,13,12,14,11,10
12,14,12,14,12,11,10,14,14,13,14,13,11,11,11,10,11,10,11,10,12,14,14,10,14,12,14,12,13,12,13,12,14,14,10,14,12,11,14,14,13,12,13,12,14,14,10,13,13,14,11,11,13,11,13,12,14,12,10,14,12,13,10,12,14,12,14,12,11,12,12,10,10,11,12,10,11,12,10,10,12,10,0,13,14,11,12,13,13,11,13,14,14,11,14,12,14,11,10,13
12,14,12,12,11,12,11,10,11,13,12,10,12,12,14,12,12,10,11,11,12,13,11,11,12,12,13,14,11,14,12,13,10,13,12,10,10,13,11,11,14,11,12,14,13,12,12,11,11,12,10,14,10,14,10,13,13,10,14,14,13,11,14,11,11,13,14,13,14,14,12,13,13,14,11,10,10,11,13,14,10,11,12,0,13,14,12,13,11,12,14,11,14,13,12,12,13,11,11,13
14,13,13,12,12,10,11,10,11,13,14,12,12,12,14,13,12,13,11,11,13,10,13,10,10,12,12,14,11,11,13,14,14,13,13,11,12,14,10,12,13,12,11,13,13,11,14,12,14,14,10,14,10,14,14,13,10,12,11,14,12,11,14,10,14,10,13,14,13,13,11,13,13,13,13,11,14,10,12,13,13,10,10,12,0,10,13,13,10,13,10,11,14,12,11,14,11,12,11,13
12,13,10,13,11,12,11,11,12,10,13,14,10,14,13,11,12,11,12,14,11,12,13,10,12,11,11,11,12,13,12,13,12,11,10,10,13,11,13,14,14,12,11,14,14,11,10,14,14,14,12,10,10,12,12,10,14,14,10,14,11,10,14,13,13,10,11,13,14,12,13,10,12,12,10,13,10,14,11,11,11,11,11,12,11,0,11,13,10,14,10,11,13,11,14,13,13,13,12,10
14,14,12,10,12,11,11,12,12,12,13,14,10,13,14,13,14,14,12,12,11,11,11,13,14,11,14,14,13,14,11,14,13,13,11,11,13,11,14,10,14,14,11,12,11,10,10,10,11,10,14,13,11,14,13,12,13,14,11,10,12,11,13,12,10,13,10,11,11,12,14,13,14,12,13,12,10,13,11,13,10,14,12,13,10,13,0,13,13,10,14,13,14,14,13,12,12,10,13,12
12,10,13,13,14,10,10,14,14,11,11,11,14,12,13,10,13,14,10,12,12,10,11,11,11,13,10,13,10,14,11,11,12,11,14,13,11,10,12,12,14,13,14,12,14,13,14,11,11,13,14,13,10,10,14,12,13,12,11,11,10,11,13,14,10,14,13,13,13,10,13,12,11,12,12,13,11,14,11,13,14,13,12,12,10,12,10,0,12,11,11,10,14,14,11,12,12,10,14,12
14,14,10,13,11,10,11,11,13,13,11,11,14,10,12,12,11,14,11,14,12,13,11,11,11,10,14,13,14,10,14,13,11,11,11,14,13,14,11,11,13,11,12,13,10,10,10,13,11,14,11,13,13,14,10,10,12,14,12,10,11,13,11,12,13,12,14,12,14,13,13,11,12,14,11,10,11,12,11,10,14,11,11,10,13,11,10,12,0,11,11,11,14,11,10,10,14,14,14,10
12,11,13,14,13,10,14,10,13,12,14,14,10,12,12,11,14,11,11,13,12,12,12,11,12,11,14,14,12,14,12,11,11,12,14,13,10,12,13,10,14,10,11,14,11,11,11,11,14,13,10,12,13,10,13,14,14,11,11,11,11,14,13,14,10,13,13,12,12,13,11,12,12,10,14,12,11,12,10,11,10,12,10,13,13,14,12,10,13,0,10,14,13,10,12,13,10,11,12,13
13,13,13,14,10,12,13,14,12,11,11,13,11,11,14,10,13,13,10,11,10,10,12,13,12,13,12,11,10,12,14,10,14,14,11,13,11,13,14,10,10,10,10,14,12,11,13,12,11,11,10,11,11,10,12,12,10,14,11,11,10,11,14,10,12,10,13,12,10,10,14,10,13,14,10,10,10,13,10,10,10,14,10,13,11,12,14,13,11,13,0,12,12,11,13,14,13,11,14,12
12,13,11,12,10,12,14,12,11,14,11,12,12,13,11,11,10,10,10,13,14,10,10,10,11,13,11,14,10,14,12,14,10,11,13,12,13,12,14,11,12,10,13,13,14,11,10,13,10,11,14,12,10,10,12,12,12,10,10,12,10,10,11,11,12,12,11,11,10,13,12,12,11,14,11,14,12,12,10,10,12,13,13,14,10,14,14,10,13,11,10,0,12,12,12,10,11,13,11,10
12,14,14,13,11,13,11,11,11,13,13,14,10,10,10,14,12,12,12,11,13,13,11,13,14,13,14,10,13,13,10,11,10,11,13,10,13,10,11,10,13,12,12,11,10,11,14,12,11,12,13,14,10,10,11,14,12,11,13,13,14,10,13,13,13,11,14,13,11,14,11,11,10,12,12,11,10,10,13,13,13,11,14,10,14,11,11,14,10,13,13,12,0,11,13,10,13,13,14,12
13,11,11,10,11,11,11,13,12,13,14,14,11,13,10,10,12,11,12,13,12,10,10,13,12,11,13,10,12,11,13,12,10,13,14,11,11,10,12,14,12,12,13,11,10,14,11,14,10,12,13,11,11,11,10,12,11,13,12,14,12,11,11,10,14,11,13,13,13,14,13,11,13,12,10,10,12,14,12,13,10,14,10,14,13,11,11,14,13,12,10,13,12,0,13,11,11,10,12,11
13,11,12,11,10,14,11,13,13,11,14,10,12,10,14,14,13,11,11,12,12,10,14,10,10,14,14,13,10,10,13,14,14,12,13,12,12,13,14,10,11,13,12,13,13,11,12,12,13,14,13,10,13,10,13,12,11,12,10,11,14,12,13,12,12,10,11,14,11,12,11,14,11,11,10,14,13,11,12,13,11,11,10,11,11,13,10,14,14,11,10,10,12,12,0,10,14,10,14,11
12,10,13,11,10,12,14,13,11,14,14,14,10,10,11,10,12,12,12,11,13,14,11,10,10,12,10,12,13,11,11,13,13,10,14,12,12,10,14,13,12,14,13,14,14,11,14,10,10,12,12,11,13,13,12,13,14,13,10,13,12,11,10,10,13,10,10,10,10,14,12,11,12,13,13,14,10,12,10,14,12,10,11,11,13,14,10,10,13,10,13,14,10,11,11,0,10,14,13,11
14,10,14,14,11,14,11,14,14,10,12,12,11,12,10,10,12,10,13,12,13,14,10,12,14,10,12,11,11,12,12,14,12,10,11,13,12,10,14,11,12,10,11,14,10,13,11,12,14,10,14,10,10,10,13,14,14,12,14,11,12,14,13,12,12,13,14,11,11,12,13,11,10,12,10,12,13,11,11,11,13,10,11,10,13,12,14,12,12,11,14,14,10,13,14,12,0,12,14,12
12,14,10,10,12,12,12,14,13,10,10,11,13,10,13,12,11,13,12,13,10,13,12,13,10,12,13,11,12,12,13,10,14,13,14,12,13,10,14,13,10,12,10,12,12,10,10,14,11,10,12,13,14,10,11,13,11,12,10,14,14,11,12,10,11,10,12,14,11,11,14,11,14,14,13,12,13,14,11,10,12,14,14,11,10,14,10,13,12,11,10,10,10,14,14,14,10,0,14,10
12,12,11,12,10,10,11,14,10,12,13,14,12,10,10,12,14,11,10,10,12,14,13,12,14,10,13,11,14,10,13,12,14,14,13,12,11,11,13,11,13,14,14,11,13,12,13,10,10,12,14,12,10,13,13,12,14,13,13,10,11,10,10,14,13,11,10,12,11,12,10,13,13,14,11,12,14,12,14,12,12,13,11,11,11,11,12,10,11,11,13,12,12,13,14,13,14,10,0,13
11,12,10,13,12,11,10,14,10,11,10,12,11,14,11,12,13,14,13,13,11,14,14,11,10,14,13,10,14,10,13,12,14,14,12,10,11,10,13,10,10,11,11,14,10,14,11,13,11,10,10,14,11,11,11,11,12,14,12,12,13,10,14,10,13,12,12,12,11,11,11,12,10,13,13,14,13,10,10,10,12,14,13,14,14,13,11,13,12,11,12,11,12,10,11,14,12,10,10,0
