R=100
Pi=(13,18,16,10,13,16,10,19,18,18,14,19,14,11,18,14,18,13,18,10,17,15,11,14,13,10,19,10,14,17,17,12,11,11,10,10,18,11,15,19,18,16,11,10,15,19,17,15,18,11,12,18,17,19,15,18,16,11,16,13,17,10,14,11,10,11,18,12,10,18,15,16,17,19,11,10,14,11,18,14,13,13,11,13,14,18,15,11,15,12,13,16,14,12,12,18,11,19,19,14)
A=
1,2,58
2,3,52
4,5,0
5,6,0
7,8,0
8,9,0
10,11,0
11,12,0
12,13,0
14,15,0
15,16,0
16,17,0
18,20,0
20,22,44
23,24,43
24,25,54
25,26,0
26,27,43
27,28,0
29,30,46
30,31,0
32,34,48
35,37,57
39,40,46
40,41,52
41,43,42
43,47,43
47,50,50
52,54,44
57,59,42
58,60,57
61,63,0
64,66,43
65,67,0
66,68,42
67,69,0
71,73,0
72,74,0
73,75,52
75,77,0
76,78,43
78,80,41
83,85,47
84,86,0
85,87,0
86,88,0
88,90,0
89,91,54
92,94,0
94,96,45
Sij=
0,11,14,10,12,12,11,14,13,11,14,10,14,10,13,14,11,13,14,10,14,10,12,14,12,11,12,12,14,14,14,14,12,10,13,12,13,14,11,11,13,13,14,11,12,13,14,14,11,13,10,14,14,12,10,11,13,10,13,10,14,14,14,14,11,14,13,13,12,10,10,12,12,12,12,11,10,11,12,13,12,13,11,11,14,10,14,10,10,12,14,12,10,11,11,14,13,10,14,12
10,0,10,11,10,12,12,12,11,14,14,10,12,13,14,12,11,12,13,14,11,14,12,13,10,11,12,11,10,10,12,12,10,11,14,13,11,11,11,13,11,13,13,10,11,11,11,14,11,13,10,11,10,10,12,12,12,12,11,13,14,10,11,10,12,11,14,10,14,10,11,10,11,14,13,13,11,11,11,13,14,13,14,12,10,10,11,10,13,12,11,13,14,12,13,10,11,12,13,14
12,11,0,10,11,11,14,10,10,12,14,10,10,10,13,13,11,11,13,14,11,10,14,12,11,14,12,10,14,10,12,11,14,13,12,10,13,13,13,10,10,10,10,12,14,11,10,13,10,13,12,14,13,12,11,14,12,13,13,11,14,13,11,10,10,12,11,12,13,12,10,12,12,12,14,11,14,11,13,10,14,14,10,10,13,12,13,11,11,12,13,10,10,11,11,11,13,10,12,11
14,13,14,0,12,13,14,11,10,13,10,10,10,10,12,12,14,13,10,11,12,14,14,10,10,14,14,12,11,10,12,12,13,14,11,11,10,10,12,12,13,10,12,13,11,12,13,14,12,13,12,13,13,13,10,11,14,12,13,13,13,11,10,10,11,13,11,11,13,10,11,14,11,12,13,11,12,11,14,13,10,10,14,12,13,13,13,14,13,14,11,13,11,13,14,12,10,12,12,13
10,12,10,12,0,11,12,12,10,10,13,14,13,13,10,12,12,11,13,11,12,14,12,12,13,13,13,13,12,13,11,11,14,13,11,12,13,14,12,10,10,11,13,14,10,10,13,14,10,10,11,10,11,10,14,13,13,14,12,13,13,14,14,12,14,12,14,14,12,12,14,13,13,12,10,10,10,13,12,13,10,14,12,11,12,10,14,14,13,12,14,13,12,14,12,10,11,10,14,13
10,13,12,13,11,0,12,11,14,14,13,12,10,12,13,12,14,12,13,10,13,12,10,10,14,12,10,11,14,10,14,14,10,13,13,13,11,11,13,14,14,14,10,14,14,14,14,10,13,11,13,13,13,10,10,10,10,12,13,10,11,11,11,14,14,14,12,11,13,10,11,12,13,13,10,13,12,10,10,14,13,14,12,12,11,11,10,14,12,13,12,13,13,13,13,12,12,11,14,10
11,12,11,13,10,10,0,14,10,14,11,13,14,11,13,11,12,14,14,12,13,14,13,13,10,12,12,14,10,14,13,11,10,11,10,12,10,12,13,12,11,12,14,14,11,10,13,11,10,11,11,13,13,14,11,10,13,14,11,10,13,11,13,10,11,10,12,13,11,10,11,14,10,12,10,10,14,13,12,10,14,10,13,14,13,10,12,11,14,10,14,11,11,13,13,14,14,14,13,10
12,10,10,10,10,11,12,0,11,13,10,11,14,11,10,11,12,12,13,11,11,13,10,13,11,10,14,13,12,13,11,11,10,10,11,12,13,14,13,14,11,12,10,13,13,14,10,10,10,11,10,12,10,12,12,12,12,12,14,14,10,13,10,13,12,14,11,13,14,12,13,13,13,14,14,13,12,11,14,12,10,14,12,11,12,13,11,12,13,14,10,11,10,14,13,13,12,12,11,14
12,11,10,12,13,12,13,11,0,12,13,14,10,12,12,13,11,10,14,10,13,13,13,10,10,12,11,12,14,10,11,11,14,10,14,14,14,14,10,13,14,10,14,14,10,14,10,13,13,10,12,12,12,11,13,11,14,11,10,10,11,10,14,11,11,11,10,10,13,13,14,12,10,11,11,12,13,14,14,10,12,12,14,14,12,13,13,12,11,12,14,13,13,10,11,14,11,13,12,13
14,10,10,10,10,10,12,11,10,0,10,13,14,11,14,12,14,10,14,13,12,13,12,13,10,13,11,13,14,14,11,11,10,11,11,11,12,11,14,13,12,10,11,11,11,14,10,11,13,12,12,13,11,14,10,14,11,11,10,12,14,11,13,12,13,14,12,13,14,13,10,12,11,11,10,11,11,10,12,10,12,10,14,12,12,13,10,10,11,11,14,10,11,12,14,11,12,14,13,12
12,11,11,10,11,14,11,14,13,13,0,12,10,14,10,14,14,11,11,14,10,13,12,11,13,14,10,11,14,12,14,13,12,12,14,12,11,13,14,10,12,11,10,11,13,13,13,10,10,12,10,14,11,10,12,13,14,14,13,10,11,13,11,12,14,14,10,13,14,12,12,10,12,10,11,13,13,10,13,14,10,14,10,11,12,10,12,12,14,11,12,11,14,13,13,13,10,13,12,13
13,10,10,12,14,14,12,10,13,14,14,0,14,10,14,10,12,13,14,14,14,12,13,13,13,14,11,11,13,12,13,13,10,13,10,11,10,13,12,11,13,12,11,13,10,11,13,10,10,13,10,10,10,13,12,11,14,11,12,13,13,13,13,13,10,11,14,10,10,13,14,13,10,13,11,11,11,14,13,11,10,10,10,14,11,12,12,11,11,13,11,13,11,14,13,14,14,13,13,13
11,13,10,11,14,12,10,12,11,11,10,14,0,13,10,12,12,12,13,11,12,13,13,14,11,11,11,12,10,14,11,11,13,11,14,10,12,10,13,10,14,11,10,14,10,13,12,10,10,12,10,12,11,11,11,14,13,13,13,10,12,10,14,12,10,14,11,13,13,10,14,12,13,12,12,11,12,13,14,12,13,10,11,13,14,14,10,11,10,14,12,14,11,13,12,14,11,13,14,10
12,14,11,10,12,12,13,13,14,10,12,14,13,0,11,12,12,13,11,12,10,13,10,13,13,12,14,10,10,14,12,14,14,13,13,10,13,14,10,10,11,10,11,11,10,12,12,10,10,11,10,10,10,10,14,12,11,11,13,12,12,11,13,14,11,10,12,10,10,10,13,12,13,10,11,14,11,13,12,10,10,14,10,14,13,12,13,13,14,11,13,12,11,12,12,14,12,12,10,14
14,11,10,10,12,13,11,10,14,14,10,13,13,12,0,12,13,11,13,10,13,12,14,11,13,11,10,11,11,12,11,12,14,13,13,11,14,14,14,11,10,11,12,14,10,10,10,13,14,10,14,12,13,12,11,11,10,10,11,13,11,11,10,12,12,11,11,10,14,10,13,14,11,12,10,12,14,14,10,13,10,12,12,11,13,13,13,12,11,12,10,14,13,11,14,14,10,10,11,13
14,10,13,13,12,14,10,11,12,13,11,10,14,13,12,0,14,14,14,14,14,13,14,13,12,10,13,11,10,12,10,11,14,13,11,13,10,13,14,14,13,12,12,10,12,10,14,14,14,13,14,14,11,10,12,10,10,11,10,12,13,13,10,13,11,12,12,12,12,14,12,10,10,10,10,11,11,14,10,12,10,14,11,12,12,11,14,14,10,11,13,13,12,11,10,10,12,13,14,10
13,12,11,10,11,13,14,11,14,11,14,10,10,13,12,13,0,11,12,11,14,12,12,12,11,10,13,12,13,14,10,13,12,10,10,14,13,12,10,10,13,11,13,14,14,11,12,13,14,13,11,13,14,12,14,12,10,14,10,14,13,10,10,12,14,12,11,10,10,13,14,11,10,11,12,13,14,13,12,14,12,14,13,10,12,11,14,10,11,12,14,13,11,10,12,12,10,10,14,12
10,12,13,10,14,10,12,12,10,10,13,11,12,10,12,13,12,0,10,10,12,12,11,14,12,14,10,14,14,14,14,12,13,13,10,14,10,11,12,10,11,13,11,10,10,13,12,11,11,13,14,10,10,14,12,14,13,12,10,10,13,10,12,13,10,13,14,12,11,10,11,11,10,14,13,14,11,10,14,13,12,14,13,11,10,13,12,13,11,10,10,12,11,11,12,11,10,12,14,12
14,14,14,10,11,12,10,10,11,12,12,13,13,11,13,13,11,11,0,13,12,10,10,11,10,14,14,10,13,12,12,13,13,11,12,14,12,10,13,14,12,13,11,12,13,12,12,14,14,13,13,14,14,13,12,11,13,13,13,10,12,12,12,13,13,14,13,12,11,11,10,13,13,12,10,13,13,12,12,12,12,10,10,14,13,13,14,10,13,10,11,14,11,12,11,10,11,13,14,14
13,10,12,13,12,14,10,11,12,14,12,10,10,10,12,12,11,12,14,0,10,10,13,13,10,10,11,12,10,10,10,11,10,13,13,13,11,12,12,12,14,12,12,12,14,13,10,13,10,10,14,13,14,13,13,13,10,11,12,12,11,12,10,11,12,12,11,11,12,11,10,10,14,14,10,13,12,11,13,11,10,13,11,10,10,11,12,12,10,14,13,10,14,14,11,11,12,10,14,12
11,13,10,14,14,13,14,14,12,10,11,13,13,10,12,13,11,14,10,11,0,10,13,11,12,12,10,11,14,13,14,11,12,12,11,14,11,12,12,11,12,12,12,10,10,13,10,11,13,12,13,10,12,10,13,12,13,12,12,11,13,12,14,10,13,13,13,10,11,10,10,10,13,13,13,13,12,13,11,14,12,14,12,11,10,13,13,12,13,13,11,14,14,10,13,14,12,11,12,11
14,14,10,12,12,12,11,14,11,14,14,14,10,13,14,14,10,12,10,14,14,0,11,12,12,13,11,11,13,14,14,11,10,10,10,14,12,13,14,14,13,11,14,10,14,13,12,13,10,11,14,13,14,11,12,11,12,12,12,13,10,10,13,14,12,12,14,13,10,13,12,10,10,13,11,12,10,11,12,13,11,12,11,12,10,10,12,14,13,13,12,14,11,11,13,13,13,10,13,11
14,13,12,12,13,13,13,11,14,10,11,11,14,13,12,13,14,11,13,11,10,14,0,10,12,11,12,13,14,14,13,14,14,13,11,14,13,10,14,13,11,11,10,10,12,12,10,14,13,13,10,14,12,12,11,10,10,12,10,10,11,10,14,11,10,10,11,13,13,14,14,12,14,12,11,14,10,14,12,14,10,12,10,10,13,14,12,12,11,10,13,10,14,13,11,11,12,14,14,12
10,12,11,14,14,12,14,14,10,11,10,11,10,10,14,13,10,13,12,10,13,14,11,0,13,10,13,13,11,11,14,12,10,14,10,14,13,11,11,10,10,10,12,11,14,10,12,10,13,13,12,11,14,11,14,13,11,10,12,13,10,14,13,13,10,14,14,11,14,11,11,12,14,12,12,10,10,12,12,12,12,13,14,12,13,13,12,14,10,11,13,13,13,12,10,11,12,14,10,10
10,11,10,12,12,10,12,11,14,14,12,13,13,10,11,11,14,10,14,12,11,14,11,12,0,13,12,13,11,12,10,12,10,12,11,12,11,13,12,14,12,11,11,10,10,14,14,14,13,11,13,12,11,10,13,13,11,14,13,14,14,11,10,13,13,11,12,11,11,13,14,13,11,11,11,11,10,13,10,13,13,12,10,10,14,13,10,10,13,13,11,12,10,13,14,11,10,12,12,14
11,13,13,10,11,14,10,10,13,11,13,12,13,14,10,12,11,14,14,10,10,11,12,13,11,0,12,13,13,11,10,10,12,11,11,11,14,14,14,14,14,12,10,12,12,14,13,13,10,12,12,14,10,12,11,13,10,11,14,13,13,11,12,13,13,10,10,10,12,13,11,12,12,10,10,13,10,14,10,14,13,14,12,10,14,11,14,14,10,12,10,13,14,11,10,12,14,11,13,11
13,13,11,12,11,10,12,10,12,13,13,11,11,10,10,14,13,11,14,11,11,11,14,14,12,13,0,12,11,14,13,13,13,10,13,10,14,12,10,14,14,14,14,12,12,13,14,11,14,10,10,13,12,12,12,10,12,13,12,10,12,12,10,10,13,14,10,10,12,10,10,12,13,12,10,12,11,13,12,10,12,11,13,10,14,14,10,11,13,13,13,10,10,10,11,11,13,13,13,12
13,13,14,13,14,13,10,10,11,14,13,13,11,11,12,11,13,10,11,14,13,14,12,13,12,10,11,0,13,10,13,14,13,14,14,12,13,11,14,10,11,14,10,14,13,10,14,14,13,12,10,13,12,12,14,13,13,11,11,11,14,11,11,14,13,10,14,14,12,14,13,14,13,14,10,14,13,10,13,12,12,11,12,10,10,10,11,11,10,10,13,12,10,13,11,14,12,10,11,13
10,10,11,14,13,10,14,13,11,14,10,13,12,13,14,13,13,10,14,12,13,13,14,11,10,11,14,10,0,13,10,12,13,14,10,11,12,14,13,12,14,10,13,14,10,10,14,14,12,14,13,11,11,11,13,10,12,11,10,13,12,11,13,10,11,12,11,14,12,11,11,13,10,13,14,11,10,14,13,11,10,11,12,11,14,14,10,12,10,10,14,11,14,14,10,12,12,13,13,12
13,10,12,10,12,14,11,13,11,11,14,12,12,13,12,10,14,12,10,11,11,14,13,12,11,10,14,10,13,0,11,14,12,11,10,12,10,14,11,13,10,13,12,11,14,10,11,14,10,11,10,13,14,13,11,10,14,11,14,13,12,10,10,14,14,11,12,11,11,11,12,10,13,13,10,13,14,13,14,12,14,10,14,14,13,13,10,14,14,10,13,13,10,12,11,14,13,12,11,12
13,10,13,13,13,14,10,10,13,13,11,11,12,12,14,11,11,10,11,10,11,13,11,11,13,13,14,10,12,10,0,14,12,11,11,14,14,12,10,10,13,13,14,11,11,13,12,11,13,13,14,13,12,10,10,10,10,13,11,10,10,14,14,13,12,13,14,14,10,13,14,14,11,10,13,12,12,11,10,12,11,12,11,12,13,11,12,11,10,11,14,10,10,14,10,13,13,10,13,13
14,12,10,14,13,10,12,12,12,13,13,13,13,14,14,12,13,12,10,11,11,12,13,14,14,13,13,11,10,10,14,0,11,13,12,12,13,12,11,13,13,14,14,13,12,12,10,12,11,10,12,10,11,10,12,11,11,14,10,10,14,11,11,12,12,14,11,14,11,11,10,10,11,13,12,12,11,14,11,11,13,11,11,10,12,14,13,10,11,10,10,14,11,10,14,11,12,12,11,13
11,11,11,10,14,12,13,12,13,10,10,12,13,14,12,12,14,10,14,12,11,10,13,10,10,11,13,10,14,10,14,14,0,12,12,10,12,10,11,10,10,11,10,12,11,10,13,11,12,13,11,11,12,12,13,12,10,12,10,14,13,13,13,13,13,10,10,10,10,13,10,12,13,14,14,11,10,13,12,14,12,10,11,12,12,13,11,11,13,10,14,14,14,12,12,11,13,12,14,10
14,13,10,13,12,13,13,12,12,12,11,12,10,11,12,13,12,10,10,14,13,14,11,10,14,11,13,10,12,13,13,13,14,0,12,10,14,14,12,14,14,10,13,14,11,13,12,14,13,14,13,14,12,11,10,11,10,11,10,14,11,14,12,10,14,14,13,13,13,11,13,14,10,10,11,14,10,14,14,11,12,12,10,10,13,14,10,12,13,10,14,12,13,12,13,14,12,13,14,12
10,13,11,12,11,14,13,11,10,11,11,10,11,13,12,13,13,11,12,10,13,10,14,12,11,10,10,12,11,11,11,11,10,12,0,11,13,11,13,13,13,10,14,12,12,14,13,10,10,10,14,10,10,10,14,13,14,14,13,10,11,14,11,14,13,14,14,10,14,12,14,12,10,13,14,14,13,13,11,12,13,10,10,11,11,11,11,11,10,13,11,14,12,13,12,14,13,14,13,13
10,12,11,12,11,12,10,12,11,14,10,10,12,11,12,10,13,14,12,12,12,12,14,10,10,10,10,11,10,10,11,13,14,12,12,0,10,13,12,10,14,10,14,10,10,13,10,11,10,11,11,10,13,12,11,10,12,13,10,11,10,11,14,12,10,13,11,11,14,14,12,12,11,13,12,11,13,12,14,11,14,13,14,10,13,10,12,11,13,12,14,12,12,10,10,13,11,12,14,11
12,14,11,11,14,14,13,10,14,10,12,14,13,14,11,11,11,13,13,10,11,14,13,12,14,10,14,10,13,14,10,11,13,12,13,10,0,12,13,11,13,11,11,12,13,10,14,13,13,13,13,11,12,13,13,14,13,11,14,11,13,10,13,11,14,14,10,11,11,10,11,14,12,12,14,14,14,11,14,12,14,11,10,11,10,13,12,13,14,12,10,13,13,12,12,13,12,10,13,13
14,13,12,12,12,13,13,10,13,14,10,11,11,11,11,12,10,12,11,11,12,12,12,13,10,13,11,10,14,11,11,14,13,11,12,11,14,0,12,14,11,14,11,14,14,12,14,11,11,10,10,13,10,14,11,11,12,10,13,12,13,12,13,10,12,12,10,12,10,13,10,12,12,13,14,12,10,12,12,11,11,11,14,14,14,13,11,10,12,10,14,10,11,14,10,14,10,10,11,12
12,11,11,12,10,12,10,12,14,14,10,14,12,12,11,11,13,13,11,14,10,10,10,14,14,14,11,12,12,10,11,14,10,10,14,14,10,11,0,14,12,12,14,10,12,14,14,12,13,12,13,10,12,14,12,11,11,10,11,13,10,10,12,14,14,13,11,14,12,13,11,11,11,13,14,11,11,14,13,10,14,11,13,14,13,14,14,10,12,14,12,14,13,13,14,11,10,10,11,14
13,10,10,10,10,12,14,13,14,11,10,12,12,11,14,13,12,13,10,14,13,11,11,12,11,12,12,13,14,13,11,11,13,13,11,13,11,12,13,0,11,10,10,10,11,14,14,11,12,13,10,13,12,14,11,10,12,14,12,14,13,14,11,13,11,10,14,14,14,14,10,11,10,14,13,14,13,10,14,13,11,10,10,14,13,14,14,11,11,12,14,13,13,13,10,12,13,11,13,10
10,10,12,12,13,13,13,12,10,11,12,11,14,13,13,12,13,11,10,12,11,12,12,11,10,11,13,11,13,10,10,11,12,14,13,10,13,13,11,14,0,10,11,10,14,14,12,14,14,10,12,14,12,11,11,13,12,13,11,11,11,10,11,14,10,11,11,14,10,10,12,14,10,10,10,11,10,12,12,11,12,12,13,11,10,11,13,10,11,10,11,11,11,11,10,13,14,11,10,13
13,13,13,14,12,13,13,12,10,14,13,10,11,14,14,13,12,14,13,13,12,10,13,14,14,10,12,13,14,12,12,13,11,13,13,14,13,13,14,12,13,0,11,14,11,12,10,10,12,12,11,11,14,13,12,11,12,10,14,10,11,10,10,12,13,12,14,13,12,10,14,14,13,10,11,10,11,10,11,12,13,10,14,10,12,10,13,10,14,12,10,13,14,13,13,11,12,14,11,14
12,12,12,11,12,12,12,13,11,12,14,11,14,11,12,10,11,14,14,12,13,13,14,10,10,10,14,10,12,10,12,12,14,11,14,10,12,12,12,10,13,14,0,14,12,12,13,14,13,11,12,10,13,14,14,11,14,13,12,11,12,12,12,11,11,14,12,12,12,12,11,13,13,11,13,13,14,14,11,12,11,10,11,13,14,14,14,12,14,10,10,12,10,11,10,13,10,12,12,12
14,11,12,11,14,14,12,11,11,11,11,14,11,14,10,11,11,13,12,11,10,10,13,12,11,13,12,11,10,10,13,11,11,14,12,10,13,10,13,10,12,12,10,0,12,13,10,11,10,11,14,11,11,10,11,11,14,12,10,14,11,11,10,11,10,13,10,12,11,11,14,13,10,10,11,13,13,14,10,13,10,12,12,10,11,13,11,10,10,12,13,12,12,10,12,14,12,11,14,14
13,13,14,13,11,11,10,11,14,12,13,14,11,12,13,13,13,14,14,12,11,14,11,14,12,11,10,10,12,12,11,11,10,10,14,12,13,13,13,10,12,14,11,13,0,13,14,11,10,11,14,10,12,11,12,13,14,11,10,10,14,10,10,14,11,11,12,14,11,12,11,10,14,11,14,14,12,12,13,10,13,10,14,13,13,11,13,14,12,12,10,10,12,13,13,14,12,10,10,11
11,10,14,13,10,13,10,11,12,13,10,11,12,10,12,14,10,11,11,14,12,12,11,13,11,10,12,11,12,14,11,12,12,12,13,12,10,11,13,14,11,11,12,13,11,0,14,13,12,10,14,14,10,14,10,13,13,13,11,11,10,10,14,14,13,11,13,13,10,11,14,13,14,13,11,13,11,10,13,11,12,12,10,10,12,10,11,12,12,13,10,13,14,10,12,13,11,12,14,12
13,10,12,11,11,11,10,11,12,11,12,13,10,14,14,12,10,14,12,12,10,11,11,12,11,10,13,14,10,12,12,13,11,10,13,11,14,14,14,10,10,10,14,11,10,11,0,13,14,10,10,13,12,14,11,12,12,14,10,10,10,12,10,10,14,14,13,12,14,11,12,13,11,10,11,12,10,11,10,11,14,12,14,13,10,14,14,14,10,13,11,12,14,14,13,12,14,14,14,12
11,14,13,12,13,11,11,12,12,13,11,10,14,13,10,13,13,12,14,10,14,14,12,10,10,14,14,12,11,14,13,10,11,13,14,10,13,11,14,14,13,12,11,11,11,10,13,0,11,13,14,13,11,14,14,12,12,12,12,12,14,12,14,10,13,10,11,14,10,13,14,14,12,13,10,12,11,13,10,13,14,10,13,13,11,10,11,10,11,10,12,13,10,13,10,12,13,11,12,11
10,10,12,12,13,10,11,13,14,12,10,14,11,13,12,13,14,10,13,12,13,10,13,10,11,11,13,13,12,13,13,10,10,13,13,14,13,10,14,11,13,13,10,13,14,12,11,12,0,11,12,12,12,13,10,13,14,12,12,11,12,11,13,10,11,14,10,14,13,10,13,10,13,11,12,14,14,14,14,10,13,14,11,11,10,10,10,12,10,14,13,11,10,14,12,10,14,13,14,14
14,13,13,11,12,12,13,11,10,10,14,14,13,11,13,12,14,11,10,11,13,13,14,13,11,12,14,14,14,11,14,11,10,14,11,14,11,14,14,13,11,14,11,14,10,13,13,13,10,0,14,10,12,13,13,11,10,14,14,10,10,12,14,12,14,10,13,14,14,10,13,10,10,12,12,14,14,12,14,12,12,14,10,13,14,11,11,12,12,12,10,10,11,14,13,10,12,11,12,13
12,14,13,13,12,13,14,10,11,13,12,13,14,12,12,11,12,10,12,12,13,10,12,11,10,13,14,11,13,11,12,12,14,10,10,13,10,12,11,11,11,11,11,13,10,11,10,14,11,12,0,13,11,14,14,14,12,11,12,12,14,14,13,11,14,11,14,13,13,12,13,11,14,13,11,10,12,13,13,10,13,12,14,14,10,13,10,13,14,11,12,11,12,14,12,11,13,10,12,12
11,12,12,12,13,11,13,12,13,14,12,14,12,11,14,11,14,14,10,10,10,11,14,12,14,12,13,14,11,14,12,12,10,11,14,10,10,12,11,14,14,12,14,10,13,13,13,10,10,10,11,0,13,14,11,11,14,13,14,12,11,13,14,11,13,12,10,13,11,12,13,11,12,13,11,10,12,11,13,14,10,13,12,13,10,12,14,12,14,10,14,12,10,14,10,11,10,11,11,13
12,10,12,13,12,14,14,14,13,10,14,13,14,10,11,12,10,10,10,10,13,12,13,10,13,11,10,12,13,14,10,10,14,10,11,10,10,14,11,10,13,14,14,13,11,10,12,10,12,12,10,14,0,10,10,14,10,11,11,10,11,14,11,10,13,10,13,13,14,13,11,12,11,14,10,12,13,12,10,14,12,13,14,14,11,14,10,10,14,10,11,13,13,13,10,10,11,13,11,12
13,12,12,11,11,14,13,10,10,13,11,12,11,12,12,12,10,11,14,13,10,12,14,13,12,13,14,12,13,14,10,10,11,13,11,10,11,12,13,11,10,14,14,10,14,14,12,11,10,13,14,10,14,0,12,12,10,12,14,14,12,10,10,11,10,13,10,10,13,10,12,10,13,12,12,13,10,13,13,13,13,11,13,12,10,14,14,11,13,10,11,12,11,12,11,11,14,12,13,11
14,13,14,10,13,12,11,12,11,14,11,11,13,10,11,11,11,13,11,11,13,14,12,12,14,10,13,10,11,10,14,12,14,12,14,14,12,12,13,13,13,12,14,13,13,14,13,11,11,14,14,10,11,12,0,13,14,10,11,11,13,13,11,10,10,10,14,11,11,10,11,14,14,14,13,13,11,14,13,13,14,11,12,13,12,10,13,11,12,13,14,13,10,11,10,14,11,12,13,13
14,13,12,11,14,14,10,10,13,14,11,10,12,13,12,11,11,12,12,10,11,13,14,12,10,12,14,13,14,13,11,14,10,14,14,11,13,11,13,12,10,12,12,13,12,14,11,12,13,14,13,14,14,13,11,0,11,13,14,10,11,10,12,11,14,12,12,14,12,13,11,13,10,13,14,14,13,10,11,10,10,11,12,14,14,10,12,14,12,13,12,12,14,10,11,12,12,11,13,10
14,10,13,13,12,10,13,10,14,13,12,10,12,14,14,10,13,13,11,14,10,12,12,14,11,13,14,14,11,12,12,12,12,10,10,10,13,13,11,14,11,12,10,13,10,12,10,14,10,11,14,14,14,13,10,11,0,13,14,12,14,11,13,13,11,11,10,13,11,13,14,12,14,12,12,12,13,12,13,14,13,13,14,13,10,13,12,13,13,10,14,12,13,11,12,12,13,13,13,12
10,13,13,11,11,14,14,12,11,11,11,14,14,14,13,10,12,14,13,13,13,12,14,11,14,12,13,12,14,10,14,14,13,11,14,10,10,13,12,10,13,10,11,12,13,14,12,14,13,11,14,13,10,10,13,12,13,0,11,11,14,11,12,12,11,11,12,11,13,10,12,14,14,12,13,10,12,11,12,12,14,14,13,14,12,10,10,14,13,13,11,11,13,11,12,14,11,13,14,10
11,12,13,13,10,11,10,11,11,14,10,11,11,14,12,14,12,12,14,10,10,12,13,10,13,11,11,12,14,13,14,14,11,12,11,11,10,10,13,11,10,14,12,13,12,14,10,14,13,12,11,13,13,14,14,13,14,13,0,14,14,10,12,11,13,10,10,10,13,12,10,13,12,13,13,10,11,10,10,12,14,10,12,13,11,12,10,10,12,12,12,12,12,10,14,10,12,13,14,12
11,14,11,11,13,14,14,14,10,13,13,13,14,10,10,13,13,13,14,10,14,10,13,11,10,13,11,12,14,12,12,13,10,12,11,10,14,10,10,12,12,11,10,13,14,14,12,12,14,11,12,14,13,13,12,11,10,10,11,0,14,12,12,10,12,11,14,12,12,14,10,14,13,13,12,13,13,14,14,11,10,10,14,12,13,10,12,14,12,14,10,14,13,13,10,14,14,10,13,11
14,11,10,13,14,11,14,11,11,10,13,11,11,13,10,14,13,10,11,11,13,14,10,12,14,10,10,14,12,12,13,13,11,12,12,14,10,10,12,11,11,11,13,11,10,13,12,10,13,11,11,14,13,11,13,14,10,12,14,13,0,10,10,13,13,11,10,10,13,10,11,13,12,12,10,14,11,11,13,12,10,12,10,10,11,11,13,14,14,14,13,13,12,11,13,10,11,13,10,10
14,13,14,14,12,12,13,12,13,12,11,13,11,10,13,11,10,14,12,12,13,11,10,14,12,12,11,10,13,14,12,13,10,13,12,12,13,11,13,13,12,11,10,12,13,14,11,12,13,12,10,12,10,12,12,12,13,10,11,14,11,0,12,13,14,14,12,12,13,12,11,12,13,11,14,14,11,11,12,10,12,10,13,12,10,13,10,13,12,11,10,13,13,10,13,11,10,12,11,12
10,12,13,14,11,10,12,11,11,13,10,11,10,14,13,13,12,14,12,10,13,14,14,11,12,12,14,13,12,12,14,13,10,14,10,10,12,13,10,10,11,14,11,14,11,13,13,14,11,10,14,10,10,10,14,11,12,12,12,14,10,13,0,14,13,13,11,11,10,13,12,11,13,14,12,14,14,12,14,10,13,13,10,11,12,13,14,13,14,10,14,13,10,11,11,10,12,10,13,11
14,12,13,10,13,13,10,11,12,11,14,13,12,11,14,10,10,12,11,10,14,13,11,14,14,14,11,12,12,12,11,14,14,13,10,10,10,10,12,13,13,12,10,13,11,10,10,13,12,11,14,10,13,12,11,11,10,14,10,14,12,12,13,0,10,14,10,14,13,10,13,10,10,14,13,12,11,12,13,12,14,13,12,10,11,12,11,10,11,12,14,14,11,14,13,10,10,14,14,13
11,11,12,12,13,11,14,10,14,10,14,13,12,11,11,11,14,12,12,13,12,14,12,11,11,13,13,10,11,12,11,12,12,14,11,13,11,10,11,10,12,10,11,11,12,11,12,10,13,12,11,13,11,11,11,12,13,10,11,10,12,13,14,12,0,13,11,10,13,14,13,14,14,10,11,10,11,13,11,13,10,10,13,12,14,11,13,11,11,13,14,14,10,14,10,13,13,11,13,12
10,10,13,10,10,12,12,12,14,10,14,14,12,12,10,14,13,11,10,10,14,10,13,10,10,13,13,14,14,13,11,10,14,13,12,14,12,12,11,11,14,11,11,11,13,10,12,13,13,11,14,12,11,13,13,14,11,13,10,11,13,12,12,10,13,0,13,10,13,14,10,12,10,10,13,11,12,14,12,11,10,11,10,11,13,14,14,13,10,10,12,13,13,12,14,13,11,14,10,13
10,10,13,14,12,13,13,11,13,11,10,10,14,12,14,10,13,11,13,11,13,10,14,13,11,12,14,13,10,14,14,13,14,13,11,10,12,10,13,10,11,13,10,14,10,12,14,10,12,14,10,10,10,14,10,10,10,10,13,10,14,10,11,13,11,11,0,10,10,11,14,13,12,12,13,14,10,14,14,13,13,12,13,10,11,14,13,12,10,13,11,14,11,12,12,11,11,11,11,12
13,11,13,14,13,10,13,12,12,14,10,10,11,12,14,12,10,10,10,14,13,13,10,12,10,10,12,14,10,12,13,13,12,12,14,11,14,13,11,10,10,10,10,10,12,10,13,13,12,10,10,10,11,12,14,14,11,10,14,13,13,13,12,10,10,11,12,0,13,13,13,13,11,13,14,13,12,13,14,14,14,12,13,11,14,11,12,12,10,13,10,10,13,14,13,11,12,13,14,10
10,12,14,10,14,11,13,12,11,13,12,10,11,10,14,11,10,11,12,13,12,14,12,10,12,12,14,12,10,13,11,14,13,14,14,11,12,12,12,13,13,10,10,11,10,14,14,12,14,12,11,10,10,11,12,10,14,13,13,12,11,11,11,13,12,13,12,11,0,11,12,13,12,14,14,10,11,14,11,14,12,13,12,12,12,11,10,13,12,12,13,12,13,14,14,11,11,13,11,13
12,12,12,10,11,13,14,11,10,10,10,11,13,14,10,14,14,13,14,12,12,14,14,14,13,10,14,12,14,13,13,13,12,12,11,10,10,11,10,13,12,13,13,11,11,11,13,14,14,10,12,13,14,14,11,13,12,12,11,11,14,12,11,12,12,12,14,10,12,0,10,13,12,13,10,14,13,10,13,13,12,12,10,12,14,11,10,13,12,11,13,12,13,10,14,14,10,12,11,14
14,12,13,11,14,12,14,10,14,14,12,12,14,14,14,14,13,14,12,10,11,14,11,13,14,12,10,12,13,10,14,11,14,13,14,10,13,14,13,12,11,10,13,12,14,10,12,13,10,10,11,10,10,10,12,14,10,14,12,11,11,12,11,13,10,10,13,11,10,14,0,10,14,11,14,14,11,10,13,14,13,10,11,11,13,14,14,11,13,10,14,14,14,11,11,10,14,14,10,12
13,12,10,13,11,10,12,14,10,11,11,14,11,14,13,11,10,11,12,14,11,14,14,10,11,10,10,12,14,14,10,12,14,11,10,11,14,13,14,13,12,14,11,12,13,14,12,14,13,10,10,12,11,11,11,14,12,10,12,11,14,14,14,10,11,14,10,10,13,12,11,0,12,12,14,11,11,12,12,12,12,12,10,14,14,14,12,11,13,14,11,13,14,10,12,13,12,10,10,11
14,14,11,10,11,13,13,10,11,14,14,11,10,12,10,13,14,14,14,11,13,13,11,10,12,13,11,11,14,11,13,11,12,10,12,12,10,14,13,10,10,12,14,14,10,10,12,11,10,14,14,13,10,14,12,10,12,11,13,12,11,11,11,10,10,13,14,14,10,12,13,14,0,11,13,10,11,14,12,10,12,10,10,10,14,11,10,10,12,13,11,10,14,10,10,14,14,10,14,13
11,11,12,11,13,11,14,11,11,13,10,11,10,10,11,12,11,11,11,13,14,12,11,11,13,11,13,14,11,14,11,10,14,13,14,10,12,13,11,13,12,14,13,14,12,10,10,13,14,13,12,12,14,10,14,13,10,11,13,12,12,10,10,12,12,10,11,11,11,10,14,12,14,0,12,10,14,14,11,13,13,11,14,14,13,12,13,11,14,14,10,10,11,10,14,11,12,14,11,11
12,13,13,11,13,13,14,13,11,14,14,14,13,12,14,10,12,10,12,10,14,13,12,12,11,10,13,12,14,11,13,10,12,10,11,14,12,13,11,14,12,14,14,14,10,11,12,13,10,14,13,12,12,11,12,13,10,11,10,12,14,12,14,10,11,13,11,13,11,10,12,14,13,12,0,12,14,13,12,12,10,13,10,11,10,12,11,13,11,12,12,13,11,12,13,10,10,10,14,13
11,14,13,12,10,11,14,13,14,14,13,14,13,13,10,14,14,11,13,13,14,10,10,10,13,11,10,12,10,12,12,13,14,14,10,11,14,12,10,13,13,13,13,11,14,12,10,13,11,14,11,14,11,10,13,11,13,13,14,13,11,11,13,12,11,14,10,14,12,14,14,11,10,10,10,0,11,11,13,11,10,11,12,10,10,11,13,11,14,10,14,12,11,13,12,12,11,14,11,10
14,12,11,10,12,14,14,13,11,10,12,10,14,11,13,12,13,11,12,11,13,13,10,13,13,11,12,12,13,13,13,11,14,13,12,12,14,12,12,10,11,14,10,13,13,14,13,10,14,14,13,14,12,10,11,11,11,12,11,11,12,12,10,13,12,10,10,10,14,10,12,11,13,12,14,14,0,12,12,10,14,12,12,12,13,14,13,14,14,12,10,10,12,10,11,13,14,14,11,11
12,13,13,10,14,11,12,10,14,10,12,13,14,11,12,13,14,14,11,13,13,10,11,12,13,14,10,10,12,13,10,10,11,10,13,10,14,11,13,12,12,12,14,14,10,12,11,10,12,12,14,14,12,13,12,11,12,10,12,14,10,11,13,11,14,11,12,13,13,12,13,12,11,14,11,10,11,0,11,12,10,13,10,12,14,14,11,12,13,12,11,12,14,14,14,11,10,14,13,14
13,10,12,11,10,13,11,13,13,11,12,10,10,12,12,10,10,13,13,11,12,13,14,10,12,14,14,13,11,12,10,11,12,12,13,10,10,14,12,10,12,13,14,11,10,10,11,11,11,13,10,12,10,12,11,14,11,12,13,11,14,13,11,10,11,10,13,13,14,12,10,11,11,12,13,14,14,12,0,14,11,12,12,11,12,11,12,10,10,10,13,13,13,10,10,11,14,12,13,14
10,12,13,12,14,13,14,10,13,13,12,10,13,12,11,13,11,11,13,13,13,14,13,13,10,13,11,10,10,10,14,12,10,13,14,14,14,10,11,13,12,12,12,11,12,13,10,10,13,12,14,12,13,10,11,10,14,14,12,11,12,13,14,12,13,10,14,10,13,12,14,11,14,14,11,11,12,11,11,0,11,13,11,12,13,11,11,13,10,12,13,10,10,12,10,11,13,12,10,13
12,13,10,12,11,13,13,12,13,14,14,13,13,13,10,13,10,11,11,11,11,11,14,12,14,12,13,14,14,13,12,14,11,13,13,12,12,13,11,10,12,14,10,11,12,10,12,11,11,12,10,12,11,13,11,10,14,12,12,13,14,14,13,10,11,10,11,10,14,13,10,12,10,10,13,12,10,13,10,14,0,10,12,12,12,12,10,13,12,11,13,13,10,10,12,11,13,10,10,14
12,13,12,12,13,11,13,12,10,10,13,14,11,12,13,13,11,11,10,12,11,12,13,13,11,10,14,11,12,14,14,11,10,13,12,10,12,14,14,10,13,12,12,12,13,13,11,13,12,13,14,12,10,12,13,10,14,14,11,13,12,12,14,11,10,11,14,13,14,12,10,12,11,10,14,13,14,11,14,12,13,0,11,13,13,14,12,11,13,10,12,11,13,13,11,13,11,12,11,11
12,14,13,14,14,12,12,10,14,12,14,11,13,14,13,14,10,13,10,11,13,14,10,12,11,11,11,14,14,11,12,10,12,14,12,13,14,12,13,11,12,11,12,10,10,11,12,14,14,12,12,12,12,14,13,12,13,10,12,13,10,13,10,12,14,13,13,14,12,14,14,13,14,14,14,11,12,14,11,10,13,12,0,14,12,14,10,13,13,10,14,10,14,14,10,10,14,10,14,10
12,13,13,12,14,12,14,13,12,14,11,14,13,13,11,10,13,13,12,13,14,14,10,13,12,14,10,13,14,14,10,11,13,14,14,12,14,10,14,10,14,12,11,13,13,10,12,10,13,14,11,10,12,10,11,13,12,14,14,10,11,10,13,12,14,10,11,14,14,13,10,12,14,12,13,12,12,11,10,12,12,10,10,0,14,12,10,13,12,13,11,14,14,10,13,13,14,13,13,13
12,13,12,10,14,14,14,10,10,12,13,10,11,14,12,13,11,10,14,10,14,12,14,11,13,14,10,12,10,13,14,13,13,12,12,14,14,14,10,10,13,14,13,14,14,10,13,10,13,10,12,13,14,13,14,10,13,11,12,10,13,12,10,11,12,14,11,13,12,13,14,12,14,13,11,14,13,14,11,12,10,10,13,10,0,11,10,14,10,12,11,10,12,11,10,11,11,14,12,11
14,14,14,12,10,11,14,14,10,11,14,12,14,14,10,14,12,13,14,14,12,10,11,10,10,13,11,11,13,11,10,10,11,12,12,13,11,12,13,14,12,11,13,13,13,13,10,12,11,11,13,12,14,12,14,13,12,14,12,11,14,13,10,14,11,13,11,11,12,11,12,10,10,10,12,10,12,12,12,11,12,13,14,12,12,0,12,11,13,13,13,10,11,10,11,14,13,11,13,12
14,12,13,10,14,13,13,12,13,10,13,11,10,11,10,14,10,13,12,11,13,12,12,13,13,11,11,14,13,10,13,14,13,10,13,14,13,13,10,13,14,14,13,13,14,12,10,14,10,12,13,14,13,12,13,11,10,10,11,12,12,13,14,12,11,14,12,10,13,11,11,12,12,14,12,14,14,14,14,10,10,11,14,11,12,13,0,10,11,11,11,14,13,11,12,11,10,10,10,11
10,10,10,11,14,11,11,12,14,10,14,12,10,10,10,11,11,14,13,10,12,13,11,13,12,11,12,10,14,13,11,13,13,12,14,10,10,10,10,10,11,11,11,11,12,13,13,12,10,11,10,11,11,10,14,11,14,11,13,12,13,10,12,11,13,10,14,12,11,10,11,10,13,13,14,10,11,10,11,13,13,10,14,13,13,10,12,0,13,13,12,10,13,11,12,11,10,14,10,12
11,14,10,10,10,14,14,12,13,10,13,14,14,10,10,14,12,10,13,13,13,13,10,14,14,14,12,14,10,11,13,11,11,12,14,14,12,14,14,13,13,12,13,12,14,12,11,13,11,13,14,14,10,12,14,13,14,10,11,10,12,14,11,12,12,12,13,11,10,10,11,13,11,14,14,10,10,12,14,11,13,14,13,12,12,13,10,14,0,13,11,10,11,13,13,11,14,11,10,10
12,14,14,12,10,12,11,13,11,12,13,12,11,11,14,12,13,11,14,10,14,11,13,13,14,10,14,14,12,13,10,14,10,11,12,12,13,12,12,14,11,14,14,11,14,13,13,10,13,10,13,12,11,14,11,11,10,11,12,14,13,11,10,12,12,14,12,14,13,12,14,10,13,14,14,14,12,11,14,11,12,13,11,12,14,12,12,10,10,0,10,11,12,14,12,11,14,14,11,14
14,10,13,11,10,11,12,14,11,14,12,14,13,11,11,12,14,14,13,12,10,11,11,14,13,11,12,11,11,13,14,14,10,12,14,10,14,11,11,10,12,12,11,10,13,11,12,10,13,10,12,14,10,13,13,13,13,13,13,14,14,11,13,13,14,12,13,11,12,11,13,12,13,13,10,12,14,11,11,11,13,12,13,11,11,10,13,11,14,10,0,11,10,13,12,11,11,14,13,11
10,12,11,12,11,11,14,11,12,13,10,13,12,12,12,10,11,13,11,11,14,13,12,11,12,10,12,14,11,11,14,12,11,10,10,13,12,14,11,14,12,13,11,13,13,11,13,12,10,11,14,12,12,11,11,11,10,14,10,11,14,14,14,10,13,12,12,12,11,14,12,12,12,12,14,10,12,13,13,10,11,14,13,10,12,11,14,14,13,14,12,0,12,14,14,10,12,14,10,14
10,14,10,11,11,13,12,10,10,12,10,13,12,11,10,14,14,10,14,13,11,12,12,14,12,11,10,12,12,12,12,11,12,13,12,10,11,13,12,11,10,10,14,12,13,10,10,10,14,14,10,11,14,11,12,12,12,11,13,14,13,14,13,12,14,14,10,13,14,14,13,10,13,13,13,10,13,14,10,11,11,14,13,12,11,11,11,11,10,14,13,10,0,14,12,12,10,12,12,12
14,10,11,11,14,11,10,12,11,13,12,14,12,10,12,13,14,11,10,10,13,12,14,12,10,11,13,10,10,10,12,13,10,11,11,11,14,12,13,11,11,13,14,13,13,14,11,14,12,14,13,14,11,11,14,11,10,13,11,13,13,14,12,11,10,13,13,10,13,10,13,11,12,14,14,14,12,11,13,10,10,13,13,10,11,13,11,14,12,10,10,10,11,0,10,12,11,11,13,12
10,10,10,11,11,11,12,11,11,12,14,13,14,14,10,13,14,11,11,14,11,11,14,12,13,10,12,14,12,12,13,13,14,13,13,10,14,12,11,13,14,12,10,12,12,11,11,10,10,11,13,14,14,13,11,13,10,13,12,11,14,12,13,14,13,10,14,11,11,10,13,12,10,12,10,13,11,12,14,11,14,11,14,10,13,13,14,11,11,10,14,11,14,10,0,14,11,14,10,13
12,12,14,14,10,13,11,13,11,13,12,11,13,13,10,11,13,13,12,10,10,10,13,14,10,11,12,12,10,13,13,14,11,14,12,14,14,11,13,12,12,10,13,12,14,13,11,12,14,13,11,13,11,14,13,11,14,10,13,13,10,13,13,12,14,13,10,13,10,11,12,11,14,10,12,14,12,10,14,11,10,14,13,11,11,10,12,11,11,10,10,13,12,14,12,0,14,11,10,13
11,13,12,11,13,11,14,13,11,11,13,14,14,10,12,13,10,10,11,11,13,10,13,11,10,10,13,13,10,13,13,13,11,11,13,13,12,12,10,10,11,12,11,14,13,11,11,13,10,10,11,13,14,14,10,10,14,10,11,12,13,11,13,13,13,14,12,12,11,13,11,13,10,11,14,11,14,14,13,14,14,14,13,14,11,14,13,12,11,13,13,11,11,12,12,10,0,14,12,11
13,13,13,11,12,14,12,13,13,10,14,11,10,12,12,12,13,12,13,11,13,11,10,11,13,14,14,12,12,13,13,11,11,13,14,10,11,13,11,14,14,11,10,11,12,12,13,14,13,10,14,12,10,10,12,12,13,11,13,12,10,10,10,14,12,12,14,12,12,12,10,14,11,14,12,11,11,13,14,10,10,10,13,12,14,10,11,11,10,12,12,10,14,13,14,13,11,0,10,14
14,13,11,11,11,14,14,11,11,13,11,11,14,11,12,11,14,11,13,14,11,11,12,11,10,14,10,14,12,14,14,10,10,14,10,12,14,13,12,12,10,13,10,13,14,11,13,13,12,12,14,11,12,11,12,13,10,14,11,11,13,14,13,11,13,10,10,14,11,10,12,11,14,10,14,12,10,14,12,13,11,12,12,10,10,12,12,14,11,11,11,14,11,10,14,10,10,13,0,14
13,10,13,11,12,10,13,12,11,11,14,12,10,12,13,10,10,12,13,11,11,12,11,12,10,13,12,14,13,11,14,12,11,10,13,12,13,11,10,10,11,10,11,13,12,14,11,12,13,10,13,12,12,12,13,11,14,10,11,14,12,13,13,14,11,12,10,10,13,10,11,14,12,12,14,10,11,13,10,11,12,10,10,12,13,11,10,14,12,12,13,12,14,11,12,12,12,11,11,0
