R=100
Pi=(27,24,21,29,21,23,28,24,22,20,27,20,20,25,23,22,27,22,27,20,20,23,23,27,28,28,26,29,20,26,29,29,21,20,23,28,26,27,26,20,20,22,22,24,29,25,20,24,23,24,26,26,20,28,25,24,20,24,20,22,26,28,23,25,20,27,29,29,21,25,25,29,25,26,20,28,20,28,27,23,27,21,25,26,20,23,29,22,24,29,27,22,26,23,24,21,29,27,24,21)
A=
1,2,33
2,3,0
3,6,20
6,9,37
10,11,30
12,13,0
13,14,0
14,15,0
15,16,31
16,17,0
17,18,0
18,19,27
21,22,0
22,25,0
27,28,0
28,29,0
32,33,29
36,37,0
37,38,0
38,39,39
39,40,0
41,42,32
42,43,0
43,44,0
45,46,29
46,47,22
47,48,0
51,54,28
55,56,30
58,61,25
63,64,29
64,65,27
66,67,32
67,68,0
69,70,0
70,71,20
71,72,0
72,73,31
73,74,0
78,79,32
79,80,0
80,81,0
81,82,0
85,87,0
86,88,0
88,90,39
89,91,34
91,93,36
94,96,21
97,99,35
Sij=
0,9,9,9,6,6,8,7,6,9,8,8,5,9,6,9,8,5,5,9,7,6,8,5,7,5,9,6,7,6,5,7,9,7,8,9,5,9,8,5,8,5,6,6,7,7,6,8,5,8,5,9,8,9,6,7,5,9,6,5,7,6,5,5,8,6,8,8,5,6,8,9,6,5,6,6,5,7,7,5,9,6,5,8,5,6,8,5,5,6,8,6,7,7,8,6,5,5,7,6
8,0,7,7,9,5,6,7,8,7,5,6,8,6,6,6,5,6,6,5,7,7,8,7,9,7,6,7,9,6,5,6,9,5,6,6,6,9,6,8,9,9,5,7,5,9,5,9,5,5,7,5,8,5,5,8,5,5,7,6,8,8,7,6,7,9,6,7,9,5,9,6,9,7,6,7,6,5,6,5,6,7,6,8,9,9,7,9,9,8,5,6,6,5,5,5,6,9,5,6
7,8,0,9,5,6,6,5,5,9,7,6,5,8,7,9,6,7,9,7,7,6,7,8,6,5,8,9,9,7,5,6,7,9,5,7,8,7,5,7,8,9,6,5,7,6,9,7,9,5,9,8,6,6,8,9,5,9,7,5,7,6,6,8,8,5,8,5,7,9,5,8,6,6,9,8,9,6,6,5,5,6,5,8,8,6,9,5,6,6,7,8,9,5,9,6,7,8,6,6
7,8,5,0,9,5,5,7,5,7,9,9,8,8,7,9,6,5,8,9,6,5,7,8,5,6,6,8,5,7,7,6,6,9,9,7,6,5,5,8,7,9,9,8,7,7,8,9,6,5,8,6,8,9,9,5,9,9,9,8,8,6,6,7,5,8,8,8,9,5,7,5,9,5,6,7,6,9,6,8,7,7,7,5,8,6,7,6,5,9,7,7,6,7,9,6,7,6,8,8
9,5,5,6,0,7,7,6,7,7,7,9,5,8,5,5,6,9,6,9,9,5,6,8,9,7,5,8,7,5,5,9,9,6,8,9,7,6,5,7,5,9,9,9,7,5,7,9,6,7,8,6,6,7,9,7,8,6,6,9,7,9,9,7,6,7,5,8,9,6,7,9,9,9,8,9,6,6,6,9,5,6,7,9,6,9,8,6,7,5,6,6,5,5,5,6,9,7,7,5
9,8,9,9,5,0,9,7,6,9,9,6,6,5,6,9,5,6,5,5,7,8,8,6,9,5,6,9,8,9,6,9,8,8,6,9,6,7,7,9,7,7,6,7,7,9,9,5,8,6,9,9,9,6,5,6,6,7,5,9,9,9,8,7,7,9,7,7,9,6,7,8,9,5,8,5,7,6,8,5,5,5,5,6,9,6,9,7,8,5,8,9,7,8,5,7,8,8,9,8
6,7,6,6,9,6,0,5,8,8,5,8,9,8,9,8,8,9,7,8,5,5,5,9,9,8,8,5,5,5,5,6,8,6,5,8,8,9,9,7,7,5,5,9,7,6,8,5,7,9,6,8,6,5,8,7,6,8,6,8,5,6,5,8,7,9,5,8,8,6,9,9,5,9,5,5,9,5,6,8,9,7,8,5,9,7,9,8,7,7,6,5,7,5,6,6,5,7,7,8
5,5,6,6,9,7,8,0,6,9,8,8,5,7,8,8,7,7,9,8,5,9,7,5,6,9,9,7,9,7,9,9,6,8,7,7,9,5,7,5,6,8,8,8,8,8,6,8,8,7,8,8,6,9,6,9,8,5,5,6,5,9,9,9,5,9,7,7,9,6,9,6,5,8,6,6,5,8,6,7,8,6,8,6,8,5,8,7,6,7,8,8,5,5,5,6,9,8,8,9
6,8,8,6,7,7,7,7,0,7,5,8,5,8,8,8,9,6,7,5,9,6,5,5,7,8,5,6,5,7,9,7,6,9,7,5,9,7,7,8,6,7,5,9,6,8,7,9,6,7,6,5,6,8,9,7,6,7,6,7,7,5,7,5,7,7,6,5,6,7,8,6,8,8,8,6,6,5,9,8,5,5,5,7,6,8,5,8,5,9,9,6,6,9,6,6,5,5,7,8
6,6,8,8,9,5,7,7,5,0,7,6,5,8,7,7,6,9,9,8,8,6,8,5,7,8,6,9,9,6,6,6,6,8,5,7,8,7,6,8,6,6,8,8,7,7,8,8,9,7,5,6,5,6,8,7,7,6,5,5,7,5,7,6,8,6,5,7,8,9,8,8,7,6,7,6,8,5,7,9,9,8,5,6,6,5,6,9,9,8,9,7,6,6,5,6,8,6,5,6
7,6,9,9,9,7,8,8,8,7,0,8,7,9,6,6,9,9,6,9,7,5,5,8,5,5,5,6,6,6,6,7,6,5,5,7,7,8,5,7,9,6,7,6,6,9,7,8,5,5,5,6,7,7,7,6,6,7,9,9,8,5,7,7,7,9,6,6,8,8,8,6,8,8,5,6,7,9,6,5,7,7,5,5,5,5,5,9,8,9,6,5,9,6,9,8,8,9,8,7
7,5,9,7,7,9,7,9,6,5,8,0,7,6,8,6,5,9,6,7,7,9,7,8,8,7,7,6,7,9,6,7,7,5,9,8,7,8,8,8,5,7,5,7,7,5,9,9,5,9,8,9,7,7,6,8,9,6,5,5,9,7,9,5,5,7,6,6,7,9,9,7,6,7,6,9,8,9,5,8,7,8,6,7,5,7,5,9,9,5,8,5,7,8,9,7,8,5,7,5
9,7,6,5,5,6,7,9,5,6,9,5,0,6,7,7,5,6,6,9,7,6,6,7,6,6,8,5,8,8,9,6,8,7,5,8,9,7,5,7,8,9,6,9,7,6,8,9,9,5,9,6,6,5,5,8,8,5,5,9,6,6,9,5,6,5,5,7,5,9,7,8,5,9,6,7,9,7,9,9,7,9,5,7,9,7,5,8,7,6,5,9,6,6,5,7,9,5,7,6
5,5,8,5,8,6,5,6,9,7,8,6,6,0,5,6,7,5,7,6,9,5,7,5,9,8,8,6,9,9,8,7,8,9,8,8,7,5,5,9,7,7,9,9,9,7,8,8,5,9,7,7,7,9,8,6,8,5,9,6,9,9,5,6,6,9,9,6,7,7,9,7,9,8,8,6,6,8,5,6,9,5,6,5,6,5,5,9,6,6,5,6,6,9,9,8,7,7,7,5
7,7,5,8,5,5,8,9,5,6,5,5,9,8,0,6,9,8,5,9,5,9,5,9,6,6,7,5,5,8,5,9,8,5,5,8,7,5,7,5,6,7,6,9,5,5,5,6,7,8,5,9,6,7,7,6,7,8,8,7,7,9,7,5,9,6,6,9,9,5,8,8,5,9,8,8,8,5,8,5,5,6,8,7,7,5,7,6,8,8,5,9,7,5,7,7,9,5,9,8
9,5,6,7,9,7,9,7,9,9,7,6,9,7,6,0,6,6,5,7,9,9,5,6,5,9,9,6,5,7,6,8,7,6,5,6,9,9,5,8,5,6,5,7,9,6,8,9,9,9,6,5,9,7,5,9,8,9,5,8,9,5,8,9,7,5,5,5,8,6,6,6,6,7,6,8,8,8,7,9,5,5,7,6,5,5,9,9,6,6,8,5,8,6,9,5,7,5,9,8
5,8,5,8,7,9,9,6,6,6,5,5,6,5,7,8,0,8,7,9,7,5,5,8,7,8,5,8,9,8,6,5,8,8,8,9,7,9,9,8,5,6,7,8,9,5,7,8,7,9,5,6,9,6,7,7,5,9,8,5,6,6,5,8,9,6,7,6,7,6,5,9,9,9,8,6,8,6,9,6,5,7,6,9,7,9,5,6,6,6,8,8,6,9,6,9,6,9,9,8
8,5,5,5,9,5,7,5,8,6,9,9,9,6,9,9,5,0,5,5,9,5,5,5,6,8,6,7,5,8,8,9,8,7,6,7,9,6,5,5,6,7,5,8,5,6,9,8,5,9,6,9,6,8,9,7,8,5,8,6,7,8,7,7,9,6,5,6,8,8,9,8,9,9,8,7,9,6,9,5,9,8,7,5,6,9,8,5,7,8,9,9,7,8,8,8,9,8,9,9
5,7,9,6,9,7,9,6,9,6,7,7,5,8,7,8,5,6,0,5,9,7,5,9,9,9,5,5,6,6,5,8,6,7,5,5,6,9,5,5,8,9,6,5,6,5,7,8,9,5,9,8,7,8,9,6,5,8,9,7,9,7,8,5,9,8,6,9,5,7,5,9,9,5,6,5,5,9,7,8,7,6,6,5,6,6,5,8,7,9,5,8,9,7,6,6,6,6,6,8
8,7,8,6,5,5,8,7,6,9,5,5,5,5,5,7,5,8,9,0,7,7,8,7,6,7,7,9,7,9,5,9,9,8,8,5,9,8,9,5,6,8,8,6,8,8,9,7,8,7,9,5,8,7,8,5,5,5,6,9,7,5,6,7,5,5,5,7,6,5,5,8,6,7,7,9,9,7,8,7,7,9,6,9,5,9,5,7,9,7,5,9,6,9,7,5,7,5,5,8
7,7,6,7,6,5,8,5,9,9,6,7,6,9,6,8,9,6,7,6,0,9,8,7,8,5,6,6,6,5,7,6,8,6,5,5,5,8,8,8,9,5,5,7,5,6,7,8,7,8,8,6,5,7,9,9,9,5,7,6,5,8,7,5,6,7,7,6,6,9,6,5,5,7,8,5,8,5,6,7,8,8,9,8,6,6,5,6,6,5,6,5,6,6,8,5,8,5,6,8
8,5,6,8,7,8,5,8,9,9,5,8,8,9,8,6,9,8,8,5,6,0,6,9,5,8,6,9,8,9,7,6,7,9,7,9,7,6,5,6,8,5,7,6,7,5,7,6,6,8,6,6,5,7,5,7,6,6,6,5,5,8,6,8,7,8,7,8,5,5,5,5,8,7,9,9,8,5,6,5,5,9,8,5,7,5,5,5,8,5,7,6,5,5,5,5,8,9,9,9
7,8,5,6,7,6,7,8,7,5,8,6,9,6,9,5,5,6,5,6,7,7,0,9,5,7,9,9,7,6,9,5,8,5,7,7,6,9,6,7,6,8,7,8,8,6,6,7,9,6,9,5,7,8,8,7,5,8,5,8,8,6,5,6,8,9,9,5,6,8,7,6,8,9,9,8,9,9,6,8,5,6,5,6,7,9,8,5,7,5,7,8,9,8,8,5,8,5,9,8
6,6,5,5,8,8,6,7,9,5,7,5,6,6,7,7,5,8,9,8,6,9,7,0,6,6,9,6,5,5,8,9,8,9,8,6,9,6,5,7,8,7,5,5,7,7,6,6,7,5,6,9,9,6,6,7,7,8,8,9,9,6,6,7,5,5,8,6,8,9,7,5,5,6,5,6,5,8,5,9,9,8,9,5,9,9,5,7,8,6,9,6,8,5,8,7,6,8,9,7
9,5,7,7,7,5,9,8,5,5,6,8,8,9,9,5,7,6,7,6,9,5,8,7,0,5,6,7,9,8,8,9,6,9,7,9,9,5,6,7,8,9,7,7,8,9,6,7,9,6,7,5,5,6,8,7,8,6,5,7,5,8,5,5,7,5,5,9,5,9,5,5,5,8,8,6,7,8,5,7,9,8,7,8,5,7,9,5,5,9,6,7,9,8,7,9,9,7,5,7
8,6,7,9,5,6,9,7,7,7,5,5,6,7,7,7,5,7,9,9,6,9,8,5,7,0,7,5,7,5,8,7,9,7,7,8,7,6,8,7,8,7,7,7,8,9,6,6,7,5,5,9,7,7,5,6,8,7,6,6,8,6,7,6,8,9,5,7,8,8,5,5,7,9,5,6,9,7,5,6,6,5,8,6,5,9,9,6,6,6,5,9,9,6,9,7,5,5,9,8
8,8,7,8,5,9,6,7,7,9,6,6,7,9,9,7,8,6,5,9,5,9,5,6,8,5,0,5,5,5,8,6,8,7,7,8,8,8,9,5,6,8,7,9,7,9,8,7,5,6,6,9,8,9,9,8,9,8,5,9,5,8,5,6,9,7,8,8,9,6,6,9,8,5,9,6,7,9,7,7,5,7,5,9,8,8,7,8,8,9,9,5,7,5,5,7,7,5,5,9
6,9,7,9,9,7,6,7,5,8,5,9,5,8,8,7,8,6,8,5,5,9,5,5,6,6,7,0,7,5,7,8,7,9,8,6,6,5,6,9,5,7,9,8,9,8,5,9,8,6,8,9,6,7,9,9,6,8,7,7,8,5,8,7,8,5,8,9,7,7,7,7,6,6,7,7,5,6,6,6,6,7,8,6,6,7,7,5,5,8,9,8,7,8,6,5,9,7,9,9
5,5,7,5,9,6,7,9,9,6,9,9,6,6,6,6,6,7,5,5,7,7,9,8,7,8,9,8,0,5,7,8,8,6,7,5,5,9,7,6,5,5,8,5,8,9,5,6,6,7,9,8,6,6,9,6,7,6,8,8,5,6,9,8,6,7,5,7,9,5,5,6,8,5,5,9,9,6,5,9,7,7,8,5,6,9,7,6,6,5,7,9,5,9,6,8,6,9,8,5
8,7,7,5,7,8,9,6,6,5,7,6,5,9,6,8,8,8,7,7,5,8,5,8,8,5,5,9,9,0,6,8,9,8,5,5,9,9,7,8,8,9,5,5,6,8,6,9,6,8,7,9,7,7,6,5,9,6,8,7,6,7,5,6,9,6,8,7,9,8,6,8,6,5,8,8,9,8,9,5,6,6,8,5,6,6,6,6,6,5,6,8,6,5,7,5,9,9,5,5
9,8,9,8,7,8,8,6,9,7,5,6,7,7,5,9,8,9,5,7,5,6,6,9,7,7,7,6,8,7,0,8,5,7,8,6,8,7,5,8,7,8,9,7,9,9,9,5,8,9,7,7,5,8,7,9,8,7,9,5,9,6,7,8,6,8,9,8,8,6,7,7,7,5,7,9,6,9,6,9,7,6,8,7,5,5,8,6,5,9,7,5,7,9,9,6,6,6,6,5
5,6,7,7,6,5,9,9,6,8,8,9,5,9,8,7,7,9,7,5,5,7,8,9,8,7,5,7,6,6,7,0,9,7,6,9,5,9,6,5,5,5,8,5,6,5,8,9,7,6,6,8,6,8,5,9,7,8,7,8,9,9,6,8,9,5,8,6,9,5,7,8,6,9,6,5,7,6,6,9,5,7,7,6,9,8,6,6,7,6,6,7,6,7,6,5,8,9,6,6
6,7,5,6,8,8,7,7,6,5,7,6,6,8,8,7,7,5,9,6,8,7,8,7,8,5,6,8,7,6,6,7,0,5,5,7,7,6,6,8,6,5,9,9,6,9,5,5,8,9,9,8,8,5,9,7,9,8,8,7,8,6,8,9,5,8,5,5,6,5,6,5,5,6,7,5,9,7,7,8,8,9,8,9,8,7,8,7,5,8,8,9,8,8,5,9,6,5,9,8
8,9,9,7,8,8,7,6,7,9,7,6,6,9,9,8,8,9,5,7,5,8,5,7,7,6,7,7,6,8,8,9,8,0,8,9,8,9,5,6,5,9,6,9,6,5,7,7,8,8,6,5,7,9,6,7,5,9,6,5,6,6,5,5,8,5,8,8,7,9,6,8,7,8,9,8,9,8,9,7,9,9,8,9,9,7,6,9,6,6,9,8,8,5,9,9,9,5,5,5
7,8,5,9,6,8,7,9,9,8,7,6,5,9,5,6,7,5,5,6,8,8,6,6,5,8,5,7,8,5,8,8,8,8,0,9,5,9,8,7,6,9,7,5,8,8,7,7,8,9,7,6,8,9,9,7,9,7,8,8,8,7,5,6,9,5,9,8,7,9,9,7,9,8,9,6,6,8,8,7,8,5,6,7,5,9,9,9,8,6,5,8,5,5,9,8,9,6,6,7
9,8,5,9,9,5,7,5,5,7,5,5,8,6,5,8,6,7,5,9,5,9,9,6,8,6,7,8,9,5,7,5,7,5,8,0,5,9,6,8,5,7,9,9,6,6,9,9,9,5,6,6,6,5,6,7,9,8,9,5,8,7,8,6,9,5,9,8,8,7,5,8,9,9,5,7,6,5,8,5,8,6,8,8,8,8,5,5,5,8,8,6,5,6,5,7,8,7,5,5
6,6,6,6,5,7,7,7,9,9,5,9,9,8,6,6,9,5,8,5,5,8,7,9,9,8,7,8,8,8,8,8,5,8,8,7,0,5,7,8,5,6,7,6,6,7,9,7,6,9,8,8,8,9,9,9,8,8,7,7,6,5,9,8,6,5,6,8,5,5,9,6,7,6,7,8,8,7,6,6,9,6,5,8,5,9,5,9,5,9,5,8,7,9,6,5,7,8,9,6
5,5,6,6,5,7,6,6,6,6,6,5,7,5,7,5,9,5,8,6,9,7,7,6,5,5,8,7,9,7,6,9,7,9,5,8,5,0,9,8,7,8,8,7,9,7,9,6,7,7,6,5,7,5,7,6,8,7,9,6,9,9,9,6,8,5,6,7,8,5,8,5,5,6,6,8,6,5,8,8,5,9,5,5,8,7,9,9,5,7,7,6,5,8,9,7,8,6,8,9
6,6,7,7,8,6,5,5,8,8,5,7,9,5,5,9,8,9,8,6,5,7,7,5,7,7,9,7,7,8,9,9,6,8,7,8,6,8,0,6,7,7,8,5,6,7,9,6,9,7,5,9,9,7,7,8,8,9,7,9,5,6,7,7,5,8,5,6,5,8,6,7,9,7,6,9,6,6,5,7,8,6,9,9,7,9,5,6,9,5,8,9,9,9,6,5,9,6,5,7
6,8,6,6,5,7,9,7,6,8,6,7,8,9,5,9,6,7,5,6,8,8,6,5,9,6,8,5,6,6,9,5,6,8,5,5,9,8,8,0,9,9,7,5,6,8,6,5,9,9,6,8,6,5,9,8,8,6,6,7,8,9,9,6,5,8,5,6,5,8,5,9,8,9,5,6,6,8,9,6,7,6,8,6,9,7,7,9,7,9,7,8,8,5,9,5,5,6,5,8
7,5,5,5,8,7,9,7,5,7,7,9,6,5,9,7,5,7,6,7,5,6,8,6,6,7,6,8,9,9,5,9,8,6,8,7,5,8,7,7,0,8,5,9,9,7,8,6,8,5,6,9,7,9,7,7,6,6,9,9,6,5,6,8,5,7,7,6,5,6,7,7,7,5,8,9,5,7,9,9,7,5,7,7,7,5,7,9,5,9,6,5,6,8,6,6,7,7,8,6
9,6,6,6,7,9,6,7,5,8,6,9,7,5,6,5,8,8,5,5,5,8,6,5,5,7,5,9,9,7,7,8,8,7,9,5,9,5,9,7,8,0,9,8,6,7,6,8,6,6,5,8,8,6,7,6,6,5,5,6,5,9,7,8,8,6,8,5,9,5,6,6,7,8,8,7,5,9,9,8,8,9,9,7,8,9,8,7,6,6,8,9,8,8,9,8,5,6,5,9
8,6,8,5,5,9,5,9,7,5,5,6,6,7,8,6,9,5,5,9,8,6,9,7,7,6,7,8,9,9,7,9,9,9,9,7,5,9,6,9,8,8,0,9,5,5,6,8,6,5,7,9,5,6,5,6,7,6,6,8,9,7,6,5,8,8,6,7,6,8,6,6,9,8,5,5,9,7,8,6,5,7,6,8,6,5,6,8,8,8,6,5,8,5,7,6,7,8,5,7
9,9,7,7,9,6,9,7,5,9,7,9,7,9,8,7,6,8,8,7,6,7,8,8,6,5,7,8,5,9,8,6,6,5,6,5,5,8,8,5,6,9,8,0,8,5,6,8,9,7,5,5,8,9,8,6,6,5,8,5,9,8,5,6,6,6,6,8,6,7,7,6,7,9,8,6,6,9,5,7,9,6,8,6,5,8,9,6,8,9,5,5,6,7,9,6,5,8,6,7
9,8,6,6,5,8,7,8,6,6,9,6,5,5,5,7,9,9,5,7,6,9,5,7,7,6,5,5,5,6,6,8,7,7,7,6,5,7,5,7,5,6,5,6,0,9,8,5,5,6,6,7,6,7,9,6,5,8,9,8,9,8,7,8,9,5,6,9,7,7,9,7,7,8,8,6,5,8,8,7,9,6,9,8,8,9,5,6,8,6,7,8,5,8,6,8,8,7,6,6
8,9,7,8,7,9,9,7,8,7,6,7,9,6,9,7,9,9,9,5,5,9,5,6,5,6,6,9,7,5,8,7,6,7,8,5,9,6,6,9,5,8,7,5,9,0,9,8,8,8,8,9,9,8,5,6,8,8,5,7,6,8,9,9,8,8,9,5,7,8,9,8,7,7,5,5,7,6,9,7,5,7,7,5,8,5,9,8,5,6,9,6,8,8,9,5,5,8,9,7
5,9,5,5,9,5,6,6,7,5,8,7,8,8,6,8,5,8,6,7,9,5,9,6,8,7,9,9,8,9,9,8,7,7,6,6,7,6,6,8,8,8,5,5,7,7,0,8,5,6,6,9,6,7,7,7,5,9,8,6,7,5,7,8,8,6,5,9,6,6,5,5,9,7,7,8,5,9,9,9,6,9,8,7,6,9,7,6,9,9,6,7,8,5,8,7,6,5,7,8
6,7,6,8,6,5,5,9,9,8,7,5,9,9,5,8,6,5,6,8,8,8,5,6,5,8,6,9,9,5,7,5,7,5,7,8,7,5,5,5,8,8,6,6,7,6,7,0,9,9,5,5,6,8,8,5,8,7,5,8,8,8,6,5,9,6,7,7,9,6,7,5,6,9,6,5,9,7,8,9,9,6,7,9,8,9,6,6,8,5,9,5,7,6,7,6,6,8,7,5
5,8,7,8,6,5,8,6,7,8,5,5,9,6,9,6,6,7,6,9,9,5,8,8,6,6,8,5,6,9,8,6,9,8,9,5,8,9,8,8,5,9,9,5,5,8,6,5,0,7,5,5,9,7,7,5,9,9,8,6,9,6,8,9,7,5,9,6,5,7,8,8,7,9,8,8,9,6,8,8,8,5,7,7,6,9,8,9,6,7,9,6,9,7,8,6,7,5,6,5
5,7,5,8,9,7,7,5,8,9,5,8,6,5,8,9,8,6,8,8,7,5,9,8,7,6,8,9,5,6,6,9,9,8,8,5,9,8,8,9,6,7,5,7,6,5,5,9,9,0,8,7,6,6,8,7,5,8,7,6,7,8,8,9,7,8,6,9,7,7,7,9,5,7,9,6,9,9,6,6,7,6,9,9,7,8,9,8,6,5,7,6,7,7,5,5,8,7,8,9
5,6,7,7,6,9,7,8,7,6,8,5,7,5,8,6,8,8,7,8,8,7,7,7,9,6,7,7,6,8,8,6,6,6,6,5,9,7,7,7,5,6,6,9,6,6,9,6,9,9,0,7,9,5,9,6,7,8,9,7,5,7,5,6,8,8,7,9,5,9,7,7,6,5,9,7,6,6,8,5,8,6,5,8,7,6,8,6,6,5,8,7,9,9,7,5,5,9,7,5
9,7,8,7,6,7,5,8,5,6,9,5,5,9,9,8,7,7,9,7,5,5,7,5,5,5,7,6,8,9,7,7,8,7,6,5,7,7,7,9,5,9,6,9,5,8,7,9,5,8,8,0,8,5,5,5,8,9,8,6,5,9,9,5,5,9,7,6,7,7,8,6,9,9,9,7,5,9,7,5,7,8,8,5,5,6,9,7,8,6,7,6,9,5,6,9,5,9,5,5
7,6,9,6,7,7,8,8,5,8,9,8,6,8,9,6,6,8,9,9,9,5,8,5,5,6,6,8,8,9,6,6,9,7,7,6,9,6,8,8,7,6,7,5,7,8,9,6,6,5,8,6,0,9,6,5,7,7,8,6,5,5,5,9,5,6,7,9,9,5,7,7,5,5,6,6,8,8,8,8,6,7,9,7,7,6,9,7,7,6,9,8,6,9,7,7,7,6,6,8
9,9,5,6,8,7,8,6,7,9,7,9,9,9,9,8,5,8,7,8,7,9,6,7,5,9,6,5,7,9,9,6,6,9,8,7,6,8,8,5,8,8,5,8,9,5,9,6,9,9,6,8,9,0,8,5,9,7,7,5,9,6,7,8,8,9,5,8,9,6,7,6,6,9,6,5,9,9,8,7,5,5,5,5,8,7,6,7,8,8,9,9,9,8,9,8,5,9,7,8
9,6,9,9,7,8,9,8,7,7,6,5,9,9,9,9,6,6,5,5,8,8,5,6,7,7,7,8,5,8,5,9,7,9,8,8,5,5,8,5,7,7,9,5,7,9,5,9,8,9,7,8,9,6,0,5,5,6,8,7,9,5,6,8,9,6,6,7,5,6,6,8,6,8,5,7,6,8,9,9,8,6,8,9,5,6,7,5,6,8,7,7,7,7,8,9,6,8,5,8
5,6,5,8,7,6,6,5,9,8,8,7,6,8,9,7,7,7,7,7,9,6,6,6,8,8,5,8,9,5,6,7,7,5,9,6,6,5,6,9,5,6,6,7,9,5,5,8,8,6,7,9,5,7,9,0,8,5,8,9,9,5,7,5,8,6,6,9,6,9,8,6,7,5,8,7,7,5,8,6,7,7,7,5,8,8,7,6,9,6,5,5,7,5,7,8,7,6,7,6
8,5,9,8,9,9,9,8,7,5,6,8,6,7,7,6,8,7,7,5,9,9,5,9,9,7,8,6,7,9,5,6,7,7,7,7,7,8,5,8,8,8,9,9,5,6,8,5,8,6,5,9,8,7,6,9,0,5,5,9,7,6,7,6,7,5,9,6,9,9,9,8,9,6,9,6,5,9,5,9,8,8,8,8,6,9,5,7,9,5,8,6,7,9,7,7,5,7,6,9
5,5,9,5,8,7,5,7,9,5,6,9,9,6,5,9,7,9,5,8,9,7,6,8,6,8,6,5,9,6,5,8,8,6,8,7,8,8,5,9,8,7,7,8,8,8,7,6,8,8,9,6,6,7,9,8,8,0,5,9,5,5,5,8,8,5,8,6,8,7,8,5,9,9,6,5,7,9,7,5,8,5,5,6,5,6,9,6,5,7,5,8,8,9,9,8,7,8,9,8
5,6,9,9,5,8,5,6,5,6,6,9,6,5,5,9,5,8,8,6,5,7,5,5,6,9,7,5,9,7,8,9,9,8,9,6,6,6,6,7,5,7,5,8,5,6,7,7,8,5,7,8,5,8,8,8,5,8,0,7,6,5,5,7,7,8,7,9,7,6,9,7,9,7,5,5,7,6,6,5,5,6,9,6,8,5,9,9,6,9,5,5,8,8,5,6,5,5,7,5
7,6,9,6,8,7,7,6,9,7,5,7,9,7,6,9,6,9,8,7,9,8,8,7,5,8,9,5,7,9,5,7,9,6,7,8,6,7,7,6,7,7,9,8,9,8,6,5,6,5,9,6,6,5,5,9,8,7,6,0,5,8,6,9,5,7,8,7,7,9,8,8,9,6,7,9,6,8,9,8,6,7,8,9,6,9,9,6,9,5,8,9,9,5,7,7,6,8,9,5
5,5,8,5,8,7,9,9,8,5,9,5,8,8,9,7,9,7,7,5,8,6,8,6,6,8,8,9,8,9,8,7,9,9,8,5,8,7,5,8,9,9,7,8,6,7,5,6,5,5,7,8,5,8,7,8,6,7,9,5,0,9,5,6,9,6,6,5,9,5,9,8,7,7,9,6,9,9,5,5,8,7,7,8,8,6,5,6,6,7,9,8,6,8,5,9,8,8,8,6
9,7,6,5,6,6,5,6,6,7,7,9,6,6,5,7,6,7,7,7,6,9,9,7,6,5,6,8,6,9,7,6,5,8,5,6,6,6,6,6,5,8,5,9,9,9,7,5,8,7,7,6,5,6,5,5,7,8,9,6,9,0,7,9,6,9,6,8,8,6,8,6,9,5,6,6,7,9,5,8,6,8,6,5,9,6,6,5,9,8,5,9,7,7,5,6,8,9,8,9
7,5,9,8,9,5,8,5,8,9,7,5,7,5,8,7,8,6,5,5,7,5,9,9,6,9,9,7,9,9,7,8,5,5,5,5,9,8,5,8,8,6,7,9,6,9,7,6,8,7,8,7,8,8,7,7,6,9,7,5,6,5,0,5,9,7,8,9,6,5,7,8,9,5,7,6,6,8,9,8,6,6,7,8,6,5,5,9,7,7,8,9,9,5,5,6,8,5,7,7
7,9,5,6,6,9,9,6,6,6,5,8,6,5,5,8,9,6,9,8,6,9,7,8,7,8,8,8,5,5,8,6,5,7,6,7,6,5,7,7,6,9,7,5,7,9,7,9,5,6,7,7,6,8,5,8,7,6,9,7,5,5,5,0,6,8,9,7,9,9,8,7,8,8,6,7,7,6,6,6,7,6,9,8,9,8,6,5,7,6,8,9,5,6,9,6,6,8,6,7
7,6,7,9,7,9,8,8,9,6,8,7,5,9,6,6,5,6,6,8,7,8,5,8,6,8,7,7,8,9,5,8,9,8,8,6,8,5,6,9,9,7,5,5,7,6,8,5,9,8,6,9,7,8,5,9,5,9,8,8,7,5,9,9,0,5,5,7,7,6,5,8,5,5,6,8,9,7,5,5,5,9,7,8,5,8,6,5,6,8,9,5,9,6,7,7,8,8,6,9
7,8,6,8,9,9,5,8,5,9,5,6,5,8,8,8,5,7,9,6,9,9,6,8,6,9,8,8,8,9,5,6,6,5,8,6,7,8,8,5,7,8,5,6,7,8,5,6,8,8,6,6,9,5,5,7,6,8,6,5,5,7,5,5,9,0,9,9,9,9,6,6,7,8,8,8,6,9,9,5,8,8,7,9,9,8,8,7,6,5,6,5,9,6,8,9,5,7,9,7
7,8,6,6,7,7,9,7,5,6,9,7,7,7,8,6,8,7,6,7,5,7,8,8,7,6,6,5,5,8,8,8,5,7,8,9,7,6,7,6,8,6,6,9,6,8,8,7,8,6,6,7,6,6,6,5,5,7,8,6,6,8,6,7,8,5,0,7,9,9,8,9,7,5,9,8,8,5,8,7,8,7,9,7,9,6,5,7,8,5,7,8,9,7,5,5,5,9,9,6
6,6,8,8,9,6,9,7,6,8,8,9,7,5,9,8,7,6,7,5,8,8,8,9,6,5,9,9,9,9,8,9,6,7,6,7,9,5,8,7,7,7,5,5,7,8,6,9,7,6,7,8,6,8,8,8,7,9,6,8,7,9,8,7,9,8,7,0,5,9,7,9,6,8,5,8,5,7,8,6,8,8,5,7,7,6,9,7,8,8,7,9,5,8,9,9,7,9,7,5
8,5,5,5,9,7,6,5,5,5,7,5,9,7,8,5,7,7,5,6,5,6,9,6,6,8,9,7,8,5,5,6,5,8,8,7,7,9,7,5,9,9,6,7,6,7,9,7,5,9,7,5,8,5,9,7,6,9,9,6,8,8,6,5,9,6,5,5,0,9,6,7,7,9,5,6,6,9,6,5,8,8,6,7,9,7,5,7,9,8,6,6,8,5,6,6,5,7,6,8
9,7,9,8,9,7,5,5,8,9,8,7,9,8,5,7,7,6,7,7,9,8,5,6,8,9,8,7,8,8,5,9,8,8,5,6,9,7,7,7,7,9,9,5,5,8,6,9,9,8,9,9,9,9,8,5,6,7,5,9,8,8,7,9,8,9,9,6,7,0,8,8,9,8,9,9,5,9,5,6,9,7,8,7,9,9,6,9,9,9,5,5,6,7,8,9,9,6,9,6
5,9,5,7,6,5,9,5,9,9,8,6,5,6,5,6,9,6,8,5,6,9,5,7,7,8,7,7,5,5,5,8,9,8,5,5,7,6,6,8,9,6,9,5,5,8,9,9,6,6,9,8,8,9,5,6,9,7,9,7,8,7,9,8,8,5,6,6,6,5,0,9,8,5,5,6,5,9,9,6,8,9,7,6,9,6,7,5,5,8,9,6,5,6,8,9,6,6,6,6
5,7,7,8,5,6,6,8,7,8,9,6,9,5,5,7,6,6,9,7,5,9,6,8,7,8,9,6,6,5,9,8,8,8,6,6,7,9,5,7,5,9,7,7,9,7,7,9,6,5,8,5,6,8,5,5,5,9,5,7,7,9,6,7,9,5,7,5,8,8,5,0,6,5,6,6,6,7,9,8,9,6,9,5,5,6,8,6,9,7,6,6,7,8,8,5,5,7,9,8
8,9,6,5,7,5,6,9,9,6,9,7,6,5,5,5,7,9,6,6,5,8,8,8,7,7,8,8,7,6,6,8,7,6,5,9,5,9,7,5,9,8,6,7,7,8,9,7,7,7,7,6,6,8,7,9,6,7,8,9,6,8,7,8,5,6,5,5,9,5,5,8,0,6,5,6,6,7,5,6,8,8,6,5,9,9,5,6,9,8,6,8,7,6,8,8,6,6,8,7
5,8,8,7,6,7,9,9,5,7,6,7,6,6,9,6,5,8,8,9,5,5,5,7,8,7,8,7,8,7,5,5,8,8,6,5,9,8,8,6,9,5,5,7,7,8,7,6,6,6,7,8,7,9,6,9,7,6,8,9,9,7,6,8,6,5,8,8,5,9,6,7,9,0,6,9,5,5,8,9,9,5,7,5,6,9,6,7,9,6,6,7,7,5,9,7,7,8,6,5
6,5,9,5,7,9,5,8,6,9,6,9,8,6,8,8,6,6,9,9,9,7,9,6,8,6,8,6,5,8,6,6,8,8,7,9,6,6,8,6,8,8,6,9,5,6,8,6,6,5,5,5,9,7,5,8,5,7,7,5,5,9,8,7,8,9,6,5,8,8,7,5,8,7,0,6,6,6,5,5,7,7,7,5,9,7,5,7,6,7,8,9,8,9,7,6,9,9,8,5
5,5,8,7,7,7,5,7,6,6,8,7,5,7,5,7,8,8,8,5,7,7,5,7,9,9,9,6,5,6,6,7,8,9,9,6,9,5,7,7,7,8,6,5,9,6,9,6,9,5,7,5,5,8,8,8,5,6,7,8,8,9,6,9,9,6,8,5,7,8,8,7,6,6,8,0,8,6,5,8,7,5,7,6,5,8,6,6,5,5,6,6,8,8,9,8,7,7,6,5
7,8,8,9,5,7,5,9,9,9,9,7,5,8,9,7,5,7,5,5,7,5,8,9,5,7,5,9,6,8,5,6,9,9,5,9,6,8,5,8,8,6,7,5,6,8,5,9,8,6,7,5,6,6,7,7,5,8,8,8,7,5,7,5,9,8,7,6,7,9,5,7,6,7,6,6,0,8,7,8,6,6,5,5,9,5,5,9,8,6,8,9,8,9,7,6,8,9,6,5
7,6,9,7,8,5,9,8,9,9,6,8,7,5,6,6,7,9,7,5,9,8,9,9,8,5,7,7,9,6,8,7,7,6,5,5,7,7,6,9,5,6,5,8,9,9,7,8,7,6,9,8,6,5,6,9,6,9,8,8,8,6,9,8,6,9,6,5,9,5,9,9,7,8,9,7,8,0,6,9,9,7,9,5,8,7,9,5,6,5,6,9,7,9,8,5,8,7,7,7
5,8,6,8,7,6,9,5,7,6,9,5,5,5,9,5,9,6,6,5,6,8,5,9,8,6,6,5,9,8,5,9,6,8,9,5,6,5,8,6,7,9,8,5,5,5,9,7,9,7,6,7,6,6,6,6,7,6,5,5,5,9,6,9,5,9,9,6,5,8,9,8,8,9,8,7,5,5,0,9,7,7,9,5,7,6,8,8,9,7,7,7,9,9,7,6,8,8,9,9
6,6,7,6,6,7,8,8,6,7,8,6,7,7,8,8,5,8,8,7,6,6,9,8,8,5,5,8,6,8,9,8,5,5,7,6,9,8,9,9,8,5,6,7,8,6,5,6,6,9,5,9,9,7,7,9,6,8,8,5,7,9,7,7,7,9,5,7,9,6,8,6,9,9,8,6,5,7,5,0,6,5,8,6,6,7,5,9,8,7,8,5,5,5,8,7,9,8,8,9
8,5,7,6,9,6,8,5,5,8,6,9,8,8,6,5,8,7,5,9,7,5,7,5,6,6,7,6,5,6,9,8,6,8,6,5,7,7,6,5,8,9,9,5,5,9,6,7,8,8,8,6,7,8,6,8,8,7,5,8,8,7,5,8,8,8,7,5,7,5,7,6,5,9,5,8,6,7,9,6,0,5,5,8,7,7,8,5,7,7,7,7,5,6,8,6,6,9,5,6
7,7,6,9,7,5,7,5,8,7,7,7,5,8,9,7,8,8,7,6,9,8,9,7,9,7,7,9,7,7,9,9,5,6,6,9,8,5,5,6,5,8,7,9,5,5,7,6,7,5,8,7,6,9,6,9,7,8,5,5,8,7,8,5,8,8,6,9,6,9,9,7,8,6,5,6,6,5,7,8,5,0,6,7,6,9,6,8,6,9,7,7,9,5,9,8,7,9,6,5
7,9,7,9,7,6,5,9,9,8,9,8,6,6,6,5,6,5,6,5,7,9,9,5,9,7,9,7,8,7,8,7,9,9,5,9,7,6,9,9,8,7,8,7,9,9,5,8,8,9,6,6,8,6,8,7,9,7,5,9,7,8,5,7,9,7,9,7,6,7,7,5,5,6,7,5,6,7,5,5,7,5,0,8,9,6,7,8,8,6,8,9,9,6,9,7,9,6,5,8
7,9,7,7,6,7,6,5,6,8,7,5,7,7,9,7,7,5,6,6,7,8,6,6,7,7,8,9,6,9,7,8,5,8,7,5,5,8,6,6,9,6,7,9,8,7,7,6,6,7,5,9,5,9,5,8,8,5,9,9,8,6,9,6,6,8,9,8,9,9,7,8,8,9,6,5,5,6,8,9,5,6,7,0,8,9,7,8,6,7,9,6,9,8,7,7,8,6,6,8
9,8,8,7,7,5,6,5,6,8,9,7,7,7,9,8,7,8,6,6,8,5,8,5,5,7,7,9,6,6,8,9,9,8,8,6,7,9,5,7,8,7,6,8,8,6,9,7,9,9,5,9,5,9,9,8,5,7,6,9,7,6,9,5,9,5,8,9,8,8,6,8,8,8,8,6,9,5,7,8,8,5,5,7,0,5,8,8,5,8,5,6,9,7,6,9,6,7,6,8
7,8,5,8,6,7,6,6,7,5,8,9,5,9,8,6,7,6,7,9,6,7,8,5,7,6,6,6,7,8,7,8,7,6,5,5,8,6,8,9,9,7,6,9,9,6,5,9,9,9,7,5,5,7,7,5,9,9,5,9,6,5,9,8,8,5,6,8,9,7,8,5,7,7,5,8,5,9,6,6,6,6,6,7,6,0,6,8,5,9,5,6,8,6,9,8,8,8,7,5
9,9,7,5,7,6,6,7,7,7,8,9,5,8,9,8,9,9,7,7,6,6,6,8,9,6,9,9,8,9,6,9,8,8,6,6,8,6,9,5,9,9,6,7,6,5,5,5,6,5,9,8,6,9,8,7,8,9,6,5,7,6,8,7,5,8,5,6,6,7,9,8,9,7,8,7,5,8,6,8,5,9,7,8,5,8,0,8,8,5,9,8,9,9,8,7,7,5,8,7
7,5,8,8,9,5,5,9,9,6,6,6,9,7,8,5,8,9,5,7,7,5,6,6,6,8,5,8,5,9,6,6,7,6,9,8,6,5,7,7,9,8,9,7,9,8,9,6,6,8,9,8,5,5,9,7,8,7,6,6,5,6,8,9,5,9,8,8,8,5,8,7,6,7,7,8,6,9,6,8,9,8,7,7,5,7,5,0,7,6,6,5,9,9,6,7,7,5,9,7
9,9,5,8,6,5,6,6,8,8,6,6,9,5,7,7,6,9,6,9,7,8,6,6,6,5,9,8,9,5,9,8,6,6,6,9,8,9,6,6,8,6,7,8,5,5,5,8,6,9,6,8,8,9,5,5,7,9,7,5,6,8,6,7,8,7,9,7,9,8,8,6,7,9,6,5,6,7,6,5,9,6,6,5,8,6,5,7,0,6,6,6,9,6,5,5,9,9,9,5
7,6,8,9,8,5,9,5,8,7,9,9,5,7,7,6,9,6,6,8,7,7,7,6,7,6,9,9,7,9,7,6,6,7,9,8,5,7,8,5,9,5,6,9,6,6,6,6,9,8,5,7,8,5,8,9,9,6,6,6,6,9,8,9,5,8,8,7,7,8,6,7,7,5,9,7,6,7,5,6,5,7,5,8,8,9,7,5,8,0,5,9,8,5,7,8,5,6,7,8
8,8,8,9,5,7,8,9,7,6,6,8,6,6,9,5,8,8,5,6,5,5,7,8,7,8,7,6,5,7,9,5,9,9,6,8,6,8,9,5,5,5,5,9,7,6,8,7,6,6,5,6,6,5,7,7,5,9,6,6,5,6,9,5,7,5,8,7,5,5,9,5,8,9,5,5,5,8,5,5,5,9,5,8,6,7,9,8,6,8,0,7,7,6,8,9,8,6,9,7
7,8,6,7,5,7,9,7,6,9,6,7,7,8,6,6,5,5,5,8,9,5,5,5,6,8,6,9,5,9,7,9,5,6,8,7,8,7,9,6,7,5,8,8,9,6,5,8,5,6,9,7,5,5,7,7,7,5,5,7,5,5,6,6,7,7,6,6,5,8,7,7,6,9,6,9,7,7,5,5,7,8,8,9,5,9,9,5,8,6,5,0,7,7,7,5,6,8,6,5
7,9,9,8,6,8,6,6,6,8,8,9,5,5,5,9,7,7,7,6,8,8,6,8,9,8,9,5,8,8,5,6,5,6,8,5,8,5,6,5,8,7,7,6,5,6,9,7,6,7,8,9,5,5,6,9,7,6,8,8,9,5,8,8,8,6,9,8,6,9,6,6,5,7,7,6,5,5,8,8,8,6,9,5,9,6,6,9,5,8,8,7,0,6,8,5,8,8,9,7
8,6,6,5,6,6,6,8,7,8,9,9,6,8,5,5,7,6,7,8,7,5,5,8,7,6,8,5,7,6,8,7,5,8,9,6,6,5,7,9,7,7,8,6,5,9,6,9,5,7,8,6,6,6,5,7,6,8,7,9,7,6,6,5,9,6,8,8,8,9,8,6,8,7,5,5,7,9,7,8,5,9,5,9,8,6,6,9,8,7,5,8,7,0,8,6,6,5,7,6
8,6,7,6,5,9,6,8,8,6,9,5,7,5,9,9,8,6,6,7,7,5,9,5,5,9,9,8,5,5,8,9,9,7,8,7,7,8,9,5,6,8,7,8,8,6,7,7,8,9,8,5,8,5,8,7,6,7,5,6,9,7,8,7,7,5,6,9,6,7,6,9,6,6,5,9,8,6,7,8,6,6,5,6,6,8,5,9,9,6,5,5,7,7,0,5,9,5,9,6
7,5,8,6,5,7,9,8,6,9,9,9,5,5,6,5,7,7,7,6,8,9,6,5,5,7,5,7,8,6,6,8,8,5,9,7,7,5,9,8,7,9,8,9,9,6,9,5,5,7,7,6,8,8,7,8,9,8,5,8,7,6,5,5,8,5,5,5,5,9,7,6,7,8,8,9,5,7,5,9,7,5,6,6,8,9,5,5,8,5,8,9,5,6,6,0,5,9,8,6
9,5,9,9,6,9,6,9,9,5,7,7,6,7,5,5,7,5,8,7,8,9,5,7,9,5,7,6,6,7,7,9,7,5,6,8,7,5,9,6,7,5,6,9,5,8,6,7,9,5,9,5,5,5,8,9,9,7,9,6,7,9,8,7,7,8,9,6,6,7,8,6,5,7,5,7,8,6,6,6,8,5,6,5,8,7,9,7,7,6,9,9,5,8,9,7,0,7,9,7
7,9,5,5,7,7,7,9,8,5,5,6,8,5,8,7,6,8,7,8,5,8,7,8,5,7,8,6,7,7,8,5,9,8,9,7,8,5,9,8,5,7,5,7,7,5,5,9,6,5,7,8,9,5,6,8,6,7,5,9,9,6,7,5,6,5,7,9,6,6,9,6,9,9,8,7,8,9,6,5,7,9,9,6,5,9,5,8,7,6,5,5,5,9,9,9,5,0,9,5
7,7,6,7,5,5,6,9,5,7,8,9,7,5,5,7,9,6,5,5,7,9,8,7,9,5,8,6,9,5,8,7,9,9,8,7,6,6,8,6,8,9,9,6,8,7,8,5,5,7,9,7,5,8,8,7,9,8,8,5,6,5,5,9,8,6,5,7,6,7,5,8,8,9,6,7,9,7,9,7,7,8,6,6,6,6,7,5,6,6,8,7,7,8,9,8,9,5,0,8
6,7,5,8,7,6,5,9,5,6,5,7,6,9,6,7,8,9,8,8,6,9,9,6,5,9,8,5,9,5,8,7,9,9,7,5,6,5,8,5,5,6,6,9,5,9,6,8,6,5,5,9,6,6,6,6,7,9,7,7,8,5,9,5,8,7,7,7,6,6,6,7,5,8,8,9,8,5,5,5,7,9,8,9,9,8,6,8,7,6,7,6,7,5,6,9,7,5,5,0
