R=100
Pi=(23,28,26,20,23,26,20,29,28,28,24,29,24,21,28,24,28,23,28,20,27,25,21,24,23,20,29,20,24,27,27,22,21,21,20,20,28,21,25,29,28,26,21,20,25,29,27,25,28,21,22,28,27,29,25,28,26,21,26,23,27,20,24,21,20,21,28,22,20,28,25,26,27,29,21,20,24,21,28,24,23,23,21,23,24,28,25,21,25,22,23,26,24,22,22,28,21,29,29,24)
A=
1,2,58
2,3,52
4,5,0
5,6,0
7,8,0
8,9,0
10,11,0
11,12,0
12,13,0
14,15,0
15,16,0
16,17,0
18,20,0
20,22,44
23,24,43
24,25,54
25,26,0
26,27,43
27,28,0
29,30,46
30,31,0
32,34,48
35,37,57
39,40,46
40,41,52
41,43,42
43,47,43
47,50,50
52,54,44
57,59,42
58,60,57
61,63,0
64,66,43
65,67,0
66,68,42
67,69,0
71,73,0
72,74,0
73,75,52
75,77,0
76,78,43
78,80,41
83,85,47
84,86,0
85,87,0
86,88,0
88,90,0
89,91,54
92,94,0
94,96,45
Sij=
0,6,9,5,7,7,6,9,8,6,9,5,9,5,8,9,6,8,9,5,9,5,7,9,7,6,7,7,9,9,9,9,7,5,8,7,8,9,6,6,8,8,9,6,7,8,9,9,6,8,5,9,9,7,5,6,8,5,8,5,9,9,9,9,6,9,8,8,7,5,5,7,7,7,7,6,5,6,7,8,7,8,6,6,9,5,9,5,5,7,9,7,5,6,6,9,8,5,9,7
5,0,5,6,5,7,7,7,6,9,9,5,7,8,9,7,6,7,8,9,6,9,7,8,5,6,7,6,5,5,7,7,5,6,9,8,6,6,6,8,6,8,8,5,6,6,6,9,6,8,5,6,5,5,7,7,7,7,6,8,9,5,6,5,7,6,9,5,9,5,6,5,6,9,8,8,6,6,6,8,9,8,9,7,5,5,6,5,8,7,6,8,9,7,8,5,6,7,8,9
7,6,0,5,6,6,9,5,5,7,9,5,5,5,8,8,6,6,8,9,6,5,9,7,6,9,7,5,9,5,7,6,9,8,7,5,8,8,8,5,5,5,5,7,9,6,5,8,5,8,7,9,8,7,6,9,7,8,8,6,9,8,6,5,5,7,6,7,8,7,5,7,7,7,9,6,9,6,8,5,9,9,5,5,8,7,8,6,6,7,8,5,5,6,6,6,8,5,7,6
9,8,9,0,7,8,9,6,5,8,5,5,5,5,7,7,9,8,5,6,7,9,9,5,5,9,9,7,6,5,7,7,8,9,6,6,5,5,7,7,8,5,7,8,6,7,8,9,7,8,7,8,8,8,5,6,9,7,8,8,8,6,5,5,6,8,6,6,8,5,6,9,6,7,8,6,7,6,9,8,5,5,9,7,8,8,8,9,8,9,6,8,6,8,9,7,5,7,7,8
5,7,5,7,0,6,7,7,5,5,8,9,8,8,5,7,7,6,8,6,7,9,7,7,8,8,8,8,7,8,6,6,9,8,6,7,8,9,7,5,5,6,8,9,5,5,8,9,5,5,6,5,6,5,9,8,8,9,7,8,8,9,9,7,9,7,9,9,7,7,9,8,8,7,5,5,5,8,7,8,5,9,7,6,7,5,9,9,8,7,9,8,7,9,7,5,6,5,9,8
5,8,7,8,6,0,7,6,9,9,8,7,5,7,8,7,9,7,8,5,8,7,5,5,9,7,5,6,9,5,9,9,5,8,8,8,6,6,8,9,9,9,5,9,9,9,9,5,8,6,8,8,8,5,5,5,5,7,8,5,6,6,6,9,9,9,7,6,8,5,6,7,8,8,5,8,7,5,5,9,8,9,7,7,6,6,5,9,7,8,7,8,8,8,8,7,7,6,9,5
6,7,6,8,5,5,0,9,5,9,6,8,9,6,8,6,7,9,9,7,8,9,8,8,5,7,7,9,5,9,8,6,5,6,5,7,5,7,8,7,6,7,9,9,6,5,8,6,5,6,6,8,8,9,6,5,8,9,6,5,8,6,8,5,6,5,7,8,6,5,6,9,5,7,5,5,9,8,7,5,9,5,8,9,8,5,7,6,9,5,9,6,6,8,8,9,9,9,8,5
7,5,5,5,5,6,7,0,6,8,5,6,9,6,5,6,7,7,8,6,6,8,5,8,6,5,9,8,7,8,6,6,5,5,6,7,8,9,8,9,6,7,5,8,8,9,5,5,5,6,5,7,5,7,7,7,7,7,9,9,5,8,5,8,7,9,6,8,9,7,8,8,8,9,9,8,7,6,9,7,5,9,7,6,7,8,6,7,8,9,5,6,5,9,8,8,7,7,6,9
7,6,5,7,8,7,8,6,0,7,8,9,5,7,7,8,6,5,9,5,8,8,8,5,5,7,6,7,9,5,6,6,9,5,9,9,9,9,5,8,9,5,9,9,5,9,5,8,8,5,7,7,7,6,8,6,9,6,5,5,6,5,9,6,6,6,5,5,8,8,9,7,5,6,6,7,8,9,9,5,7,7,9,9,7,8,8,7,6,7,9,8,8,5,6,9,6,8,7,8
9,5,5,5,5,5,7,6,5,0,5,8,9,6,9,7,9,5,9,8,7,8,7,8,5,8,6,8,9,9,6,6,5,6,6,6,7,6,9,8,7,5,6,6,6,9,5,6,8,7,7,8,6,9,5,9,6,6,5,7,9,6,8,7,8,9,7,8,9,8,5,7,6,6,5,6,6,5,7,5,7,5,9,7,7,8,5,5,6,6,9,5,6,7,9,6,7,9,8,7
7,6,6,5,6,9,6,9,8,8,0,7,5,9,5,9,9,6,6,9,5,8,7,6,8,9,5,6,9,7,9,8,7,7,9,7,6,8,9,5,7,6,5,6,8,8,8,5,5,7,5,9,6,5,7,8,9,9,8,5,6,8,6,7,9,9,5,8,9,7,7,5,7,5,6,8,8,5,8,9,5,9,5,6,7,5,7,7,9,6,7,6,9,8,8,8,5,8,7,8
8,5,5,7,9,9,7,5,8,9,9,0,9,5,9,5,7,8,9,9,9,7,8,8,8,9,6,6,8,7,8,8,5,8,5,6,5,8,7,6,8,7,6,8,5,6,8,5,5,8,5,5,5,8,7,6,9,6,7,8,8,8,8,8,5,6,9,5,5,8,9,8,5,8,6,6,6,9,8,6,5,5,5,9,6,7,7,6,6,8,6,8,6,9,8,9,9,8,8,8
6,8,5,6,9,7,5,7,6,6,5,9,0,8,5,7,7,7,8,6,7,8,8,9,6,6,6,7,5,9,6,6,8,6,9,5,7,5,8,5,9,6,5,9,5,8,7,5,5,7,5,7,6,6,6,9,8,8,8,5,7,5,9,7,5,9,6,8,8,5,9,7,8,7,7,6,7,8,9,7,8,5,6,8,9,9,5,6,5,9,7,9,6,8,7,9,6,8,9,5
7,9,6,5,7,7,8,8,9,5,7,9,8,0,6,7,7,8,6,7,5,8,5,8,8,7,9,5,5,9,7,9,9,8,8,5,8,9,5,5,6,5,6,6,5,7,7,5,5,6,5,5,5,5,9,7,6,6,8,7,7,6,8,9,6,5,7,5,5,5,8,7,8,5,6,9,6,8,7,5,5,9,5,9,8,7,8,8,9,6,8,7,6,7,7,9,7,7,5,9
9,6,5,5,7,8,6,5,9,9,5,8,8,7,0,7,8,6,8,5,8,7,9,6,8,6,5,6,6,7,6,7,9,8,8,6,9,9,9,6,5,6,7,9,5,5,5,8,9,5,9,7,8,7,6,6,5,5,6,8,6,6,5,7,7,6,6,5,9,5,8,9,6,7,5,7,9,9,5,8,5,7,7,6,8,8,8,7,6,7,5,9,8,6,9,9,5,5,6,8
9,5,8,8,7,9,5,6,7,8,6,5,9,8,7,0,9,9,9,9,9,8,9,8,7,5,8,6,5,7,5,6,9,8,6,8,5,8,9,9,8,7,7,5,7,5,9,9,9,8,9,9,6,5,7,5,5,6,5,7,8,8,5,8,6,7,7,7,7,9,7,5,5,5,5,6,6,9,5,7,5,9,6,7,7,6,9,9,5,6,8,8,7,6,5,5,7,8,9,5
8,7,6,5,6,8,9,6,9,6,9,5,5,8,7,8,0,6,7,6,9,7,7,7,6,5,8,7,8,9,5,8,7,5,5,9,8,7,5,5,8,6,8,9,9,6,7,8,9,8,6,8,9,7,9,7,5,9,5,9,8,5,5,7,9,7,6,5,5,8,9,6,5,6,7,8,9,8,7,9,7,9,8,5,7,6,9,5,6,7,9,8,6,5,7,7,5,5,9,7
5,7,8,5,9,5,7,7,5,5,8,6,7,5,7,8,7,0,5,5,7,7,6,9,7,9,5,9,9,9,9,7,8,8,5,9,5,6,7,5,6,8,6,5,5,8,7,6,6,8,9,5,5,9,7,9,8,7,5,5,8,5,7,8,5,8,9,7,6,5,6,6,5,9,8,9,6,5,9,8,7,9,8,6,5,8,7,8,6,5,5,7,6,6,7,6,5,7,9,7
9,9,9,5,6,7,5,5,6,7,7,8,8,6,8,8,6,6,0,8,7,5,5,6,5,9,9,5,8,7,7,8,8,6,7,9,7,5,8,9,7,8,6,7,8,7,7,9,9,8,8,9,9,8,7,6,8,8,8,5,7,7,7,8,8,9,8,7,6,6,5,8,8,7,5,8,8,7,7,7,7,5,5,9,8,8,9,5,8,5,6,9,6,7,6,5,6,8,9,9
8,5,7,8,7,9,5,6,7,9,7,5,5,5,7,7,6,7,9,0,5,5,8,8,5,5,6,7,5,5,5,6,5,8,8,8,6,7,7,7,9,7,7,7,9,8,5,8,5,5,9,8,9,8,8,8,5,6,7,7,6,7,5,6,7,7,6,6,7,6,5,5,9,9,5,8,7,6,8,6,5,8,6,5,5,6,7,7,5,9,8,5,9,9,6,6,7,5,9,7
6,8,5,9,9,8,9,9,7,5,6,8,8,5,7,8,6,9,5,6,0,5,8,6,7,7,5,6,9,8,9,6,7,7,6,9,6,7,7,6,7,7,7,5,5,8,5,6,8,7,8,5,7,5,8,7,8,7,7,6,8,7,9,5,8,8,8,5,6,5,5,5,8,8,8,8,7,8,6,9,7,9,7,6,5,8,8,7,8,8,6,9,9,5,8,9,7,6,7,6
9,9,5,7,7,7,6,9,6,9,9,9,5,8,9,9,5,7,5,9,9,0,6,7,7,8,6,6,8,9,9,6,5,5,5,9,7,8,9,9,8,6,9,5,9,8,7,8,5,6,9,8,9,6,7,6,7,7,7,8,5,5,8,9,7,7,9,8,5,8,7,5,5,8,6,7,5,6,7,8,6,7,6,7,5,5,7,9,8,8,7,9,6,6,8,8,8,5,8,6
9,8,7,7,8,8,8,6,9,5,6,6,9,8,7,8,9,6,8,6,5,9,0,5,7,6,7,8,9,9,8,9,9,8,6,9,8,5,9,8,6,6,5,5,7,7,5,9,8,8,5,9,7,7,6,5,5,7,5,5,6,5,9,6,5,5,6,8,8,9,9,7,9,7,6,9,5,9,7,9,5,7,5,5,8,9,7,7,6,5,8,5,9,8,6,6,7,9,9,7
5,7,6,9,9,7,9,9,5,6,5,6,5,5,9,8,5,8,7,5,8,9,6,0,8,5,8,8,6,6,9,7,5,9,5,9,8,6,6,5,5,5,7,6,9,5,7,5,8,8,7,6,9,6,9,8,6,5,7,8,5,9,8,8,5,9,9,6,9,6,6,7,9,7,7,5,5,7,7,7,7,8,9,7,8,8,7,9,5,6,8,8,8,7,5,6,7,9,5,5
5,6,5,7,7,5,7,6,9,9,7,8,8,5,6,6,9,5,9,7,6,9,6,7,0,8,7,8,6,7,5,7,5,7,6,7,6,8,7,9,7,6,6,5,5,9,9,9,8,6,8,7,6,5,8,8,6,9,8,9,9,6,5,8,8,6,7,6,6,8,9,8,6,6,6,6,5,8,5,8,8,7,5,5,9,8,5,5,8,8,6,7,5,8,9,6,5,7,7,9
6,8,8,5,6,9,5,5,8,6,8,7,8,9,5,7,6,9,9,5,5,6,7,8,6,0,7,8,8,6,5,5,7,6,6,6,9,9,9,9,9,7,5,7,7,9,8,8,5,7,7,9,5,7,6,8,5,6,9,8,8,6,7,8,8,5,5,5,7,8,6,7,7,5,5,8,5,9,5,9,8,9,7,5,9,6,9,9,5,7,5,8,9,6,5,7,9,6,8,6
8,8,6,7,6,5,7,5,7,8,8,6,6,5,5,9,8,6,9,6,6,6,9,9,7,8,0,7,6,9,8,8,8,5,8,5,9,7,5,9,9,9,9,7,7,8,9,6,9,5,5,8,7,7,7,5,7,8,7,5,7,7,5,5,8,9,5,5,7,5,5,7,8,7,5,7,6,8,7,5,7,6,8,5,9,9,5,6,8,8,8,5,5,5,6,6,8,8,8,7
8,8,9,8,9,8,5,5,6,9,8,8,6,6,7,6,8,5,6,9,8,9,7,8,7,5,6,0,8,5,8,9,8,9,9,7,8,6,9,5,6,9,5,9,8,5,9,9,8,7,5,8,7,7,9,8,8,6,6,6,9,6,6,9,8,5,9,9,7,9,8,9,8,9,5,9,8,5,8,7,7,6,7,5,5,5,6,6,5,5,8,7,5,8,6,9,7,5,6,8
5,5,6,9,8,5,9,8,6,9,5,8,7,8,9,8,8,5,9,7,8,8,9,6,5,6,9,5,0,8,5,7,8,9,5,6,7,9,8,7,9,5,8,9,5,5,9,9,7,9,8,6,6,6,8,5,7,6,5,8,7,6,8,5,6,7,6,9,7,6,6,8,5,8,9,6,5,9,8,6,5,6,7,6,9,9,5,7,5,5,9,6,9,9,5,7,7,8,8,7
8,5,7,5,7,9,6,8,6,6,9,7,7,8,7,5,9,7,5,6,6,9,8,7,6,5,9,5,8,0,6,9,7,6,5,7,5,9,6,8,5,8,7,6,9,5,6,9,5,6,5,8,9,8,6,5,9,6,9,8,7,5,5,9,9,6,7,6,6,6,7,5,8,8,5,8,9,8,9,7,9,5,9,9,8,8,5,9,9,5,8,8,5,7,6,9,8,7,6,7
8,5,8,8,8,9,5,5,8,8,6,6,7,7,9,6,6,5,6,5,6,8,6,6,8,8,9,5,7,5,0,9,7,6,6,9,9,7,5,5,8,8,9,6,6,8,7,6,8,8,9,8,7,5,5,5,5,8,6,5,5,9,9,8,7,8,9,9,5,8,9,9,6,5,8,7,7,6,5,7,6,7,6,7,8,6,7,6,5,6,9,5,5,9,5,8,8,5,8,8
9,7,5,9,8,5,7,7,7,8,8,8,8,9,9,7,8,7,5,6,6,7,8,9,9,8,8,6,5,5,9,0,6,8,7,7,8,7,6,8,8,9,9,8,7,7,5,7,6,5,7,5,6,5,7,6,6,9,5,5,9,6,6,7,7,9,6,9,6,6,5,5,6,8,7,7,6,9,6,6,8,6,6,5,7,9,8,5,6,5,5,9,6,5,9,6,7,7,6,8
6,6,6,5,9,7,8,7,8,5,5,7,8,9,7,7,9,5,9,7,6,5,8,5,5,6,8,5,9,5,9,9,0,7,7,5,7,5,6,5,5,6,5,7,6,5,8,6,7,8,6,6,7,7,8,7,5,7,5,9,8,8,8,8,8,5,5,5,5,8,5,7,8,9,9,6,5,8,7,9,7,5,6,7,7,8,6,6,8,5,9,9,9,7,7,6,8,7,9,5
9,8,5,8,7,8,8,7,7,7,6,7,5,6,7,8,7,5,5,9,8,9,6,5,9,6,8,5,7,8,8,8,9,0,7,5,9,9,7,9,9,5,8,9,6,8,7,9,8,9,8,9,7,6,5,6,5,6,5,9,6,9,7,5,9,9,8,8,8,6,8,9,5,5,6,9,5,9,9,6,7,7,5,5,8,9,5,7,8,5,9,7,8,7,8,9,7,8,9,7
5,8,6,7,6,9,8,6,5,6,6,5,6,8,7,8,8,6,7,5,8,5,9,7,6,5,5,7,6,6,6,6,5,7,0,6,8,6,8,8,8,5,9,7,7,9,8,5,5,5,9,5,5,5,9,8,9,9,8,5,6,9,6,9,8,9,9,5,9,7,9,7,5,8,9,9,8,8,6,7,8,5,5,6,6,6,6,6,5,8,6,9,7,8,7,9,8,9,8,8
5,7,6,7,6,7,5,7,6,9,5,5,7,6,7,5,8,9,7,7,7,7,9,5,5,5,5,6,5,5,6,8,9,7,7,0,5,8,7,5,9,5,9,5,5,8,5,6,5,6,6,5,8,7,6,5,7,8,5,6,5,6,9,7,5,8,6,6,9,9,7,7,6,8,7,6,8,7,9,6,9,8,9,5,8,5,7,6,8,7,9,7,7,5,5,8,6,7,9,6
7,9,6,6,9,9,8,5,9,5,7,9,8,9,6,6,6,8,8,5,6,9,8,7,9,5,9,5,8,9,5,6,8,7,8,5,0,7,8,6,8,6,6,7,8,5,9,8,8,8,8,6,7,8,8,9,8,6,9,6,8,5,8,6,9,9,5,6,6,5,6,9,7,7,9,9,9,6,9,7,9,6,5,6,5,8,7,8,9,7,5,8,8,7,7,8,7,5,8,8
9,8,7,7,7,8,8,5,8,9,5,6,6,6,6,7,5,7,6,6,7,7,7,8,5,8,6,5,9,6,6,9,8,6,7,6,9,0,7,9,6,9,6,9,9,7,9,6,6,5,5,8,5,9,6,6,7,5,8,7,8,7,8,5,7,7,5,7,5,8,5,7,7,8,9,7,5,7,7,6,6,6,9,9,9,8,6,5,7,5,9,5,6,9,5,9,5,5,6,7
7,6,6,7,5,7,5,7,9,9,5,9,7,7,6,6,8,8,6,9,5,5,5,9,9,9,6,7,7,5,6,9,5,5,9,9,5,6,0,9,7,7,9,5,7,9,9,7,8,7,8,5,7,9,7,6,6,5,6,8,5,5,7,9,9,8,6,9,7,8,6,6,6,8,9,6,6,9,8,5,9,6,8,9,8,9,9,5,7,9,7,9,8,8,9,6,5,5,6,9
8,5,5,5,5,7,9,8,9,6,5,7,7,6,9,8,7,8,5,9,8,6,6,7,6,7,7,8,9,8,6,6,8,8,6,8,6,7,8,0,6,5,5,5,6,9,9,6,7,8,5,8,7,9,6,5,7,9,7,9,8,9,6,8,6,5,9,9,9,9,5,6,5,9,8,9,8,5,9,8,6,5,5,9,8,9,9,6,6,7,9,8,8,8,5,7,8,6,8,5
5,5,7,7,8,8,8,7,5,6,7,6,9,8,8,7,8,6,5,7,6,7,7,6,5,6,8,6,8,5,5,6,7,9,8,5,8,8,6,9,0,5,6,5,9,9,7,9,9,5,7,9,7,6,6,8,7,8,6,6,6,5,6,9,5,6,6,9,5,5,7,9,5,5,5,6,5,7,7,6,7,7,8,6,5,6,8,5,6,5,6,6,6,6,5,8,9,6,5,8
8,8,8,9,7,8,8,7,5,9,8,5,6,9,9,8,7,9,8,8,7,5,8,9,9,5,7,8,9,7,7,8,6,8,8,9,8,8,9,7,8,0,6,9,6,7,5,5,7,7,6,6,9,8,7,6,7,5,9,5,6,5,5,7,8,7,9,8,7,5,9,9,8,5,6,5,6,5,6,7,8,5,9,5,7,5,8,5,9,7,5,8,9,8,8,6,7,9,6,9
7,7,7,6,7,7,7,8,6,7,9,6,9,6,7,5,6,9,9,7,8,8,9,5,5,5,9,5,7,5,7,7,9,6,9,5,7,7,7,5,8,9,0,9,7,7,8,9,8,6,7,5,8,9,9,6,9,8,7,6,7,7,7,6,6,9,7,7,7,7,6,8,8,6,8,8,9,9,6,7,6,5,6,8,9,9,9,7,9,5,5,7,5,6,5,8,5,7,7,7
9,6,7,6,9,9,7,6,6,6,6,9,6,9,5,6,6,8,7,6,5,5,8,7,6,8,7,6,5,5,8,6,6,9,7,5,8,5,8,5,7,7,5,0,7,8,5,6,5,6,9,6,6,5,6,6,9,7,5,9,6,6,5,6,5,8,5,7,6,6,9,8,5,5,6,8,8,9,5,8,5,7,7,5,6,8,6,5,5,7,8,7,7,5,7,9,7,6,9,9
8,8,9,8,6,6,5,6,9,7,8,9,6,7,8,8,8,9,9,7,6,9,6,9,7,6,5,5,7,7,6,6,5,5,9,7,8,8,8,5,7,9,6,8,0,8,9,6,5,6,9,5,7,6,7,8,9,6,5,5,9,5,5,9,6,6,7,9,6,7,6,5,9,6,9,9,7,7,8,5,8,5,9,8,8,6,8,9,7,7,5,5,7,8,8,9,7,5,5,6
6,5,9,8,5,8,5,6,7,8,5,6,7,5,7,9,5,6,6,9,7,7,6,8,6,5,7,6,7,9,6,7,7,7,8,7,5,6,8,9,6,6,7,8,6,0,9,8,7,5,9,9,5,9,5,8,8,8,6,6,5,5,9,9,8,6,8,8,5,6,9,8,9,8,6,8,6,5,8,6,7,7,5,5,7,5,6,7,7,8,5,8,9,5,7,8,6,7,9,7
8,5,7,6,6,6,5,6,7,6,7,8,5,9,9,7,5,9,7,7,5,6,6,7,6,5,8,9,5,7,7,8,6,5,8,6,9,9,9,5,5,5,9,6,5,6,0,8,9,5,5,8,7,9,6,7,7,9,5,5,5,7,5,5,9,9,8,7,9,6,7,8,6,5,6,7,5,6,5,6,9,7,9,8,5,9,9,9,5,8,6,7,9,9,8,7,9,9,9,7
6,9,8,7,8,6,6,7,7,8,6,5,9,8,5,8,8,7,9,5,9,9,7,5,5,9,9,7,6,9,8,5,6,8,9,5,8,6,9,9,8,7,6,6,6,5,8,0,6,8,9,8,6,9,9,7,7,7,7,7,9,7,9,5,8,5,6,9,5,8,9,9,7,8,5,7,6,8,5,8,9,5,8,8,6,5,6,5,6,5,7,8,5,8,5,7,8,6,7,6
5,5,7,7,8,5,6,8,9,7,5,9,6,8,7,8,9,5,8,7,8,5,8,5,6,6,8,8,7,8,8,5,5,8,8,9,8,5,9,6,8,8,5,8,9,7,6,7,0,6,7,7,7,8,5,8,9,7,7,6,7,6,8,5,6,9,5,9,8,5,8,5,8,6,7,9,9,9,9,5,8,9,6,6,5,5,5,7,5,9,8,6,5,9,7,5,9,8,9,9
9,8,8,6,7,7,8,6,5,5,9,9,8,6,8,7,9,6,5,6,8,8,9,8,6,7,9,9,9,6,9,6,5,9,6,9,6,9,9,8,6,9,6,9,5,8,8,8,5,0,9,5,7,8,8,6,5,9,9,5,5,7,9,7,9,5,8,9,9,5,8,5,5,7,7,9,9,7,9,7,7,9,5,8,9,6,6,7,7,7,5,5,6,9,8,5,7,6,7,8
7,9,8,8,7,8,9,5,6,8,7,8,9,7,7,6,7,5,7,7,8,5,7,6,5,8,9,6,8,6,7,7,9,5,5,8,5,7,6,6,6,6,6,8,5,6,5,9,6,7,0,8,6,9,9,9,7,6,7,7,9,9,8,6,9,6,9,8,8,7,8,6,9,8,6,5,7,8,8,5,8,7,9,9,5,8,5,8,9,6,7,6,7,9,7,6,8,5,7,7
6,7,7,7,8,6,8,7,8,9,7,9,7,6,9,6,9,9,5,5,5,6,9,7,9,7,8,9,6,9,7,7,5,6,9,5,5,7,6,9,9,7,9,5,8,8,8,5,5,5,6,0,8,9,6,6,9,8,9,7,6,8,9,6,8,7,5,8,6,7,8,6,7,8,6,5,7,6,8,9,5,8,7,8,5,7,9,7,9,5,9,7,5,9,5,6,5,6,6,8
7,5,7,8,7,9,9,9,8,5,9,8,9,5,6,7,5,5,5,5,8,7,8,5,8,6,5,7,8,9,5,5,9,5,6,5,5,9,6,5,8,9,9,8,6,5,7,5,7,7,5,9,0,5,5,9,5,6,6,5,6,9,6,5,8,5,8,8,9,8,6,7,6,9,5,7,8,7,5,9,7,8,9,9,6,9,5,5,9,5,6,8,8,8,5,5,6,8,6,7
8,7,7,6,6,9,8,5,5,8,6,7,6,7,7,7,5,6,9,8,5,7,9,8,7,8,9,7,8,9,5,5,6,8,6,5,6,7,8,6,5,9,9,5,9,9,7,6,5,8,9,5,9,0,7,7,5,7,9,9,7,5,5,6,5,8,5,5,8,5,7,5,8,7,7,8,5,8,8,8,8,6,8,7,5,9,9,6,8,5,6,7,6,7,6,6,9,7,8,6
9,8,9,5,8,7,6,7,6,9,6,6,8,5,6,6,6,8,6,6,8,9,7,7,9,5,8,5,6,5,9,7,9,7,9,9,7,7,8,8,8,7,9,8,8,9,8,6,6,9,9,5,6,7,0,8,9,5,6,6,8,8,6,5,5,5,9,6,6,5,6,9,9,9,8,8,6,9,8,8,9,6,7,8,7,5,8,6,7,8,9,8,5,6,5,9,6,7,8,8
9,8,7,6,9,9,5,5,8,9,6,5,7,8,7,6,6,7,7,5,6,8,9,7,5,7,9,8,9,8,6,9,5,9,9,6,8,6,8,7,5,7,7,8,7,9,6,7,8,9,8,9,9,8,6,0,6,8,9,5,6,5,7,6,9,7,7,9,7,8,6,8,5,8,9,9,8,5,6,5,5,6,7,9,9,5,7,9,7,8,7,7,9,5,6,7,7,6,8,5
9,5,8,8,7,5,8,5,9,8,7,5,7,9,9,5,8,8,6,9,5,7,7,9,6,8,9,9,6,7,7,7,7,5,5,5,8,8,6,9,6,7,5,8,5,7,5,9,5,6,9,9,9,8,5,6,0,8,9,7,9,6,8,8,6,6,5,8,6,8,9,7,9,7,7,7,8,7,8,9,8,8,9,8,5,8,7,8,8,5,9,7,8,6,7,7,8,8,8,7
5,8,8,6,6,9,9,7,6,6,6,9,9,9,8,5,7,9,8,8,8,7,9,6,9,7,8,7,9,5,9,9,8,6,9,5,5,8,7,5,8,5,6,7,8,9,7,9,8,6,9,8,5,5,8,7,8,0,6,6,9,6,7,7,6,6,7,6,8,5,7,9,9,7,8,5,7,6,7,7,9,9,8,9,7,5,5,9,8,8,6,6,8,6,7,9,6,8,9,5
6,7,8,8,5,6,5,6,6,9,5,6,6,9,7,9,7,7,9,5,5,7,8,5,8,6,6,7,9,8,9,9,6,7,6,6,5,5,8,6,5,9,7,8,7,9,5,9,8,7,6,8,8,9,9,8,9,8,0,9,9,5,7,6,8,5,5,5,8,7,5,8,7,8,8,5,6,5,5,7,9,5,7,8,6,7,5,5,7,7,7,7,7,5,9,5,7,8,9,7
6,9,6,6,8,9,9,9,5,8,8,8,9,5,5,8,8,8,9,5,9,5,8,6,5,8,6,7,9,7,7,8,5,7,6,5,9,5,5,7,7,6,5,8,9,9,7,7,9,6,7,9,8,8,7,6,5,5,6,0,9,7,7,5,7,6,9,7,7,9,5,9,8,8,7,8,8,9,9,6,5,5,9,7,8,5,7,9,7,9,5,9,8,8,5,9,9,5,8,6
9,6,5,8,9,6,9,6,6,5,8,6,6,8,5,9,8,5,6,6,8,9,5,7,9,5,5,9,7,7,8,8,6,7,7,9,5,5,7,6,6,6,8,6,5,8,7,5,8,6,6,9,8,6,8,9,5,7,9,8,0,5,5,8,8,6,5,5,8,5,6,8,7,7,5,9,6,6,8,7,5,7,5,5,6,6,8,9,9,9,8,8,7,6,8,5,6,8,5,5
9,8,9,9,7,7,8,7,8,7,6,8,6,5,8,6,5,9,7,7,8,6,5,9,7,7,6,5,8,9,7,8,5,8,7,7,8,6,8,8,7,6,5,7,8,9,6,7,8,7,5,7,5,7,7,7,8,5,6,9,6,0,7,8,9,9,7,7,8,7,6,7,8,6,9,9,6,6,7,5,7,5,8,7,5,8,5,8,7,6,5,8,8,5,8,6,5,7,6,7
5,7,8,9,6,5,7,6,6,8,5,6,5,9,8,8,7,9,7,5,8,9,9,6,7,7,9,8,7,7,9,8,5,9,5,5,7,8,5,5,6,9,6,9,6,8,8,9,6,5,9,5,5,5,9,6,7,7,7,9,5,8,0,9,8,8,6,6,5,8,7,6,8,9,7,9,9,7,9,5,8,8,5,6,7,8,9,8,9,5,9,8,5,6,6,5,7,5,8,6
9,7,8,5,8,8,5,6,7,6,9,8,7,6,9,5,5,7,6,5,9,8,6,9,9,9,6,7,7,7,6,9,9,8,5,5,5,5,7,8,8,7,5,8,6,5,5,8,7,6,9,5,8,7,6,6,5,9,5,9,7,7,8,0,5,9,5,9,8,5,8,5,5,9,8,7,6,7,8,7,9,8,7,5,6,7,6,5,6,7,9,9,6,9,8,5,5,9,9,8
6,6,7,7,8,6,9,5,9,5,9,8,7,6,6,6,9,7,7,8,7,9,7,6,6,8,8,5,6,7,6,7,7,9,6,8,6,5,6,5,7,5,6,6,7,6,7,5,8,7,6,8,6,6,6,7,8,5,6,5,7,8,9,7,0,8,6,5,8,9,8,9,9,5,6,5,6,8,6,8,5,5,8,7,9,6,8,6,6,8,9,9,5,9,5,8,8,6,8,7
5,5,8,5,5,7,7,7,9,5,9,9,7,7,5,9,8,6,5,5,9,5,8,5,5,8,8,9,9,8,6,5,9,8,7,9,7,7,6,6,9,6,6,6,8,5,7,8,8,6,9,7,6,8,8,9,6,8,5,6,8,7,7,5,8,0,8,5,8,9,5,7,5,5,8,6,7,9,7,6,5,6,5,6,8,9,9,8,5,5,7,8,8,7,9,8,6,9,5,8
5,5,8,9,7,8,8,6,8,6,5,5,9,7,9,5,8,6,8,6,8,5,9,8,6,7,9,8,5,9,9,8,9,8,6,5,7,5,8,5,6,8,5,9,5,7,9,5,7,9,5,5,5,9,5,5,5,5,8,5,9,5,6,8,6,6,0,5,5,6,9,8,7,7,8,9,5,9,9,8,8,7,8,5,6,9,8,7,5,8,6,9,6,7,7,6,6,6,6,7
8,6,8,9,8,5,8,7,7,9,5,5,6,7,9,7,5,5,5,9,8,8,5,7,5,5,7,9,5,7,8,8,7,7,9,6,9,8,6,5,5,5,5,5,7,5,8,8,7,5,5,5,6,7,9,9,6,5,9,8,8,8,7,5,5,6,7,0,8,8,8,8,6,8,9,8,7,8,9,9,9,7,8,6,9,6,7,7,5,8,5,5,8,9,8,6,7,8,9,5
5,7,9,5,9,6,8,7,6,8,7,5,6,5,9,6,5,6,7,8,7,9,7,5,7,7,9,7,5,8,6,9,8,9,9,6,7,7,7,8,8,5,5,6,5,9,9,7,9,7,6,5,5,6,7,5,9,8,8,7,6,6,6,8,7,8,7,6,0,6,7,8,7,9,9,5,6,9,6,9,7,8,7,7,7,6,5,8,7,7,8,7,8,9,9,6,6,8,6,8
7,7,7,5,6,8,9,6,5,5,5,6,8,9,5,9,9,8,9,7,7,9,9,9,8,5,9,7,9,8,8,8,7,7,6,5,5,6,5,8,7,8,8,6,6,6,8,9,9,5,7,8,9,9,6,8,7,7,6,6,9,7,6,7,7,7,9,5,7,0,5,8,7,8,5,9,8,5,8,8,7,7,5,7,9,6,5,8,7,6,8,7,8,5,9,9,5,7,6,9
9,7,8,6,9,7,9,5,9,9,7,7,9,9,9,9,8,9,7,5,6,9,6,8,9,7,5,7,8,5,9,6,9,8,9,5,8,9,8,7,6,5,8,7,9,5,7,8,5,5,6,5,5,5,7,9,5,9,7,6,6,7,6,8,5,5,8,6,5,9,0,5,9,6,9,9,6,5,8,9,8,5,6,6,8,9,9,6,8,5,9,9,9,6,6,5,9,9,5,7
8,7,5,8,6,5,7,9,5,6,6,9,6,9,8,6,5,6,7,9,6,9,9,5,6,5,5,7,9,9,5,7,9,6,5,6,9,8,9,8,7,9,6,7,8,9,7,9,8,5,5,7,6,6,6,9,7,5,7,6,9,9,9,5,6,9,5,5,8,7,6,0,7,7,9,6,6,7,7,7,7,7,5,9,9,9,7,6,8,9,6,8,9,5,7,8,7,5,5,6
9,9,6,5,6,8,8,5,6,9,9,6,5,7,5,8,9,9,9,6,8,8,6,5,7,8,6,6,9,6,8,6,7,5,7,7,5,9,8,5,5,7,9,9,5,5,7,6,5,9,9,8,5,9,7,5,7,6,8,7,6,6,6,5,5,8,9,9,5,7,8,9,0,6,8,5,6,9,7,5,7,5,5,5,9,6,5,5,7,8,6,5,9,5,5,9,9,5,9,8
6,6,7,6,8,6,9,6,6,8,5,6,5,5,6,7,6,6,6,8,9,7,6,6,8,6,8,9,6,9,6,5,9,8,9,5,7,8,6,8,7,9,8,9,7,5,5,8,9,8,7,7,9,5,9,8,5,6,8,7,7,5,5,7,7,5,6,6,6,5,9,7,9,0,7,5,9,9,6,8,8,6,9,9,8,7,8,6,9,9,5,5,6,5,9,6,7,9,6,6
7,8,8,6,8,8,9,8,6,9,9,9,8,7,9,5,7,5,7,5,9,8,7,7,6,5,8,7,9,6,8,5,7,5,6,9,7,8,6,9,7,9,9,9,5,6,7,8,5,9,8,7,7,6,7,8,5,6,5,7,9,7,9,5,6,8,6,8,6,5,7,9,8,7,0,7,9,8,7,7,5,8,5,6,5,7,6,8,6,7,7,8,6,7,8,5,5,5,9,8
6,9,8,7,5,6,9,8,9,9,8,9,8,8,5,9,9,6,8,8,9,5,5,5,8,6,5,7,5,7,7,8,9,9,5,6,9,7,5,8,8,8,8,6,9,7,5,8,6,9,6,9,6,5,8,6,8,8,9,8,6,6,8,7,6,9,5,9,7,9,9,6,5,5,5,0,6,6,8,6,5,6,7,5,5,6,8,6,9,5,9,7,6,8,7,7,6,9,6,5
9,7,6,5,7,9,9,8,6,5,7,5,9,6,8,7,8,6,7,6,8,8,5,8,8,6,7,7,8,8,8,6,9,8,7,7,9,7,7,5,6,9,5,8,8,9,8,5,9,9,8,9,7,5,6,6,6,7,6,6,7,7,5,8,7,5,5,5,9,5,7,6,8,7,9,9,0,7,7,5,9,7,7,7,8,9,8,9,9,7,5,5,7,5,6,8,9,9,6,6
7,8,8,5,9,6,7,5,9,5,7,8,9,6,7,8,9,9,6,8,8,5,6,7,8,9,5,5,7,8,5,5,6,5,8,5,9,6,8,7,7,7,9,9,5,7,6,5,7,7,9,9,7,8,7,6,7,5,7,9,5,6,8,6,9,6,7,8,8,7,8,7,6,9,6,5,6,0,6,7,5,8,5,7,9,9,6,7,8,7,6,7,9,9,9,6,5,9,8,9
8,5,7,6,5,8,6,8,8,6,7,5,5,7,7,5,5,8,8,6,7,8,9,5,7,9,9,8,6,7,5,6,7,7,8,5,5,9,7,5,7,8,9,6,5,5,6,6,6,8,5,7,5,7,6,9,6,7,8,6,9,8,6,5,6,5,8,8,9,7,5,6,6,7,8,9,9,7,0,9,6,7,7,6,7,6,7,5,5,5,8,8,8,5,5,6,9,7,8,9
5,7,8,7,9,8,9,5,8,8,7,5,8,7,6,8,6,6,8,8,8,9,8,8,5,8,6,5,5,5,9,7,5,8,9,9,9,5,6,8,7,7,7,6,7,8,5,5,8,7,9,7,8,5,6,5,9,9,7,6,7,8,9,7,8,5,9,5,8,7,9,6,9,9,6,6,7,6,6,0,6,8,6,7,8,6,6,8,5,7,8,5,5,7,5,6,8,7,5,8
7,8,5,7,6,8,8,7,8,9,9,8,8,8,5,8,5,6,6,6,6,6,9,7,9,7,8,9,9,8,7,9,6,8,8,7,7,8,6,5,7,9,5,6,7,5,7,6,6,7,5,7,6,8,6,5,9,7,7,8,9,9,8,5,6,5,6,5,9,8,5,7,5,5,8,7,5,8,5,9,0,5,7,7,7,7,5,8,7,6,8,8,5,5,7,6,8,5,5,9
7,8,7,7,8,6,8,7,5,5,8,9,6,7,8,8,6,6,5,7,6,7,8,8,6,5,9,6,7,9,9,6,5,8,7,5,7,9,9,5,8,7,7,7,8,8,6,8,7,8,9,7,5,7,8,5,9,9,6,8,7,7,9,6,5,6,9,8,9,7,5,7,6,5,9,8,9,6,9,7,8,0,6,8,8,9,7,6,8,5,7,6,8,8,6,8,6,7,6,6
7,9,8,9,9,7,7,5,9,7,9,6,8,9,8,9,5,8,5,6,8,9,5,7,6,6,6,9,9,6,7,5,7,9,7,8,9,7,8,6,7,6,7,5,5,6,7,9,9,7,7,7,7,9,8,7,8,5,7,8,5,8,5,7,9,8,8,9,7,9,9,8,9,9,9,6,7,9,6,5,8,7,0,9,7,9,5,8,8,5,9,5,9,9,5,5,9,5,9,5
7,8,8,7,9,7,9,8,7,9,6,9,8,8,6,5,8,8,7,8,9,9,5,8,7,9,5,8,9,9,5,6,8,9,9,7,9,5,9,5,9,7,6,8,8,5,7,5,8,9,6,5,7,5,6,8,7,9,9,5,6,5,8,7,9,5,6,9,9,8,5,7,9,7,8,7,7,6,5,7,7,5,5,0,9,7,5,8,7,8,6,9,9,5,8,8,9,8,8,8
7,8,7,5,9,9,9,5,5,7,8,5,6,9,7,8,6,5,9,5,9,7,9,6,8,9,5,7,5,8,9,8,8,7,7,9,9,9,5,5,8,9,8,9,9,5,8,5,8,5,7,8,9,8,9,5,8,6,7,5,8,7,5,6,7,9,6,8,7,8,9,7,9,8,6,9,8,9,6,7,5,5,8,5,0,6,5,9,5,7,6,5,7,6,5,6,6,9,7,6
9,9,9,7,5,6,9,9,5,6,9,7,9,9,5,9,7,8,9,9,7,5,6,5,5,8,6,6,8,6,5,5,6,7,7,8,6,7,8,9,7,6,8,8,8,8,5,7,6,6,8,7,9,7,9,8,7,9,7,6,9,8,5,9,6,8,6,6,7,6,7,5,5,5,7,5,7,7,7,6,7,8,9,7,7,0,7,6,8,8,8,5,6,5,6,9,8,6,8,7
9,7,8,5,9,8,8,7,8,5,8,6,5,6,5,9,5,8,7,6,8,7,7,8,8,6,6,9,8,5,8,9,8,5,8,9,8,8,5,8,9,9,8,8,9,7,5,9,5,7,8,9,8,7,8,6,5,5,6,7,7,8,9,7,6,9,7,5,8,6,6,7,7,9,7,9,9,9,9,5,5,6,9,6,7,8,0,5,6,6,6,9,8,6,7,6,5,5,5,6
5,5,5,6,9,6,6,7,9,5,9,7,5,5,5,6,6,9,8,5,7,8,6,8,7,6,7,5,9,8,6,8,8,7,9,5,5,5,5,5,6,6,6,6,7,8,8,7,5,6,5,6,6,5,9,6,9,6,8,7,8,5,7,6,8,5,9,7,6,5,6,5,8,8,9,5,6,5,6,8,8,5,9,8,8,5,7,0,8,8,7,5,8,6,7,6,5,9,5,7
6,9,5,5,5,9,9,7,8,5,8,9,9,5,5,9,7,5,8,8,8,8,5,9,9,9,7,9,5,6,8,6,6,7,9,9,7,9,9,8,8,7,8,7,9,7,6,8,6,8,9,9,5,7,9,8,9,5,6,5,7,9,6,7,7,7,8,6,5,5,6,8,6,9,9,5,5,7,9,6,8,9,8,7,7,8,5,9,0,8,6,5,6,8,8,6,9,6,5,5
7,9,9,7,5,7,6,8,6,7,8,7,6,6,9,7,8,6,9,5,9,6,8,8,9,5,9,9,7,8,5,9,5,6,7,7,8,7,7,9,6,9,9,6,9,8,8,5,8,5,8,7,6,9,6,6,5,6,7,9,8,6,5,7,7,9,7,9,8,7,9,5,8,9,9,9,7,6,9,6,7,8,6,7,9,7,7,5,5,0,5,6,7,9,7,6,9,9,6,9
9,5,8,6,5,6,7,9,6,9,7,9,8,6,6,7,9,9,8,7,5,6,6,9,8,6,7,6,6,8,9,9,5,7,9,5,9,6,6,5,7,7,6,5,8,6,7,5,8,5,7,9,5,8,8,8,8,8,8,9,9,6,8,8,9,7,8,6,7,6,8,7,8,8,5,7,9,6,6,6,8,7,8,6,6,5,8,6,9,5,0,6,5,8,7,6,6,9,8,6
5,7,6,7,6,6,9,6,7,8,5,8,7,7,7,5,6,8,6,6,9,8,7,6,7,5,7,9,6,6,9,7,6,5,5,8,7,9,6,9,7,8,6,8,8,6,8,7,5,6,9,7,7,6,6,6,5,9,5,6,9,9,9,5,8,7,7,7,6,9,7,7,7,7,9,5,7,8,8,5,6,9,8,5,7,6,9,9,8,9,7,0,7,9,9,5,7,9,5,9
5,9,5,6,6,8,7,5,5,7,5,8,7,6,5,9,9,5,9,8,6,7,7,9,7,6,5,7,7,7,7,6,7,8,7,5,6,8,7,6,5,5,9,7,8,5,5,5,9,9,5,6,9,6,7,7,7,6,8,9,8,9,8,7,9,9,5,8,9,9,8,5,8,8,8,5,8,9,5,6,6,9,8,7,6,6,6,6,5,9,8,5,0,9,7,7,5,7,7,7
9,5,6,6,9,6,5,7,6,8,7,9,7,5,7,8,9,6,5,5,8,7,9,7,5,6,8,5,5,5,7,8,5,6,6,6,9,7,8,6,6,8,9,8,8,9,6,9,7,9,8,9,6,6,9,6,5,8,6,8,8,9,7,6,5,8,8,5,8,5,8,6,7,9,9,9,7,6,8,5,5,8,8,5,6,8,6,9,7,5,5,5,6,0,5,7,6,6,8,7
5,5,5,6,6,6,7,6,6,7,9,8,9,9,5,8,9,6,6,9,6,6,9,7,8,5,7,9,7,7,8,8,9,8,8,5,9,7,6,8,9,7,5,7,7,6,6,5,5,6,8,9,9,8,6,8,5,8,7,6,9,7,8,9,8,5,9,6,6,5,8,7,5,7,5,8,6,7,9,6,9,6,9,5,8,8,9,6,6,5,9,6,9,5,0,9,6,9,5,8
7,7,9,9,5,8,6,8,6,8,7,6,8,8,5,6,8,8,7,5,5,5,8,9,5,6,7,7,5,8,8,9,6,9,7,9,9,6,8,7,7,5,8,7,9,8,6,7,9,8,6,8,6,9,8,6,9,5,8,8,5,8,8,7,9,8,5,8,5,6,7,6,9,5,7,9,7,5,9,6,5,9,8,6,6,5,7,6,6,5,5,8,7,9,7,0,9,6,5,8
6,8,7,6,8,6,9,8,6,6,8,9,9,5,7,8,5,5,6,6,8,5,8,6,5,5,8,8,5,8,8,8,6,6,8,8,7,7,5,5,6,7,6,9,8,6,6,8,5,5,6,8,9,9,5,5,9,5,6,7,8,6,8,8,8,9,7,7,6,8,6,8,5,6,9,6,9,9,8,9,9,9,8,9,6,9,8,7,6,8,8,6,6,7,7,5,0,9,7,6
8,8,8,6,7,9,7,8,8,5,9,6,5,7,7,7,8,7,8,6,8,6,5,6,8,9,9,7,7,8,8,6,6,8,9,5,6,8,6,9,9,6,5,6,7,7,8,9,8,5,9,7,5,5,7,7,8,6,8,7,5,5,5,9,7,7,9,7,7,7,5,9,6,9,7,6,6,8,9,5,5,5,8,7,9,5,6,6,5,7,7,5,9,8,9,8,6,0,5,9
9,8,6,6,6,9,9,6,6,8,6,6,9,6,7,6,9,6,8,9,6,6,7,6,5,9,5,9,7,9,9,5,5,9,5,7,9,8,7,7,5,8,5,8,9,6,8,8,7,7,9,6,7,6,7,8,5,9,6,6,8,9,8,6,8,5,5,9,6,5,7,6,9,5,9,7,5,9,7,8,6,7,7,5,5,7,7,9,6,6,6,9,6,5,9,5,5,8,0,9
8,5,8,6,7,5,8,7,6,6,9,7,5,7,8,5,5,7,8,6,6,7,6,7,5,8,7,9,8,6,9,7,6,5,8,7,8,6,5,5,6,5,6,8,7,9,6,7,8,5,8,7,7,7,8,6,9,5,6,9,7,8,8,9,6,7,5,5,8,5,6,9,7,7,9,5,6,8,5,6,7,5,5,7,8,6,5,9,7,7,8,7,9,6,7,7,7,6,6,0
