R=100
Pi=(22,26,28,21,25,21,22,29,23,23,25,28,26,20,20,29,21,28,27,24,22,25,24,20,29,24,25,25,23,24,22,22,25,20,26,28,25,24,28,26,28,25,28,26,24,24,23,25,24,26,27,20,28,20,27,27,21,27,22,21,26,27,25,28,20,22,23,26,23,21,23,26,29,20,26,26,27,28,25,25,20,20,21,27,27,22,24,24,22,29,26,27,22,27,29,21,29,29,25,22)
A=
1,2,0
3,4,0
5,6,0
6,7,0
7,8,57
8,10,0
11,12,0
12,13,0
13,15,48
17,18,45
18,19,48
19,20,49
21,22,44
25,26,0
26,27,0
27,28,0
28,29,0
29,30,59
30,31,0
31,34,44
36,37,0
37,38,0
39,40,0
40,41,0
41,43,55
44,45,0
46,47,0
47,48,0
48,49,46
49,50,42
55,56,49
56,57,47
57,58,41
59,60,41
62,63,41
63,64,45
64,66,48
67,68,0
68,69,49
70,71,0
74,75,0
76,77,0
77,79,40
78,80,45
82,84,41
89,91,43
91,93,0
95,97,58
97,99,0
98,100,52
Sij=
0,13,12,12,13,11,10,14,11,14,11,10,12,10,13,14,11,10,11,11,12,13,12,12,14,11,10,12,10,12,14,12,11,14,10,10,13,12,13,11,13,13,10,11,11,14,10,10,14,10,13,12,14,14,14,10,10,10,13,12,11,13,14,13,14,13,13,13,14,12,10,13,11,14,12,14,12,10,11,14,11,14,12,14,13,12,13,11,14,10,14,13,14,11,10,10,13,11,12,13
10,0,12,11,11,10,14,10,14,11,14,12,10,13,13,10,11,10,14,14,11,14,12,13,13,12,11,14,10,14,12,10,10,12,12,13,14,12,10,14,14,12,13,14,10,12,14,14,10,10,13,14,14,11,11,13,13,14,13,14,13,10,14,10,14,14,12,12,10,14,11,14,14,14,10,13,11,12,12,10,12,12,13,10,10,12,10,13,11,14,10,14,14,11,11,13,13,12,10,10
10,12,0,13,10,13,14,14,10,10,13,11,10,11,12,11,11,12,14,10,11,13,13,11,11,14,11,14,13,13,12,10,14,12,12,14,10,13,12,11,10,12,10,13,13,13,10,13,11,14,10,11,13,12,13,12,12,11,12,11,11,14,11,12,13,12,12,13,14,12,10,13,14,12,14,13,12,10,13,13,13,13,13,13,12,11,11,12,13,14,12,14,10,10,14,11,11,13,14,10
11,11,14,0,14,14,12,11,10,12,14,10,12,12,14,12,13,11,12,14,11,10,14,14,14,10,11,12,14,13,12,12,13,10,12,12,12,13,13,14,10,10,10,14,13,14,10,11,11,12,10,14,14,14,13,14,11,11,14,13,12,14,12,12,14,12,11,11,14,12,10,10,12,12,13,11,10,10,11,10,10,14,10,11,12,13,13,14,12,13,10,10,13,10,11,10,13,12,14,11
12,13,11,14,0,12,10,12,11,10,11,14,11,10,14,13,12,14,10,10,11,14,12,14,11,11,10,11,12,11,13,13,12,10,10,12,11,12,11,14,11,11,12,13,10,14,14,10,13,11,14,11,12,12,13,11,14,13,10,12,11,13,14,10,12,13,11,11,14,11,12,10,12,11,14,10,11,14,14,11,12,10,12,10,11,11,10,10,12,13,12,13,12,14,12,12,11,12,10,11
12,13,10,12,14,0,13,14,11,12,12,14,10,14,13,10,11,10,13,13,11,13,11,13,11,13,13,13,13,13,11,13,14,14,12,14,14,14,10,11,13,12,13,12,14,13,12,13,13,13,10,12,12,14,14,13,11,14,13,13,10,10,11,13,11,14,10,11,11,14,10,11,10,12,10,14,14,14,14,12,11,10,10,14,12,14,10,10,14,14,12,10,11,12,10,12,11,10,10,14
13,11,12,13,12,13,0,12,10,14,14,13,12,14,11,12,10,10,11,10,12,13,14,11,11,11,10,10,12,11,12,13,14,13,14,14,14,12,11,11,13,12,10,11,10,10,10,10,10,14,10,11,14,14,13,11,13,14,10,11,12,13,14,13,11,11,14,14,14,11,12,13,14,10,11,14,13,13,11,11,11,10,10,12,11,11,13,14,14,13,10,10,11,10,14,10,13,11,14,13
11,11,10,13,12,11,12,0,14,13,14,12,10,13,14,10,11,12,11,11,14,13,10,14,11,11,12,11,14,10,10,11,11,13,13,14,14,14,12,10,10,14,14,11,10,10,10,11,11,14,12,13,11,10,10,14,10,11,14,11,10,10,13,13,12,12,11,11,10,10,11,12,14,10,11,10,14,14,14,10,10,10,10,14,13,12,14,11,13,13,14,12,14,10,10,14,10,10,13,12
14,13,11,11,13,10,13,10,0,13,14,10,11,11,14,10,14,14,13,10,10,12,14,12,11,11,13,12,13,10,11,14,13,10,12,10,11,14,14,11,12,13,13,12,14,12,12,10,10,10,11,10,12,10,13,14,14,11,14,10,10,12,14,10,12,14,12,10,14,13,13,14,10,12,12,11,13,12,13,14,13,12,12,13,14,11,12,12,12,12,11,10,14,14,11,10,14,13,10,10
10,11,11,11,11,11,10,14,12,0,12,10,12,12,10,11,12,14,10,11,10,11,14,13,12,12,12,14,11,11,12,12,10,11,13,13,12,11,11,12,12,11,12,10,10,11,13,13,14,12,13,10,13,12,14,13,10,13,14,13,13,11,13,13,14,10,10,10,14,11,14,11,13,13,13,14,14,13,13,10,13,14,10,13,13,12,13,13,12,10,13,14,12,12,13,11,12,14,11,10
11,13,14,12,13,11,11,14,13,14,0,14,11,14,13,10,14,10,14,10,12,11,11,13,14,13,10,14,10,14,12,12,10,12,13,13,10,10,12,10,11,10,14,14,12,10,11,14,13,12,14,10,12,13,13,13,10,14,10,14,12,12,11,10,11,12,13,13,11,14,14,14,13,14,14,11,12,11,11,13,12,11,10,13,14,11,10,11,13,14,13,10,14,13,13,13,14,13,13,10
12,12,12,13,12,10,12,13,14,12,11,0,13,13,12,12,11,12,12,10,10,11,12,10,12,11,14,14,14,11,11,11,13,13,11,10,14,13,11,11,14,14,12,12,11,12,10,12,12,11,11,10,12,13,13,13,14,12,10,12,13,11,12,11,12,10,13,14,12,11,12,13,10,11,11,10,14,14,13,14,10,11,11,13,14,10,14,14,10,12,11,12,12,13,12,13,11,10,14,10
14,10,10,11,14,13,14,10,12,12,13,10,0,13,10,12,11,14,14,12,12,11,14,14,14,10,14,10,12,13,12,14,14,14,13,10,14,11,10,13,11,11,13,11,12,13,10,13,12,11,10,13,12,13,12,14,14,11,10,11,14,13,12,12,14,13,14,10,10,10,12,10,13,10,10,11,12,12,11,10,14,11,13,10,12,14,11,10,12,13,10,13,10,14,14,13,13,11,12,14
13,10,12,11,14,10,10,11,12,11,11,12,10,0,14,12,12,10,11,14,10,11,14,13,12,14,14,10,14,10,12,12,11,14,11,11,13,13,11,11,12,14,10,13,10,11,12,12,10,12,11,13,11,11,11,13,14,11,10,11,14,14,10,10,14,14,10,12,13,13,13,14,13,14,12,11,10,10,13,10,11,11,14,12,14,14,10,10,13,13,11,11,12,14,12,12,13,14,13,11
10,14,14,12,14,12,14,11,13,10,12,14,13,10,0,14,13,10,13,11,14,13,10,14,10,11,11,12,13,12,10,13,10,11,11,14,11,12,12,12,12,10,13,11,12,11,12,12,12,14,13,12,14,13,13,12,10,10,13,11,12,14,10,14,13,12,11,12,12,10,12,10,13,10,14,14,14,14,11,14,13,13,14,14,13,13,13,12,13,13,14,11,13,10,10,12,14,14,12,10
14,10,10,11,11,13,13,13,14,14,13,10,13,14,13,0,13,10,11,10,10,13,14,14,13,11,11,12,12,10,11,10,10,11,10,14,12,13,13,12,10,14,14,12,13,10,13,12,13,12,11,12,12,14,12,11,10,11,11,10,10,10,11,13,12,14,12,14,12,10,10,10,11,14,14,11,14,11,10,12,12,13,13,10,13,14,12,10,14,14,14,11,11,12,11,14,13,10,10,14
12,14,14,13,11,11,10,13,10,10,12,14,11,14,12,11,0,12,10,14,12,11,12,14,13,11,14,14,14,12,14,13,13,10,10,14,13,13,10,13,12,14,13,10,13,11,14,10,12,14,10,12,12,11,12,12,10,14,11,12,11,11,10,11,10,12,13,13,10,14,14,13,11,12,12,13,13,11,11,11,11,14,12,14,12,11,10,12,13,13,14,14,12,12,11,10,13,12,14,11
12,11,14,12,10,11,11,10,14,14,14,13,13,14,11,12,14,0,11,14,14,11,11,10,11,14,10,11,13,10,11,14,11,12,14,13,14,14,14,14,10,10,10,13,13,14,10,10,12,11,14,11,12,12,10,14,11,11,13,12,10,10,12,10,12,14,12,11,13,11,11,12,10,12,14,13,10,13,11,12,14,14,13,12,10,14,12,13,11,10,12,13,11,11,13,14,13,10,10,13
11,14,11,11,10,11,11,10,13,12,13,12,14,10,13,10,12,10,0,14,13,12,13,14,13,13,13,11,13,13,14,10,10,13,13,10,10,12,12,11,14,13,12,10,14,11,14,14,10,13,13,12,13,11,12,11,12,14,13,12,11,14,12,11,13,11,13,14,11,14,13,12,14,13,14,10,10,13,10,11,14,13,10,10,10,12,11,13,11,11,12,11,14,14,10,14,10,10,11,12
12,14,13,11,14,10,12,10,11,11,11,14,14,11,13,12,14,12,11,0,11,10,10,13,14,11,12,13,10,13,10,14,14,11,12,13,14,10,14,10,10,10,11,11,14,10,13,12,12,11,12,10,13,14,10,12,12,10,13,14,12,11,12,11,11,12,11,12,11,12,13,12,14,11,11,11,13,13,14,13,13,10,11,13,10,14,11,10,11,14,11,13,11,10,13,13,12,14,14,11
14,10,10,14,12,10,10,11,12,14,14,14,11,10,10,12,14,13,11,12,0,11,11,11,11,11,14,10,14,13,12,13,13,13,12,14,12,14,12,10,10,14,14,12,11,10,11,12,11,14,10,14,13,13,12,10,12,13,13,12,13,14,10,13,10,10,11,10,13,10,13,12,12,13,10,12,11,13,10,11,10,12,13,10,12,13,14,14,10,12,11,14,10,10,12,10,13,11,12,10
14,10,14,10,11,12,12,10,13,10,14,13,13,12,12,11,10,10,10,11,10,0,11,14,11,14,13,11,11,10,14,14,10,11,14,11,14,12,13,13,14,11,14,10,10,13,13,10,13,12,11,14,12,10,10,14,12,11,13,11,12,10,10,14,14,10,13,11,13,10,12,13,12,12,10,10,11,10,14,12,11,12,13,14,14,14,11,14,11,14,13,13,14,12,11,14,11,14,11,10
14,11,12,12,14,13,12,10,14,14,13,12,12,10,10,14,12,11,10,14,14,13,0,14,13,12,14,13,10,10,11,14,11,13,14,13,14,10,10,14,11,12,11,10,12,11,11,10,14,11,11,11,14,14,12,10,10,11,13,10,10,14,11,14,12,14,11,13,13,11,10,13,11,11,13,12,12,13,12,12,10,13,14,13,14,10,14,12,11,13,13,13,12,10,14,12,10,11,12,12
10,13,12,12,11,12,10,12,10,14,12,11,13,11,14,11,14,12,10,12,14,14,11,0,10,13,11,11,10,12,11,12,11,11,14,11,12,11,12,12,11,14,11,11,12,10,11,14,11,10,12,12,12,10,14,13,11,11,12,13,10,11,14,10,13,12,11,10,14,14,12,10,12,10,13,13,12,12,14,14,12,11,14,10,14,14,14,10,11,11,10,10,13,13,12,10,10,11,13,14
13,10,10,12,13,12,10,11,11,11,10,13,12,12,11,13,11,14,10,14,13,10,14,13,0,13,11,11,14,13,13,12,10,14,14,11,11,11,12,11,11,14,12,13,14,10,11,13,10,11,13,13,11,11,13,11,12,11,12,13,11,11,11,13,13,13,14,14,12,11,10,12,13,12,13,10,10,12,14,12,11,13,11,12,14,10,11,14,10,13,13,10,13,13,10,10,13,14,10,10
10,12,10,13,11,11,14,13,13,13,11,10,11,14,12,12,14,13,13,12,12,10,14,14,13,0,10,13,14,11,12,12,11,11,13,11,14,12,13,11,13,10,12,10,12,11,13,13,14,11,12,11,14,10,12,13,10,13,11,10,11,13,14,12,11,11,10,13,13,13,12,10,11,12,10,12,14,10,12,12,14,11,14,13,14,10,12,10,14,14,11,11,11,12,10,14,11,10,13,10
11,14,10,11,14,12,10,12,10,10,14,14,11,13,10,14,14,11,12,10,13,10,14,13,11,11,0,14,13,11,10,11,13,11,11,10,10,11,13,13,11,14,14,14,13,10,11,10,12,12,10,10,14,12,12,11,11,10,11,14,12,12,12,10,14,14,10,13,14,12,10,13,11,12,11,11,13,10,10,12,14,11,11,10,10,10,11,10,13,14,14,14,14,13,11,14,12,13,14,14
10,13,10,14,12,12,14,11,11,11,12,11,10,14,14,11,11,11,14,14,12,14,10,10,13,11,13,0,12,11,12,13,10,10,10,12,11,11,12,13,13,11,14,14,11,11,12,13,10,13,14,12,11,13,10,11,10,13,14,10,10,13,11,10,14,13,12,10,14,12,13,14,13,12,11,12,13,10,13,14,11,12,13,13,11,14,12,11,14,14,11,13,11,11,12,14,14,14,14,12
13,11,14,12,10,10,13,13,12,12,13,10,14,10,14,13,10,13,13,10,11,11,11,10,11,10,12,12,0,10,12,13,13,10,10,10,14,13,10,13,11,10,14,13,11,11,10,13,11,11,14,13,11,10,14,11,11,10,14,11,14,12,11,12,10,14,14,10,13,14,10,14,14,14,11,10,11,12,14,13,10,12,11,10,10,13,12,13,11,14,14,13,14,13,14,14,13,11,13,12
12,14,14,12,11,14,13,11,13,14,14,13,11,10,11,12,10,10,12,11,12,11,14,14,14,11,10,11,10,0,12,11,10,13,12,11,10,12,13,14,11,14,10,14,12,14,10,12,13,12,11,13,12,14,12,14,10,10,10,12,14,14,12,10,11,12,14,14,13,13,10,14,12,11,10,12,11,11,11,10,14,14,11,13,13,13,13,11,11,12,10,10,12,11,14,12,11,14,12,14
14,10,13,14,12,11,11,11,13,10,13,13,13,10,12,10,12,14,12,12,13,13,13,10,13,10,12,10,12,13,0,10,11,14,12,10,14,10,11,10,12,12,12,12,11,14,11,11,12,13,13,14,12,12,14,10,11,12,12,11,12,14,10,13,14,10,11,14,11,14,13,10,11,13,14,10,11,10,11,11,11,13,10,12,13,14,12,14,14,11,13,12,12,10,13,13,11,13,13,11
13,11,14,12,14,13,13,14,12,14,14,10,10,11,14,13,13,13,14,10,12,11,10,14,10,11,12,10,14,11,14,0,12,12,10,13,10,14,12,12,10,10,12,11,14,12,13,11,11,10,14,14,13,14,13,13,11,10,14,11,12,10,12,10,11,14,12,13,14,13,14,14,10,10,14,14,10,10,10,12,12,14,11,10,14,12,11,13,14,11,11,14,14,11,14,14,12,12,10,10
14,14,11,12,11,14,14,12,14,13,12,10,10,11,14,13,14,12,10,13,13,13,14,13,11,14,10,14,10,10,11,13,0,10,10,13,13,13,13,14,10,13,13,13,10,14,10,14,12,11,11,10,10,11,11,12,11,10,13,11,11,14,14,12,14,11,14,10,14,13,10,14,10,13,10,10,14,10,13,14,10,10,13,12,13,10,11,11,13,13,11,13,14,12,12,10,13,11,14,14
14,10,14,13,11,12,14,12,11,10,12,10,11,14,10,10,11,12,13,14,10,13,12,11,11,12,10,13,10,14,12,12,10,0,14,14,10,11,14,11,11,10,13,14,12,10,10,11,14,12,12,14,10,12,10,13,11,12,12,11,13,11,11,12,12,13,14,10,12,10,14,13,11,11,12,13,12,13,14,10,10,11,10,10,13,10,11,10,14,10,12,12,13,12,13,14,14,11,12,14
10,10,13,14,12,13,12,14,10,12,11,13,13,12,10,11,11,10,13,12,11,14,10,12,12,11,10,13,12,12,14,10,11,14,0,10,10,12,10,13,10,12,11,14,12,13,14,14,11,11,11,13,13,12,14,13,10,14,11,12,10,13,13,12,12,12,11,11,14,11,10,13,10,12,13,14,14,10,13,14,12,12,13,12,11,14,10,13,11,10,14,11,11,13,12,12,13,14,12,14
11,12,10,14,11,12,12,11,13,14,13,10,10,11,14,13,14,11,10,13,12,13,10,13,12,14,12,12,14,11,11,14,13,13,12,0,14,12,13,10,13,11,14,14,11,12,13,10,14,13,13,12,12,13,14,12,13,12,11,12,12,10,10,11,12,13,13,12,11,14,14,11,11,11,12,11,13,13,13,11,14,14,12,13,10,14,14,10,13,11,13,12,10,11,13,13,11,12,12,13
13,10,13,10,14,12,11,10,11,12,13,10,14,10,12,13,12,12,10,13,14,13,13,10,10,12,10,14,13,13,14,11,11,10,13,13,0,10,12,13,13,13,13,14,10,13,13,12,14,13,10,10,13,11,14,13,10,12,13,14,11,11,11,12,12,13,12,13,13,12,14,12,10,13,12,14,11,13,12,12,12,14,11,11,12,13,10,14,12,11,12,11,12,12,12,12,11,10,11,12
10,14,14,12,13,12,10,10,14,14,12,11,14,11,11,11,10,14,14,14,12,13,10,11,14,13,14,12,10,10,13,11,12,14,11,12,10,0,14,12,10,12,10,10,13,14,11,11,11,11,11,11,11,10,11,10,12,13,12,12,10,13,12,14,13,10,10,13,14,14,14,10,11,12,14,11,12,12,12,12,13,12,13,11,14,13,11,10,10,14,14,13,13,11,12,12,10,10,11,12
14,12,11,12,12,10,10,14,10,10,13,14,11,10,14,13,10,11,14,10,14,14,13,14,14,10,11,14,14,12,11,11,10,10,12,10,10,10,0,14,14,12,11,10,10,11,14,12,13,12,14,12,13,11,11,12,14,14,11,12,11,13,10,14,13,13,12,14,11,12,13,12,14,12,10,12,13,14,12,13,14,12,13,12,10,10,12,14,13,12,13,11,13,13,12,10,12,11,12,11
14,10,11,11,13,11,12,11,10,14,14,14,11,13,12,14,10,13,14,12,10,12,10,13,13,12,14,10,10,10,10,11,12,10,14,14,11,11,14,0,13,12,11,14,14,13,14,14,14,10,12,14,13,12,14,11,11,10,12,13,10,11,11,10,10,14,12,12,10,13,13,13,13,14,10,10,13,12,10,10,14,13,14,10,12,10,11,14,13,14,12,13,13,13,13,11,10,10,14,10
10,12,13,11,12,14,11,14,11,14,12,13,14,11,13,12,12,11,13,14,13,13,13,11,10,14,14,14,10,14,14,12,13,10,10,12,14,13,12,13,0,14,11,13,13,12,13,13,11,14,10,14,14,12,14,11,11,13,12,10,12,14,11,13,12,10,14,10,14,11,11,13,13,13,10,10,11,10,14,13,12,11,13,10,10,14,14,10,14,13,14,14,11,13,10,13,13,12,11,13
12,13,14,10,13,12,10,10,12,14,10,11,13,14,12,11,11,11,13,12,10,14,11,10,12,12,12,10,13,11,12,13,14,11,10,13,11,13,11,13,13,0,14,12,14,13,12,10,11,10,14,11,12,14,13,13,13,12,14,13,10,14,10,11,10,12,11,12,11,13,14,14,13,14,10,13,10,11,11,11,14,11,10,14,14,14,10,14,10,12,12,11,11,14,11,13,13,12,12,12
12,10,14,13,11,14,13,12,13,10,12,12,10,13,13,13,13,10,12,10,12,12,11,14,11,12,13,13,12,11,10,12,13,13,14,13,12,12,13,10,11,12,0,10,14,14,14,11,13,11,12,14,12,10,11,10,10,13,14,11,13,11,14,10,11,14,10,13,11,13,10,11,11,11,12,14,10,11,11,14,11,11,14,12,10,11,12,12,12,13,14,14,12,10,14,14,11,11,14,10
14,10,14,14,10,11,13,10,13,12,10,13,12,10,14,12,11,12,10,14,12,12,11,13,14,10,13,10,12,12,12,13,11,11,10,11,11,14,11,13,13,11,14,0,10,12,10,12,12,10,11,12,14,11,14,12,11,14,10,10,14,13,13,13,10,14,12,12,10,14,13,10,12,10,11,11,10,13,11,11,14,13,10,14,10,10,13,11,12,13,13,11,11,14,12,10,14,13,13,10
10,13,12,13,11,11,10,13,10,13,12,13,13,14,11,11,12,13,13,10,10,10,14,11,11,12,14,12,13,10,11,12,14,10,10,10,11,12,12,13,14,10,11,14,0,11,14,13,12,12,11,12,11,14,13,14,14,13,10,11,14,11,12,10,14,11,10,14,12,13,10,14,10,10,14,10,10,14,10,10,11,14,12,10,12,13,10,12,10,11,10,12,10,10,13,11,11,10,12,12
10,10,10,13,11,11,12,10,14,13,13,10,13,10,14,14,14,12,12,11,10,12,13,11,13,13,14,14,12,12,14,10,12,12,14,11,14,13,13,10,11,10,12,12,12,0,14,14,14,11,13,12,14,12,10,12,12,11,13,10,13,11,12,13,12,14,13,13,10,11,13,10,11,14,11,14,10,10,11,14,13,14,10,13,13,10,14,13,11,10,11,14,10,13,14,14,13,11,10,13
13,11,13,12,12,12,10,14,10,11,11,12,10,14,12,14,11,13,14,11,14,10,12,10,10,13,10,13,14,12,10,13,14,13,10,11,10,12,11,11,14,14,13,10,13,13,0,14,10,10,10,12,10,12,14,14,13,13,13,12,13,11,12,10,12,10,12,13,12,14,10,13,14,12,13,11,14,12,12,11,11,14,10,12,13,14,10,11,10,13,11,12,12,14,12,14,12,14,10,14
11,14,12,11,10,12,13,12,13,12,14,11,11,12,11,14,11,14,12,12,14,10,13,13,12,12,10,14,10,13,13,10,11,12,14,11,11,14,12,11,11,12,12,12,13,10,11,0,14,13,12,13,12,12,12,10,10,11,14,13,12,11,13,12,10,13,14,10,13,12,14,13,11,12,10,11,12,12,11,14,11,10,10,11,13,10,11,12,13,12,13,10,12,10,14,14,12,14,12,13
14,10,12,12,14,14,11,14,11,11,13,13,10,14,11,11,10,11,14,14,12,12,11,11,14,13,10,11,13,11,13,12,10,12,10,11,13,13,12,13,13,11,11,12,14,10,10,12,0,13,12,13,10,10,12,10,12,14,11,13,10,13,10,11,14,12,10,12,12,14,10,13,11,14,10,10,11,10,13,12,13,13,12,12,11,12,12,11,12,11,12,12,12,10,11,14,13,10,11,10
13,12,12,13,13,13,11,11,14,11,14,11,10,13,14,12,11,12,14,12,14,14,10,11,11,12,11,11,12,10,12,11,13,13,13,10,10,14,13,12,10,11,12,10,12,11,11,13,11,0,14,13,10,10,14,10,14,11,11,11,10,12,10,13,13,14,13,12,12,14,13,12,11,14,11,11,13,11,10,14,10,11,12,10,13,12,12,10,14,12,14,14,13,13,13,10,10,12,13,10
13,13,14,13,12,11,11,11,13,13,12,12,11,12,10,14,10,10,14,11,12,12,13,10,10,14,13,13,10,11,10,10,12,14,10,11,11,13,12,12,10,10,11,11,14,12,12,10,12,13,0,10,14,12,12,13,11,10,14,13,13,12,13,10,12,12,12,14,11,12,14,12,11,13,12,10,11,10,12,10,13,11,13,11,12,10,11,12,10,10,13,11,12,10,14,14,12,10,14,13
12,12,11,13,12,10,13,11,14,12,12,10,13,13,10,11,14,12,13,11,11,14,14,10,13,13,10,10,14,13,13,11,11,13,12,10,10,14,13,11,12,14,12,12,13,13,12,13,10,12,10,0,14,12,12,12,12,13,10,14,14,10,12,12,11,13,11,13,10,11,14,10,14,13,11,14,11,12,11,12,10,10,11,10,11,13,13,14,14,10,10,12,10,10,13,11,14,11,10,14
12,14,12,12,11,12,10,11,10,12,10,10,11,12,14,14,14,12,11,13,10,12,14,14,11,11,10,14,10,10,10,10,11,12,14,10,12,13,14,14,12,12,13,11,10,14,11,12,10,13,11,11,0,10,12,14,10,10,13,11,14,12,11,10,10,11,10,14,14,12,14,12,11,13,12,11,12,13,12,14,11,10,12,13,11,14,14,14,14,13,14,10,13,11,14,12,11,11,13,10
14,14,12,14,11,11,14,13,13,10,11,11,12,14,10,14,14,12,13,11,12,10,10,11,13,13,14,10,13,10,10,10,10,12,14,11,13,12,12,10,14,10,11,13,11,12,13,13,11,10,12,13,13,0,12,12,14,14,10,11,13,12,14,14,12,10,10,11,14,10,13,11,12,10,12,12,11,13,11,14,10,10,10,14,13,12,11,12,13,10,14,12,12,11,14,13,14,10,13,12
11,11,13,13,12,13,14,13,10,14,10,11,12,11,10,12,12,10,11,10,13,13,13,14,11,11,14,11,10,14,12,10,14,14,12,14,11,11,11,14,12,12,12,13,14,13,14,10,10,11,11,13,14,13,0,13,13,12,13,12,11,14,13,12,10,12,14,11,13,14,10,10,10,14,11,12,11,10,14,10,12,12,13,10,14,13,14,11,10,10,14,11,13,14,10,10,14,10,11,11
14,11,10,11,10,10,11,14,12,11,12,12,13,13,14,14,10,12,13,12,12,13,10,13,14,13,12,10,13,11,12,10,14,13,10,11,11,12,10,13,11,14,14,14,12,12,13,14,10,11,14,11,11,13,13,0,11,11,12,11,11,13,11,11,10,13,11,12,10,12,13,12,13,12,10,11,13,14,11,10,12,10,12,14,12,12,11,14,11,14,14,14,13,10,14,14,10,13,13,10
11,14,13,12,12,13,11,13,11,12,10,12,10,12,14,11,11,11,14,12,12,12,11,10,13,13,14,12,13,10,10,14,10,10,14,12,11,14,12,13,11,12,13,14,13,12,14,10,11,12,13,13,14,10,13,13,0,13,13,14,13,13,13,10,10,11,11,11,14,13,11,14,11,14,10,11,10,13,12,11,10,13,14,11,10,11,11,14,14,12,10,14,13,10,13,14,12,11,13,12
12,11,10,12,14,12,12,14,13,14,12,10,11,11,13,10,14,12,10,13,14,11,11,12,13,12,11,10,10,10,13,13,10,14,13,14,13,12,11,12,14,11,10,10,14,14,12,11,11,13,10,14,11,14,12,11,14,0,13,13,11,11,12,14,13,10,14,10,11,12,14,11,12,11,12,14,12,10,10,12,13,10,10,14,12,10,13,11,11,11,11,14,10,13,10,11,11,12,12,10
10,14,11,13,11,11,13,13,14,14,14,11,13,10,10,11,11,13,11,12,11,12,14,14,10,14,10,13,10,10,12,10,12,10,11,13,13,11,12,10,12,10,12,11,12,10,11,14,12,14,10,13,10,14,14,13,10,11,0,12,12,11,14,13,13,11,14,14,13,14,11,12,14,11,11,10,11,14,12,12,10,13,10,11,11,10,13,14,12,11,13,13,11,13,14,14,12,11,14,14
12,11,12,10,10,11,10,12,14,14,12,13,12,14,12,13,10,13,11,12,12,10,11,11,10,13,10,11,11,12,13,14,10,12,14,14,10,10,10,10,10,11,10,13,13,10,10,12,11,11,14,13,10,11,12,12,14,11,10,0,11,10,14,11,12,10,13,13,10,14,12,12,10,13,11,12,11,14,13,13,10,13,13,10,14,12,14,13,13,10,12,14,14,14,13,14,11,14,12,12
14,12,10,12,13,13,14,10,14,13,10,12,11,12,10,13,12,13,11,14,11,14,14,14,11,13,13,10,10,11,11,11,11,10,13,13,13,10,12,11,13,13,14,10,14,10,13,12,14,14,12,12,12,13,11,10,12,10,10,14,0,14,13,10,12,12,13,10,10,14,11,10,11,11,14,10,12,10,14,14,11,14,11,10,10,14,14,14,13,13,13,10,12,14,12,11,10,13,12,12
11,14,12,12,12,14,10,10,12,13,14,14,13,10,14,10,13,12,10,12,13,14,12,12,10,11,12,11,14,13,10,13,13,11,13,11,11,13,13,10,13,13,11,14,14,13,11,11,10,11,13,12,13,14,14,11,12,10,12,11,12,0,13,11,14,13,10,11,12,12,12,13,10,14,14,13,10,13,12,12,11,14,10,11,12,10,12,10,13,12,12,13,11,11,11,13,14,11,11,11
14,11,14,14,12,13,12,12,13,10,14,13,10,13,10,11,11,12,13,14,10,14,12,10,10,13,12,14,12,11,14,13,11,10,13,10,10,11,13,14,12,10,12,13,12,14,13,12,10,10,12,12,12,12,11,14,14,14,14,13,10,13,0,14,12,11,11,11,14,14,10,10,10,13,14,11,10,11,14,12,10,10,14,13,12,14,11,10,14,14,13,10,11,11,14,13,14,10,10,12
11,12,13,13,10,14,11,13,13,10,11,12,14,11,13,13,10,10,12,13,14,10,12,10,10,14,14,13,14,10,12,14,11,11,10,13,11,11,12,12,12,13,12,13,13,11,10,10,12,11,12,13,13,12,12,11,10,13,12,11,10,12,14,0,12,12,11,11,13,10,10,12,14,12,14,10,11,12,13,12,14,13,13,10,13,12,13,11,14,14,14,12,13,14,11,11,14,14,10,10
11,14,12,14,12,14,13,11,13,11,11,13,12,11,12,12,11,11,10,14,13,10,12,14,10,12,13,14,11,12,11,12,12,12,10,10,10,14,13,14,14,12,12,12,12,10,10,12,11,13,14,12,13,10,12,11,12,13,13,14,10,13,10,11,0,10,14,11,14,10,12,11,12,13,11,10,11,13,10,11,14,11,11,13,12,13,13,13,11,10,13,12,12,10,13,13,10,12,11,11
13,14,10,11,14,11,11,13,11,10,10,13,12,12,14,13,13,10,12,13,11,10,10,14,11,14,14,12,10,12,14,13,11,13,12,10,11,14,13,10,11,14,11,10,14,10,10,14,10,10,14,10,10,13,10,12,14,11,14,10,12,14,13,14,11,0,12,11,14,14,13,12,14,12,12,11,12,13,14,10,11,13,14,11,14,12,14,13,13,13,10,10,14,10,13,13,11,10,12,13
11,13,11,10,11,13,10,13,13,11,13,14,14,11,12,11,12,12,14,11,12,14,12,11,14,13,12,13,14,13,10,11,10,11,13,12,12,14,14,11,11,10,10,12,10,10,10,13,12,11,10,14,11,11,11,12,11,10,11,13,11,11,14,14,11,11,0,13,13,12,10,14,13,12,13,14,11,14,10,10,13,12,14,11,12,13,10,14,14,10,11,11,11,12,11,10,10,11,10,11
13,11,12,10,12,11,12,11,13,12,14,12,10,14,12,11,12,10,11,11,10,12,14,13,11,13,12,10,11,13,14,10,13,13,12,11,14,13,14,10,10,14,11,12,10,13,10,12,14,14,13,14,10,14,11,11,12,13,14,14,13,11,14,14,12,14,14,0,12,11,11,11,13,11,10,10,10,10,12,12,13,12,10,10,12,10,14,14,14,12,11,14,11,14,14,11,14,14,11,14
11,14,13,10,13,13,14,13,14,13,10,10,14,11,10,11,13,10,12,14,12,14,14,14,14,11,10,14,11,13,11,11,13,12,10,14,13,10,12,14,10,11,10,11,12,11,14,14,13,12,13,13,12,12,11,12,14,14,10,12,12,10,11,10,11,14,11,11,0,10,11,13,13,13,13,13,11,13,13,12,13,12,10,10,13,10,13,13,11,11,13,14,14,14,10,11,10,10,14,14
13,14,12,14,11,14,10,14,13,13,10,14,11,12,12,14,11,14,13,10,13,10,10,10,12,11,14,14,13,11,12,10,13,13,13,13,14,11,13,14,14,13,14,12,10,13,13,11,12,10,14,11,11,13,10,12,14,12,12,10,14,11,11,12,10,14,10,12,13,0,13,10,10,10,13,10,10,10,12,10,13,13,12,11,13,12,11,13,10,13,11,14,12,14,13,14,13,11,12,12
10,13,10,13,13,14,14,10,12,13,10,12,11,12,13,11,12,14,13,10,14,10,10,14,12,13,13,11,11,14,11,13,12,10,14,14,13,14,13,13,12,10,10,11,12,13,12,10,10,12,12,14,13,12,12,14,13,10,11,10,11,12,14,13,11,11,14,11,12,14,0,12,12,11,14,12,13,14,13,11,13,10,13,10,14,12,12,10,10,12,14,11,12,13,12,12,10,11,12,10
11,14,11,12,11,14,14,13,13,10,13,10,10,14,12,14,13,11,14,11,13,10,13,13,13,12,10,14,13,12,12,12,12,13,10,13,13,11,14,14,12,13,12,14,13,14,10,13,10,13,14,13,11,11,11,10,10,13,13,13,14,10,10,10,13,11,12,12,13,14,10,0,11,12,10,13,10,13,13,14,14,12,12,14,10,13,13,10,10,11,14,12,10,12,11,10,12,13,11,11
12,11,13,14,11,12,12,10,11,13,11,11,11,13,14,11,12,10,14,11,14,10,12,10,13,11,10,14,11,10,10,11,12,12,11,13,13,12,13,13,11,12,14,12,10,13,11,11,13,14,13,11,14,14,12,11,13,13,10,14,11,12,14,10,12,10,14,14,11,11,13,14,0,12,11,10,11,10,10,10,10,10,13,11,11,12,13,12,12,14,10,14,14,12,13,11,13,13,13,14
10,13,11,14,12,11,13,14,12,14,11,10,13,13,10,14,12,11,13,13,13,13,11,14,11,11,13,11,14,10,11,13,11,10,14,11,13,14,14,14,13,14,14,13,13,14,10,11,12,13,13,12,14,10,11,11,11,11,12,10,13,11,14,11,12,12,14,13,13,13,11,13,11,0,14,14,13,13,13,11,12,11,12,14,11,11,13,14,11,13,13,14,11,11,13,11,11,10,12,10
10,10,11,12,13,11,10,10,14,10,12,13,13,10,10,14,11,12,13,10,14,13,12,14,10,13,14,11,13,13,13,13,10,13,11,12,14,14,10,14,11,12,14,10,11,14,11,11,11,14,10,14,11,12,10,11,12,11,11,10,11,13,12,11,12,13,12,14,14,12,14,11,11,14,0,14,11,14,11,13,10,12,13,10,13,13,13,11,13,12,14,10,12,12,10,12,12,14,12,13
12,12,11,12,13,14,13,13,12,12,13,11,10,13,11,13,13,13,14,13,13,11,14,11,14,12,12,13,10,11,12,12,11,13,10,13,10,11,11,13,14,10,14,10,13,12,14,14,11,12,14,13,10,14,10,10,13,10,12,11,12,10,12,10,10,11,14,12,12,12,13,11,12,10,13,0,12,12,13,12,11,13,13,11,13,12,13,11,12,12,10,10,14,14,10,11,14,13,13,14
12,12,11,11,14,14,12,11,10,11,12,13,14,12,10,12,14,13,13,13,12,10,12,14,12,11,13,12,11,13,13,14,13,13,10,13,11,11,12,14,10,12,11,11,14,12,11,12,13,12,12,11,14,10,12,11,10,12,14,13,10,14,14,11,12,13,14,10,12,11,11,12,10,14,12,10,0,14,11,14,14,14,10,14,13,11,12,14,13,11,13,13,14,12,14,13,10,12,14,14
11,13,10,10,11,11,10,10,10,12,12,12,13,12,14,13,14,10,10,10,14,14,10,14,13,13,12,10,11,10,11,13,10,12,13,11,14,10,13,12,10,11,13,10,14,10,14,11,12,10,13,10,11,13,14,11,12,11,11,12,14,14,14,10,10,13,12,11,13,13,14,14,11,13,14,13,11,0,10,14,12,14,10,13,11,11,11,12,11,13,12,14,12,13,10,13,11,12,13,14
10,13,12,13,13,10,14,13,12,13,10,10,11,11,14,13,13,11,12,13,14,11,10,13,11,14,11,10,11,10,13,10,12,10,14,14,11,12,14,10,12,12,14,13,12,11,12,10,14,11,14,14,14,10,10,13,12,14,11,14,13,14,12,12,14,10,12,11,12,14,12,11,12,12,10,12,12,12,0,11,14,11,11,10,10,10,14,11,12,10,10,11,11,10,14,11,13,14,11,14
12,14,10,12,14,13,12,12,11,14,12,11,10,13,11,12,12,13,12,12,10,13,14,11,12,13,10,10,12,11,12,12,10,13,14,10,11,13,11,11,12,11,14,13,12,14,11,13,14,12,13,14,12,14,13,13,10,14,10,11,13,12,10,10,12,14,10,11,13,11,11,14,12,10,14,13,14,11,13,0,13,11,11,11,14,12,12,10,11,14,10,14,11,12,14,13,10,11,14,10
12,13,14,10,12,10,14,12,11,10,10,14,13,11,12,10,11,10,10,12,14,14,13,12,13,11,14,11,13,12,13,12,14,10,10,14,11,11,14,13,13,14,13,11,14,11,11,10,10,14,11,10,10,11,10,13,14,12,11,10,10,12,14,14,11,12,14,12,10,12,13,14,10,12,14,14,11,12,13,12,0,10,14,11,13,11,13,11,13,14,12,14,14,14,14,12,10,10,14,14
11,11,13,14,12,10,11,14,13,11,11,11,11,13,14,10,11,11,10,12,13,11,10,13,13,12,13,14,11,14,13,14,12,12,12,10,11,14,14,13,14,13,13,11,13,10,12,10,10,13,11,14,10,11,11,10,10,10,11,14,11,11,12,14,13,11,13,14,11,13,13,11,12,12,13,14,12,14,14,12,14,0,13,14,12,12,14,14,11,11,11,10,11,13,14,11,12,10,14,13
11,12,13,13,11,10,14,12,12,12,11,12,11,11,14,14,13,12,10,11,13,12,12,12,14,13,11,13,12,11,10,14,13,10,12,10,11,14,12,12,13,11,11,13,14,14,13,10,13,10,12,10,10,12,14,14,14,11,13,12,13,11,10,11,11,12,13,11,13,14,13,13,14,13,13,12,10,13,13,10,14,11,0,14,12,13,10,13,10,10,13,10,14,11,10,13,12,11,10,11
11,10,12,11,14,11,14,10,12,14,12,13,10,12,13,12,11,11,12,12,11,14,13,10,10,13,13,11,14,14,11,10,10,12,12,14,12,10,10,10,13,10,11,11,12,14,10,12,13,12,11,10,14,12,10,12,12,12,10,11,13,12,10,12,13,12,12,13,10,13,10,11,11,12,14,10,12,11,13,11,13,11,13,0,12,13,10,11,13,11,14,11,10,10,14,12,10,14,13,12
14,11,11,11,14,11,10,14,11,13,10,14,10,13,14,12,11,14,13,14,13,11,14,11,10,11,10,11,12,14,13,11,14,14,13,14,11,14,13,11,12,11,14,14,11,10,10,11,10,11,10,11,10,13,14,13,11,14,11,12,10,14,12,12,14,13,10,11,10,10,11,12,10,12,12,11,12,10,10,14,10,14,10,10,0,13,11,10,10,10,14,12,11,13,10,10,13,13,11,10
12,10,14,10,10,14,13,11,13,11,12,11,11,14,11,12,11,14,11,13,12,13,14,11,11,12,10,14,14,12,14,13,10,14,12,14,11,13,14,11,14,10,12,13,12,13,10,11,11,13,13,14,12,12,12,14,10,13,14,12,14,14,11,10,12,14,10,11,11,11,10,12,14,10,14,11,10,11,13,12,12,13,12,10,13,0,10,10,12,12,13,14,13,14,12,11,10,14,11,10
13,12,13,10,10,12,11,14,12,13,10,13,14,14,11,10,11,12,10,12,12,13,13,14,13,12,12,13,11,13,13,12,14,10,10,10,13,13,12,12,12,10,13,14,12,14,14,13,12,12,10,13,13,14,13,14,14,14,11,12,10,13,13,13,14,12,14,13,13,11,11,12,10,12,10,12,10,14,12,14,12,13,10,14,12,10,0,14,10,12,11,11,14,11,14,12,14,11,14,14
14,14,11,10,11,10,13,12,10,13,10,13,10,12,12,14,11,12,13,11,14,13,14,10,11,10,12,10,10,10,11,10,11,14,12,14,11,13,14,14,14,12,13,11,11,13,10,12,14,10,10,11,13,13,10,10,10,10,13,10,13,12,12,10,12,10,11,10,14,12,13,13,12,14,11,11,14,13,13,13,14,14,10,14,14,14,12,0,13,14,12,14,10,14,13,10,12,14,13,13
11,11,10,13,12,12,12,14,13,11,13,10,12,11,10,11,13,11,13,10,13,13,13,11,11,13,12,13,13,13,14,11,11,14,12,11,13,11,13,12,11,10,13,11,10,11,11,13,14,12,11,10,11,12,10,13,13,14,11,13,14,13,10,14,12,12,14,12,14,13,12,12,13,10,14,13,14,11,10,10,11,13,14,11,12,13,14,13,0,14,13,13,14,10,14,12,12,14,13,13
12,11,14,14,11,10,14,12,11,13,12,13,11,13,10,12,10,14,14,12,14,12,11,13,10,14,12,12,13,12,11,13,11,12,12,13,12,14,12,10,12,10,13,14,12,14,11,10,14,12,11,13,10,10,14,10,10,10,13,11,12,12,14,13,12,13,12,13,11,11,10,11,11,13,10,13,14,11,11,11,12,11,12,11,10,13,12,10,13,0,12,13,11,11,11,13,10,11,14,12
13,11,13,14,12,11,10,11,12,10,11,10,14,14,12,13,10,14,12,12,14,11,12,10,13,13,13,10,10,10,14,11,14,13,13,14,14,11,10,14,10,12,10,14,11,12,14,12,13,12,12,10,14,12,12,11,14,12,11,14,13,10,10,11,11,14,10,10,10,12,14,13,13,12,12,12,10,13,13,11,14,10,11,13,12,13,12,12,10,11,0,10,12,10,11,10,10,11,13,13
11,11,13,11,10,13,13,12,11,10,10,11,10,13,10,14,13,13,12,14,12,12,12,14,14,12,11,13,12,12,11,10,11,10,12,14,10,13,10,14,14,11,11,12,10,14,14,13,14,11,12,11,14,14,10,14,14,14,12,13,11,14,14,14,13,14,14,14,11,11,14,10,13,13,14,10,11,10,14,14,13,13,14,10,14,10,11,12,14,12,10,0,11,11,12,12,14,12,12,13
10,10,14,12,13,12,12,12,10,10,10,13,13,10,12,14,13,10,13,14,12,12,12,10,13,11,12,13,11,10,10,13,13,11,13,14,13,10,10,13,12,12,10,12,14,14,11,11,13,12,13,13,13,12,10,12,13,14,13,11,10,13,11,10,14,12,14,11,11,12,11,12,14,10,12,10,11,10,10,14,14,10,14,13,11,11,14,11,11,10,10,14,0,12,14,13,13,11,10,12
12,14,14,14,11,11,10,14,12,10,10,10,13,13,13,11,14,13,12,13,13,12,13,10,11,12,11,10,10,12,14,13,11,12,13,10,10,11,13,12,10,11,11,10,10,14,12,10,13,12,13,14,13,11,13,14,11,14,13,14,14,10,13,10,11,12,14,10,10,13,11,13,10,10,12,11,10,12,10,11,14,11,11,13,13,14,14,14,14,13,14,11,12,0,14,12,10,13,11,14
13,10,11,10,10,10,10,14,12,13,11,14,13,13,12,14,13,13,10,12,11,12,14,11,11,14,10,10,10,13,12,13,14,13,12,11,12,11,11,12,12,10,11,10,12,14,10,12,10,10,13,11,12,14,13,11,10,10,13,11,10,14,13,14,11,13,14,10,11,10,11,12,12,13,14,10,10,13,14,12,13,12,10,10,14,11,10,10,14,10,11,12,12,14,0,11,12,12,12,14
13,14,10,10,14,13,11,13,14,14,12,11,11,11,11,13,12,14,12,14,14,12,14,10,10,14,14,14,13,11,11,13,12,13,10,12,12,12,11,12,13,12,11,10,12,14,14,10,11,11,13,13,14,12,10,10,10,10,10,10,13,11,10,12,13,14,13,12,10,13,11,10,12,10,11,11,10,14,13,10,14,13,12,11,12,12,13,10,13,14,12,11,11,11,13,0,11,12,14,11
12,11,12,10,13,10,13,10,13,10,13,10,10,12,14,10,14,13,13,14,10,10,12,13,10,11,14,13,11,11,10,14,11,12,10,14,12,13,14,11,14,12,10,14,10,14,11,14,12,10,14,12,13,10,11,11,13,13,14,11,11,14,14,11,10,13,14,13,11,10,13,11,14,12,14,13,10,13,13,11,14,14,11,11,12,12,11,10,11,14,10,13,13,12,10,10,0,13,13,14
11,10,13,12,11,12,13,13,10,10,13,10,10,14,13,12,11,12,13,14,13,11,13,12,12,10,14,12,11,12,14,10,12,14,11,10,11,11,14,13,13,13,11,10,12,13,14,13,14,10,13,12,14,13,10,10,12,10,10,11,12,10,12,13,10,13,12,11,13,13,10,14,13,14,10,14,10,12,14,13,10,11,13,10,13,12,10,14,13,11,12,11,11,13,11,12,11,0,13,14
14,10,13,10,10,10,14,13,10,12,11,14,14,11,11,10,10,12,11,14,12,13,13,12,12,10,14,13,10,12,13,13,12,13,14,12,12,10,12,10,14,14,14,11,12,11,13,14,14,12,10,14,14,13,11,11,12,10,13,10,10,10,13,13,14,12,12,11,11,13,13,10,10,11,14,13,13,11,10,10,12,14,13,13,11,13,14,13,11,13,10,12,12,11,14,13,10,10,0,12
10,14,11,13,10,13,10,14,12,14,12,12,10,14,12,13,11,12,10,11,10,12,13,10,12,13,11,12,13,11,10,13,13,14,10,11,10,10,12,14,10,14,11,13,13,10,14,12,14,13,13,11,10,13,11,12,10,11,10,12,12,13,10,11,14,14,14,11,14,11,12,10,10,11,11,11,11,10,12,12,13,13,12,10,13,14,13,14,12,13,10,14,14,14,11,12,14,10,14,0
