R=100
Pi=(28,25,29,28,29,28,25,24,27,24,27,21,27,25,21,27,23,27,28,26,26,23,20,21,22,23,20,24,22,29,24,20,27,21,27,20,20,24,23,23,21,23,25,29,20,20,23,25,27,20,21,24,29,27,23,25,25,28,25,25,27,21,22,28,20,26,24,26,28,21,27,29,23,24,25,22,27,20,20,22,20,25,26,21,28,29,20,29,27,21,24,21,29,28,26,29,21,27,28,23)
A=
1,2,0
2,3,0
4,5,37
5,6,0
7,8,0
10,12,26
12,14,0
14,17,23
17,19,32
23,24,38
24,25,33
26,27,23
27,28,29
28,29,0
29,30,0
32,33,0
33,34,0
35,36,0
36,37,28
37,38,35
41,42,0
42,43,31
43,44,33
44,45,0
47,48,0
48,49,0
49,50,20
50,51,22
51,52,0
52,53,0
53,54,0
55,59,0
62,63,0
63,64,0
64,69,29
70,71,35
71,72,0
72,73,26
73,74,0
74,76,31
77,78,33
78,79,25
84,86,0
86,88,38
87,89,0
91,93,37
92,94,0
94,96,39
96,98,39
97,99,37
Sij=
0,10,14,10,12,10,14,10,14,14,12,11,13,11,10,12,13,12,14,12,14,11,14,10,14,12,11,11,13,11,11,14,11,11,11,10,10,11,12,13,12,10,13,11,10,10,14,11,10,10,10,10,11,11,12,12,10,14,11,14,14,13,11,13,12,12,10,11,14,10,12,11,14,10,10,13,12,13,14,14,13,10,11,13,11,11,13,14,13,14,14,10,10,12,14,14,14,10,14,12
14,0,12,11,10,12,13,10,10,11,14,14,12,14,11,11,13,11,13,11,11,14,10,12,10,11,11,11,12,11,10,14,12,14,12,14,10,14,10,10,12,10,12,12,14,14,11,11,13,11,10,12,10,14,12,12,14,14,10,13,11,12,13,13,10,10,12,13,12,12,10,14,11,13,13,11,12,12,13,11,10,10,12,10,10,13,13,12,11,14,10,10,13,11,13,10,11,13,12,14
11,12,0,14,10,11,11,10,12,10,11,10,11,11,14,13,11,14,12,13,12,11,14,12,12,12,14,10,14,14,12,14,13,10,13,14,12,10,11,14,13,12,10,12,14,13,13,14,14,13,12,11,14,10,10,12,12,10,11,13,11,11,11,13,12,12,11,10,12,14,11,10,12,12,14,14,11,12,12,13,13,10,10,11,12,11,14,13,10,11,11,12,14,13,13,12,10,12,14,12
12,13,11,0,14,11,11,13,11,10,10,11,10,12,12,14,11,10,10,11,10,12,13,10,11,13,14,11,13,14,11,13,13,12,14,11,10,13,10,14,10,12,13,12,14,10,11,14,11,14,11,11,10,11,14,10,13,13,10,11,12,14,14,11,14,12,12,13,12,11,14,12,14,11,10,13,13,11,10,10,11,14,10,14,12,10,13,12,13,14,13,12,13,14,11,10,12,12,13,12
13,13,11,14,0,10,14,12,14,10,10,11,12,13,14,10,13,14,10,13,13,14,14,10,12,13,12,13,10,14,10,10,11,12,12,12,13,12,10,14,13,13,13,12,12,13,10,13,13,14,13,11,12,13,14,13,14,13,13,11,13,10,11,10,10,10,14,14,10,12,12,10,13,10,10,10,10,11,12,14,12,13,10,11,10,13,12,13,13,14,13,14,13,13,11,12,11,13,12,11
14,10,13,11,11,0,12,12,12,13,13,12,12,10,14,14,10,10,10,14,11,13,11,11,10,14,12,12,14,13,12,14,12,13,11,14,11,14,13,14,12,11,14,10,14,12,10,14,13,14,11,12,11,13,11,13,13,14,13,12,14,10,12,13,10,14,10,13,14,10,12,10,11,10,12,14,13,10,11,13,13,12,13,14,12,10,13,13,12,12,11,11,10,11,14,11,13,10,14,10
11,11,10,13,12,10,0,10,10,11,11,10,12,13,10,13,12,12,13,11,10,11,11,11,11,13,10,10,14,11,10,11,12,11,11,11,11,11,14,12,11,14,12,12,10,12,13,13,10,13,12,14,10,14,13,14,14,10,14,14,12,10,10,14,10,14,12,11,12,13,11,10,12,11,10,11,13,14,10,14,14,11,14,11,13,11,11,12,12,11,11,10,12,14,14,10,13,13,11,10
14,12,11,11,11,12,11,0,13,14,12,11,10,10,14,10,10,11,14,10,14,13,14,13,10,12,10,12,12,11,14,13,14,12,14,10,12,10,13,10,11,14,12,13,10,10,10,10,13,14,14,14,14,13,12,12,14,13,11,13,10,14,13,12,14,14,11,12,10,14,12,10,13,14,13,14,10,11,13,14,11,10,14,13,11,14,14,10,14,11,10,13,13,14,14,12,11,14,13,10
13,13,14,13,11,14,11,14,0,14,13,11,13,10,12,12,10,14,10,11,14,10,11,13,14,13,14,11,13,14,11,12,10,12,12,10,13,10,11,11,12,13,14,11,10,14,12,13,11,12,14,12,10,13,14,10,12,14,10,14,12,12,12,10,12,10,11,11,12,11,13,14,13,14,13,11,11,10,12,14,11,11,14,11,10,14,12,12,13,12,13,13,10,11,13,14,10,14,13,14
13,11,10,10,13,14,13,11,10,0,12,14,12,12,11,13,11,12,11,14,13,13,14,12,10,13,14,14,12,10,13,11,11,12,12,10,14,10,14,13,11,10,10,11,10,12,10,11,13,13,12,12,14,14,14,11,14,13,10,11,13,10,11,10,11,11,12,10,10,11,13,11,12,12,13,13,13,12,12,12,12,13,10,13,13,11,11,12,12,11,10,11,14,13,14,10,13,14,10,14
10,10,11,12,10,11,14,11,11,10,0,13,12,11,13,13,10,10,12,12,10,14,10,12,13,11,11,11,14,13,12,14,13,11,12,12,12,12,12,13,12,12,10,10,11,13,12,10,11,14,14,10,10,12,10,14,14,12,12,11,13,14,14,13,14,10,14,10,13,10,11,12,12,14,10,12,14,14,10,10,13,11,14,10,13,11,14,11,11,12,12,10,14,10,10,12,13,12,11,10
13,11,11,11,12,11,13,11,11,12,10,0,10,11,11,13,11,14,13,14,13,11,13,14,10,12,11,12,11,13,12,14,11,13,10,12,11,10,13,12,12,12,13,14,13,12,12,13,13,12,13,12,14,13,13,14,14,11,10,13,11,13,11,12,14,13,13,12,11,14,11,11,11,10,12,10,13,14,10,13,14,12,14,13,14,14,14,13,14,10,12,14,14,10,10,13,10,10,14,10
13,10,11,13,11,12,11,14,10,12,10,10,0,11,12,13,14,14,13,12,14,13,10,12,10,12,11,12,11,14,13,14,13,14,10,10,14,10,10,12,12,13,10,12,12,10,11,13,11,11,11,14,12,12,14,12,13,13,10,11,10,14,10,14,12,13,12,10,11,11,14,13,13,10,14,11,12,12,14,10,10,12,10,14,12,14,11,10,14,12,12,11,14,13,11,13,12,10,10,14
12,11,12,10,12,13,10,12,13,13,14,10,13,0,10,11,13,13,10,11,12,11,12,10,13,14,13,13,14,13,11,14,11,11,10,13,13,14,10,12,14,13,14,12,11,13,11,12,14,12,13,14,11,14,13,12,10,10,14,10,14,14,11,13,11,14,12,14,12,11,12,13,13,13,12,14,11,10,14,14,12,10,13,12,10,12,12,12,13,13,13,13,10,14,13,10,12,11,10,12
10,11,10,13,14,10,11,13,12,13,10,14,11,14,0,12,13,10,14,12,14,12,14,11,14,13,14,13,13,10,12,11,10,14,11,13,10,10,10,12,14,11,13,10,14,12,13,11,10,12,14,14,12,13,11,10,11,10,10,14,14,12,12,13,14,12,10,10,14,10,11,13,14,11,13,13,13,14,11,12,14,13,12,11,10,12,14,11,13,11,12,10,14,11,12,12,13,10,10,12
11,12,12,14,10,10,14,11,10,13,11,12,14,13,14,0,11,14,11,12,12,13,14,12,12,13,11,14,13,13,10,14,13,13,14,10,11,10,12,10,10,13,12,11,14,14,10,10,10,11,11,12,11,12,13,14,12,10,14,11,13,10,10,12,14,13,13,13,14,13,12,10,12,10,12,13,10,13,12,12,12,10,14,12,12,13,12,10,14,10,13,11,11,10,12,14,13,10,11,11
11,11,10,12,13,10,10,10,10,10,14,14,12,11,14,12,0,11,12,14,11,10,13,14,14,14,11,13,11,13,12,10,14,11,11,11,10,10,12,14,11,12,11,14,14,11,14,13,10,11,14,12,10,11,14,10,12,12,11,12,11,11,14,12,13,14,14,12,11,14,13,12,14,13,12,14,13,14,14,13,10,12,13,14,14,14,10,13,11,10,13,12,13,10,12,14,13,14,11,10
11,11,12,10,12,11,13,11,13,10,11,13,13,12,11,14,13,0,14,12,13,13,11,10,10,11,10,13,14,11,13,10,14,12,14,12,14,10,13,11,12,11,14,14,11,14,10,14,11,13,12,11,13,11,13,11,14,10,12,14,12,13,14,14,10,14,12,10,13,10,11,14,10,13,10,11,14,11,14,11,10,10,12,10,13,11,12,12,14,13,12,13,13,13,14,14,12,14,14,11
11,14,11,10,11,13,11,14,11,11,11,12,10,10,13,11,10,13,0,11,13,12,10,11,10,12,13,10,11,14,10,14,10,12,13,14,11,14,11,13,14,10,12,10,13,11,10,13,12,10,12,13,13,13,10,13,11,13,10,13,13,13,14,10,10,12,10,10,11,11,11,11,14,10,11,13,10,14,12,13,12,14,13,11,11,12,10,12,11,10,13,13,14,13,14,11,10,11,14,11
10,10,11,10,13,11,14,12,11,12,13,11,10,11,11,13,14,13,14,0,13,11,13,13,11,12,13,12,11,10,14,12,13,10,11,12,12,13,12,12,14,12,13,10,14,11,12,12,12,11,10,12,11,12,10,10,11,11,14,13,14,13,13,12,12,14,14,10,13,14,13,10,11,10,14,11,13,13,13,14,10,11,10,14,10,12,11,11,14,11,10,10,14,14,13,11,13,11,12,10
11,11,13,13,13,10,10,10,12,14,12,13,13,14,12,13,13,14,11,14,0,13,13,11,12,13,13,11,12,12,13,12,11,10,13,13,13,12,11,11,10,11,10,14,14,14,12,12,14,11,14,12,14,14,13,12,13,10,11,10,14,13,13,12,13,12,10,12,14,11,14,11,12,13,11,12,12,14,11,12,10,11,11,10,13,11,12,12,12,11,14,13,11,11,11,11,13,12,10,12
14,10,12,12,12,13,10,11,12,10,14,14,13,13,14,12,11,13,14,12,14,0,12,14,12,11,10,10,10,11,10,14,14,14,13,13,14,13,14,12,10,11,11,10,12,11,10,14,12,11,13,14,10,13,12,13,11,11,14,11,11,13,14,14,12,11,10,14,10,14,10,14,12,10,14,11,12,12,12,10,10,11,12,13,13,11,13,10,11,14,11,12,13,12,10,12,11,11,13,10
11,10,13,13,11,14,11,14,14,11,10,14,14,14,10,10,10,10,11,10,12,14,0,13,10,13,12,10,10,14,11,14,11,14,11,14,14,12,14,12,13,14,14,11,14,14,11,13,14,12,10,11,10,10,12,12,12,12,13,10,13,13,11,10,12,12,14,10,12,10,10,13,11,13,13,11,13,12,14,11,11,14,10,13,14,10,13,11,12,13,11,12,14,13,14,14,13,13,13,11
10,11,11,14,11,11,14,12,11,10,14,14,12,12,13,13,12,13,10,12,13,13,13,0,13,13,12,14,12,13,13,13,14,14,12,11,14,12,11,11,12,10,11,14,11,14,12,10,11,14,10,11,14,13,11,13,11,13,13,11,13,12,11,13,13,12,14,10,14,11,14,11,11,11,12,11,12,13,11,13,10,12,12,12,12,11,13,11,12,14,14,11,14,10,13,14,13,12,10,14
10,12,10,10,10,14,10,13,10,10,11,13,11,14,10,11,10,13,10,12,13,13,12,10,0,12,12,11,11,13,13,12,14,13,12,13,13,11,11,12,13,11,10,10,12,12,10,10,10,14,11,14,14,11,13,10,11,14,14,13,13,12,13,10,12,12,11,14,13,10,12,14,14,11,12,11,12,12,10,13,11,12,11,12,11,13,12,12,10,11,11,13,12,12,14,10,12,10,12,14
10,11,11,14,12,12,14,13,14,12,12,13,14,11,12,10,11,11,13,13,14,14,14,11,13,0,13,11,11,12,11,13,12,10,10,12,14,10,12,10,13,14,14,13,13,13,13,13,11,10,13,13,10,11,14,10,11,11,10,10,13,11,13,10,12,13,10,13,14,14,12,10,14,11,10,14,10,10,11,12,10,10,10,11,14,13,12,10,11,10,10,12,14,11,12,12,10,14,11,14
13,14,14,12,12,12,14,14,11,14,14,11,10,12,14,12,10,12,10,14,10,14,12,14,13,14,0,10,12,14,12,13,11,14,11,14,10,10,13,13,12,13,13,14,11,10,14,12,12,12,14,11,13,13,11,13,13,12,14,13,13,11,11,10,13,10,13,11,13,13,13,11,12,13,13,10,12,10,10,13,14,12,13,10,10,10,10,13,12,12,10,13,11,14,10,10,12,13,10,10
12,12,13,14,13,12,14,14,14,10,11,13,11,11,13,10,12,10,14,12,10,10,13,10,12,10,10,0,12,13,12,13,14,14,14,11,12,13,14,12,13,11,10,13,12,11,11,11,14,11,14,12,11,13,12,10,11,13,12,11,13,11,12,10,11,12,11,14,12,14,11,12,13,13,11,11,10,11,11,13,11,13,10,11,14,14,12,10,11,14,10,13,10,13,14,11,13,14,12,14
10,11,14,10,14,12,14,12,12,11,10,10,12,13,14,14,10,11,11,11,10,10,13,13,14,13,11,10,0,14,14,13,10,13,12,13,14,14,10,11,12,10,14,13,10,14,14,11,11,13,14,11,12,13,11,14,14,13,10,11,11,10,14,13,12,12,14,11,10,10,14,14,10,14,14,10,10,11,12,14,14,12,10,11,14,12,11,12,12,12,14,11,13,13,10,12,11,11,11,12
14,13,11,11,13,14,11,12,14,10,13,12,10,11,12,14,10,12,13,14,11,11,13,12,10,13,10,11,13,0,12,14,14,10,10,14,11,10,13,13,10,11,13,13,12,13,12,10,12,11,11,11,13,13,11,11,13,14,13,11,14,13,14,13,11,10,14,11,10,12,11,13,11,13,13,13,12,13,11,13,12,13,13,10,12,10,10,11,13,14,11,11,11,12,13,11,11,10,11,12
14,10,10,14,14,13,14,10,14,13,13,14,13,10,13,11,10,14,11,11,14,13,13,11,11,14,11,14,14,12,0,12,12,11,13,14,12,12,14,10,13,10,10,11,10,10,11,13,11,13,12,11,12,13,14,12,10,12,13,12,10,12,14,10,12,11,10,13,14,10,11,13,10,13,12,10,14,11,12,10,10,11,14,11,12,11,14,14,11,11,13,14,14,11,10,11,11,10,13,14
14,13,13,11,12,13,10,13,10,14,13,13,14,12,12,13,12,13,12,11,11,11,11,12,11,11,14,13,12,11,14,0,13,13,13,10,11,13,13,14,14,10,11,13,12,13,14,10,11,13,12,14,12,13,11,12,13,11,10,14,10,14,11,10,14,14,14,10,10,11,11,10,14,14,13,11,14,13,13,14,11,11,12,10,10,12,12,10,11,11,12,14,12,13,13,14,13,10,13,13
14,14,14,14,12,11,14,13,14,10,12,14,13,11,12,14,11,11,14,12,12,13,13,14,14,11,12,11,10,13,12,14,0,10,10,10,12,12,13,12,14,12,13,10,11,13,13,11,11,10,13,13,12,11,10,11,10,10,14,10,11,14,13,12,11,12,13,14,12,10,10,12,12,13,10,10,13,12,12,11,10,14,11,10,11,14,10,12,14,14,14,12,13,13,11,10,14,10,14,13
14,13,13,10,10,11,10,13,10,10,12,13,13,12,14,11,12,13,11,11,12,10,10,13,11,13,14,14,12,10,10,13,13,0,13,11,12,11,10,14,10,13,11,12,13,12,11,13,10,13,10,12,11,14,12,11,14,13,10,14,12,12,11,10,10,14,14,10,14,10,12,14,12,13,10,12,10,13,11,11,14,14,13,10,12,13,14,13,10,12,12,13,10,10,11,12,12,11,11,13
13,11,14,10,11,10,14,12,13,14,10,10,12,14,10,13,14,10,13,11,10,10,14,12,12,14,14,11,11,13,10,14,11,12,0,13,12,10,13,14,11,13,12,10,10,11,12,11,11,10,13,13,11,12,10,13,12,11,12,12,12,10,12,10,10,14,11,13,14,11,12,13,10,11,12,13,12,14,14,10,10,12,13,11,13,14,14,12,11,13,10,10,13,10,11,10,11,11,10,11
10,13,11,14,12,14,12,14,10,11,10,12,12,11,12,14,12,10,12,10,14,14,12,10,10,11,10,14,14,11,12,11,14,12,14,0,11,11,13,13,13,12,14,11,14,13,12,13,11,13,12,13,10,14,10,11,11,10,11,13,11,14,12,10,13,14,14,13,10,12,10,13,13,11,13,12,10,12,12,12,13,13,14,11,12,13,11,11,14,10,12,10,10,14,12,13,14,14,13,14
13,14,12,13,13,14,14,13,10,12,11,14,13,13,10,12,10,11,13,10,12,12,13,10,14,14,12,14,14,14,12,10,13,12,13,14,0,10,10,12,12,14,13,10,12,13,13,12,11,14,14,13,13,11,13,12,10,10,12,13,13,11,10,14,11,14,10,10,10,14,10,11,14,13,10,10,14,11,11,11,11,11,11,14,14,10,14,14,10,10,13,14,13,12,13,10,14,14,14,12
12,13,12,11,14,13,14,14,10,12,12,13,13,10,12,12,10,10,14,10,10,11,14,14,11,11,13,12,14,14,11,10,12,14,13,13,14,0,14,10,11,11,14,13,13,13,14,10,12,14,11,10,13,14,14,12,11,13,12,10,12,14,12,14,10,11,12,11,14,12,14,12,11,10,13,13,10,12,11,11,12,10,10,12,13,14,12,10,12,11,11,14,11,14,12,11,14,10,12,12
10,12,11,10,10,13,13,13,11,10,12,14,12,10,12,12,14,14,11,11,13,12,13,13,10,14,11,12,13,12,14,14,14,14,11,10,14,10,0,11,14,11,14,14,12,13,12,12,10,11,10,11,14,13,11,13,13,13,12,14,10,12,11,14,13,11,12,14,13,14,11,12,13,13,11,14,13,12,11,14,12,12,10,10,12,10,14,10,12,10,13,11,11,11,11,11,14,14,10,10
11,13,13,11,10,12,12,11,12,11,14,10,11,13,11,12,12,11,11,13,11,11,11,12,11,14,10,12,11,14,10,13,12,10,13,14,14,14,14,0,14,12,13,13,11,10,13,10,13,14,13,14,13,12,11,14,14,11,11,14,10,12,10,14,12,11,10,12,11,10,11,13,13,11,11,11,13,13,10,11,13,14,11,13,13,10,12,11,10,11,14,12,12,14,14,12,12,13,11,14
10,10,13,13,12,14,11,11,10,10,11,10,11,14,11,10,10,11,11,11,14,14,12,14,11,14,10,13,11,14,13,14,12,11,11,13,10,13,10,13,0,14,10,10,14,10,13,11,13,13,14,11,10,12,14,14,10,12,14,12,13,14,12,10,11,11,11,13,10,12,13,14,12,10,12,12,14,14,12,14,13,12,12,10,12,12,13,11,12,11,11,10,11,11,12,14,12,10,13,12
13,14,11,11,14,14,14,14,10,12,10,10,10,10,14,10,11,11,12,13,13,10,11,13,10,13,13,10,13,13,10,14,10,14,10,13,11,11,10,12,12,0,13,11,10,10,10,14,11,11,11,12,10,12,14,14,13,12,12,10,11,11,14,11,11,12,11,14,10,14,10,14,10,10,14,11,14,14,10,13,10,13,11,14,11,10,14,11,11,10,12,11,13,11,14,11,13,12,14,13
14,11,13,12,11,12,11,10,12,13,14,14,12,14,10,12,14,10,10,11,12,14,13,10,12,14,10,14,11,13,13,12,14,12,14,13,14,14,12,13,13,13,0,13,12,10,13,13,14,11,11,11,13,11,13,10,14,12,13,10,12,12,12,14,14,10,12,14,14,14,11,13,10,12,11,12,14,11,10,10,13,10,10,13,14,11,14,10,11,11,14,11,11,14,10,11,11,14,14,12
12,14,14,14,10,13,11,11,10,10,11,13,11,13,11,11,11,14,14,13,10,11,12,13,14,14,11,11,11,10,11,14,11,13,12,14,11,10,13,11,10,13,10,0,11,10,11,10,13,13,14,14,12,14,11,11,11,12,10,10,10,11,10,14,14,14,11,11,13,10,11,10,10,10,13,12,11,11,11,12,13,14,13,12,12,10,14,14,10,11,11,12,10,10,12,10,14,14,11,11
13,10,11,12,11,13,13,11,11,13,14,10,11,13,11,11,12,12,11,13,10,12,10,11,14,14,14,10,13,12,13,12,10,14,14,12,12,11,11,13,12,12,12,12,0,11,10,11,12,13,11,12,12,12,12,10,11,10,10,13,12,13,13,12,13,14,12,10,11,13,14,13,11,10,12,11,12,14,12,10,13,12,12,11,11,10,10,10,12,13,13,12,12,12,14,10,13,10,14,12
14,10,10,13,14,12,11,11,14,10,13,11,12,14,14,14,11,11,11,13,14,12,12,12,14,11,11,13,11,12,12,12,10,14,11,12,12,13,12,13,13,14,10,12,10,0,11,14,12,13,14,13,11,13,10,13,11,13,12,14,12,10,12,14,12,12,10,11,12,13,12,11,12,14,12,10,10,12,10,11,12,11,14,10,11,13,10,13,14,11,14,14,10,14,14,12,10,14,13,14
10,10,12,13,11,13,11,12,11,10,13,14,13,10,11,10,11,12,13,13,11,11,11,11,14,12,11,13,10,14,14,11,14,10,11,12,14,11,14,13,12,13,12,14,13,14,0,11,14,13,13,11,13,10,14,12,13,13,10,13,13,11,13,11,11,10,11,10,12,14,13,11,14,13,14,11,12,13,12,13,14,11,12,14,12,13,11,10,14,13,12,14,14,12,10,12,13,12,11,14
11,13,13,14,14,11,11,14,11,13,14,14,10,12,13,11,13,13,14,13,13,11,11,14,11,14,12,12,12,12,12,10,12,13,12,11,12,12,10,10,11,12,14,11,13,13,13,0,12,13,13,13,10,13,12,10,14,12,14,13,10,14,14,11,13,10,14,12,12,14,12,13,10,13,13,12,11,12,10,10,13,10,10,13,13,14,12,12,14,13,12,13,13,14,14,10,11,10,10,10
14,10,11,12,11,10,12,11,14,10,13,12,12,13,14,14,14,11,12,14,13,12,12,14,12,13,10,11,13,12,10,11,11,10,11,12,14,12,12,13,12,10,12,13,14,14,11,14,0,14,10,10,10,12,11,11,11,13,11,14,12,14,11,13,12,10,11,11,12,12,12,10,11,13,13,12,13,10,13,14,12,12,11,11,13,11,14,14,14,13,14,14,12,13,10,14,10,11,14,13
13,13,14,11,12,14,13,12,13,14,12,11,14,12,11,14,13,14,10,10,10,12,11,13,13,12,12,13,13,14,11,11,10,10,11,14,13,14,13,13,12,12,10,10,11,12,10,10,11,0,10,10,10,11,14,12,10,12,10,13,14,12,10,13,13,13,11,11,13,11,12,11,14,11,11,12,13,12,10,12,10,12,12,12,13,13,10,14,10,12,10,12,12,10,13,11,12,13,11,12
14,11,11,13,14,13,11,14,10,12,14,13,11,13,13,12,14,12,10,14,12,11,10,11,10,14,14,14,12,10,14,14,10,13,12,14,11,13,12,14,12,10,14,13,12,12,11,13,11,11,0,11,14,13,11,14,13,10,10,12,14,14,11,12,14,12,10,12,12,11,14,10,10,14,11,12,12,11,12,13,13,13,10,13,10,14,14,10,13,13,13,13,11,10,13,14,11,13,10,10
12,14,13,12,11,11,10,10,12,14,12,12,12,11,14,11,13,13,12,10,12,14,14,13,12,10,14,10,11,11,10,14,11,11,11,13,14,12,11,14,13,14,13,13,11,11,10,14,11,12,10,0,12,10,14,13,12,10,10,10,10,11,10,13,10,13,13,11,11,10,10,11,10,12,12,11,12,11,10,12,10,10,14,13,14,10,13,13,11,13,13,13,14,12,10,12,13,11,12,14
13,10,14,14,10,10,14,10,13,12,10,11,14,13,14,10,11,11,14,10,10,14,14,13,12,12,12,13,11,10,13,11,14,10,13,10,10,10,12,14,10,12,10,13,12,12,13,11,12,14,10,11,0,12,11,14,13,10,10,12,13,12,11,13,12,14,13,12,14,14,13,10,11,14,14,10,12,14,11,10,14,13,11,10,11,14,12,14,12,11,10,10,14,13,13,11,13,14,12,14
13,10,14,11,14,14,14,11,12,11,11,13,14,10,12,14,11,11,11,12,12,14,14,12,14,13,10,12,10,13,11,13,12,11,11,14,14,14,11,12,10,10,11,10,14,11,10,14,11,14,10,12,12,0,14,11,14,10,11,12,10,14,12,11,14,10,13,11,12,13,13,10,11,14,14,12,12,12,14,13,12,12,10,11,11,13,13,11,12,10,12,13,13,12,10,13,13,13,12,10
11,10,13,10,12,14,13,13,12,12,14,11,11,13,10,12,13,10,10,11,11,11,14,12,10,10,11,14,14,11,13,13,10,14,11,12,14,10,13,12,14,10,14,14,10,11,11,10,11,12,14,12,13,11,0,13,14,11,10,14,12,12,13,14,11,13,10,11,12,11,12,13,13,12,12,11,11,12,14,11,14,13,11,12,11,11,11,10,13,10,12,11,13,10,10,14,10,11,13,10
14,10,14,14,14,14,11,10,10,10,11,12,11,13,10,14,10,11,13,14,12,10,12,11,13,11,14,13,11,12,10,10,14,13,11,14,13,12,13,11,14,11,14,13,14,10,14,14,14,11,13,14,13,13,13,0,14,12,12,10,12,10,13,13,12,14,11,12,12,11,10,11,13,12,11,14,11,11,14,12,13,11,14,13,10,14,10,12,11,10,12,12,10,12,11,11,11,12,11,13
12,12,12,12,14,14,10,12,11,13,12,12,13,10,11,10,10,10,13,13,13,13,11,11,14,13,10,11,11,10,13,13,14,10,14,10,14,11,13,10,13,13,10,12,13,14,14,10,10,10,10,10,14,12,10,14,0,11,10,13,11,14,13,11,11,14,13,13,12,10,11,11,14,12,12,14,10,12,13,12,14,14,10,11,11,10,13,14,12,10,10,14,13,12,12,11,10,12,14,12
10,11,11,14,14,13,10,13,11,12,14,11,12,12,14,11,14,12,10,10,11,14,10,12,10,12,13,11,14,11,14,12,13,10,12,12,12,10,11,12,14,10,12,14,10,14,11,10,13,10,11,12,12,14,11,11,10,0,14,14,12,14,13,13,10,13,12,13,11,10,11,14,14,10,12,11,11,11,11,11,10,10,13,12,13,14,12,10,14,14,11,12,12,10,14,13,10,11,11,10
13,10,14,14,12,11,12,11,14,12,10,14,14,13,13,11,10,10,10,10,11,11,14,12,14,13,11,13,11,14,10,10,14,10,12,10,11,13,10,12,12,10,10,11,14,11,12,14,11,13,12,14,10,11,14,12,11,11,0,10,13,14,13,10,10,12,14,14,13,10,13,14,12,10,13,13,11,10,12,13,12,11,12,11,12,12,11,14,13,11,10,13,10,13,11,12,13,14,14,14
14,11,14,14,12,13,10,14,12,12,13,11,13,13,13,12,12,12,13,13,10,10,11,12,14,10,14,13,13,10,10,11,11,13,13,10,11,13,13,14,12,12,12,10,12,14,14,11,14,14,10,11,11,11,13,13,14,12,14,0,12,13,11,10,11,12,11,10,14,14,12,11,14,13,14,11,13,13,11,14,14,10,13,13,14,10,13,10,14,10,10,10,13,13,11,10,10,11,10,12
10,14,10,12,12,12,11,13,11,14,14,10,13,12,14,12,10,12,10,11,13,10,10,14,14,11,12,10,11,14,10,12,13,13,13,10,10,10,11,12,14,10,13,14,11,14,12,10,14,13,14,13,11,13,13,14,14,10,12,10,0,10,10,11,12,14,12,12,10,14,14,12,14,11,12,12,13,12,10,13,14,14,11,10,13,14,12,10,14,14,13,11,14,13,10,11,13,14,11,10
13,12,11,11,10,11,14,11,13,11,10,12,13,11,13,11,13,14,12,12,11,12,12,10,10,12,12,11,10,10,13,13,10,14,14,12,12,14,10,12,10,10,11,12,14,11,13,12,10,13,13,13,11,13,14,11,14,11,11,12,13,0,12,11,12,12,11,11,13,12,11,14,14,14,10,12,10,10,10,10,13,14,14,11,12,12,10,12,12,10,13,12,10,12,13,13,13,14,13,14
13,14,14,10,13,14,14,14,10,11,13,11,14,11,12,13,13,10,13,10,12,14,14,12,14,13,13,11,11,11,13,11,12,10,12,14,14,14,12,12,13,11,11,11,12,11,12,14,14,10,14,12,10,13,12,13,14,12,11,10,11,12,0,13,14,12,11,14,14,13,13,13,14,13,11,11,11,12,13,10,12,11,13,11,11,11,11,10,13,12,13,14,12,12,12,11,11,13,12,13
10,12,13,11,11,11,10,14,14,11,11,11,11,11,14,14,12,10,12,12,11,11,10,11,14,13,10,12,10,10,10,13,10,14,14,14,12,12,10,14,11,12,11,11,11,12,13,10,12,13,13,10,10,10,12,14,12,11,11,13,11,13,13,0,14,11,13,10,12,12,10,11,10,10,12,10,13,10,13,10,11,10,14,14,12,11,14,12,10,11,10,11,11,10,11,12,13,13,12,10
12,12,11,13,12,12,13,14,13,14,13,14,13,10,10,13,12,13,11,12,11,11,10,10,12,13,14,14,14,10,12,10,13,13,12,14,13,10,12,14,13,10,14,11,13,10,12,10,10,13,10,14,12,14,13,11,12,10,11,13,12,13,10,12,0,11,13,11,10,12,10,14,11,11,11,14,11,12,13,11,11,11,14,14,10,10,12,12,13,14,11,12,12,14,13,12,14,14,11,14
14,14,12,12,14,14,13,13,10,14,12,13,13,14,14,12,12,14,14,12,14,10,12,11,11,12,11,12,12,13,10,11,10,14,12,11,13,11,14,11,11,14,11,14,11,12,14,13,14,11,14,10,14,14,10,13,12,10,11,11,12,11,10,11,14,0,11,13,13,12,12,13,10,14,13,10,14,13,13,10,13,13,12,12,11,13,10,11,11,14,13,14,13,10,12,13,10,14,10,10
14,14,10,11,12,12,14,10,11,13,10,10,13,10,12,13,10,14,13,12,14,10,11,14,13,12,14,14,11,14,10,14,13,13,10,14,12,10,14,13,14,14,14,13,13,13,10,13,13,14,13,10,11,12,11,14,13,11,12,14,12,14,14,12,12,10,0,11,10,10,13,10,14,14,14,13,14,10,12,10,10,11,11,11,12,10,14,13,11,12,10,10,10,12,10,10,10,10,12,10
12,11,10,12,14,13,14,11,11,13,11,14,11,11,12,12,10,12,12,11,12,11,14,13,14,12,14,11,13,13,12,14,12,11,12,13,11,13,11,13,11,13,12,12,10,11,14,14,10,13,10,13,13,11,13,11,12,11,13,12,13,12,12,12,11,12,11,0,14,13,13,10,11,10,13,14,13,14,11,12,12,13,10,11,10,13,14,11,11,13,11,11,10,10,14,14,14,11,10,11
13,10,10,10,12,12,13,12,14,11,14,11,11,13,11,13,13,11,11,13,12,11,14,11,12,12,10,11,10,14,10,11,14,10,14,12,13,14,13,13,10,11,11,14,14,14,10,11,14,10,10,12,10,11,14,12,10,13,13,10,11,11,12,14,11,12,12,10,0,14,13,10,14,12,13,13,10,14,10,12,12,11,14,12,14,14,12,11,12,10,11,11,14,11,13,11,14,14,12,13
11,11,14,11,10,14,11,10,12,13,13,12,10,11,10,13,12,13,12,10,13,11,10,10,12,12,11,12,13,11,13,10,12,12,10,11,12,12,12,14,12,12,13,14,11,14,10,12,10,10,13,10,12,11,14,10,11,14,14,12,13,13,11,10,14,12,10,13,11,0,14,10,14,11,12,12,11,12,10,13,13,11,14,12,12,13,12,13,10,13,10,14,13,13,14,11,14,10,13,14
13,13,12,11,11,10,13,14,14,14,12,12,10,10,10,11,14,11,13,12,11,14,10,10,10,14,12,11,11,10,13,11,14,11,14,14,13,12,10,12,14,13,13,11,10,12,13,12,12,13,12,12,11,11,12,14,13,12,10,12,12,12,12,13,10,10,13,14,11,11,0,12,11,11,11,12,13,10,14,14,12,10,14,14,13,13,10,10,12,13,14,11,11,11,13,14,12,11,14,10
10,14,14,11,11,11,10,11,10,13,14,14,14,13,13,11,13,12,14,10,10,10,10,11,11,14,10,10,13,11,10,11,10,14,13,13,11,13,13,11,13,14,10,14,13,10,12,12,13,11,11,14,11,14,14,10,13,12,14,11,10,10,13,13,13,12,13,14,14,10,10,0,14,14,12,12,10,14,11,13,10,11,13,11,11,14,11,10,10,14,13,14,13,13,11,10,12,10,11,11
10,11,12,13,12,10,12,14,13,12,14,10,12,14,13,10,12,13,11,14,12,12,13,10,10,11,11,10,13,12,14,14,13,14,12,13,13,14,14,11,11,11,11,12,10,13,11,14,10,11,13,13,14,11,14,13,13,11,12,11,13,11,11,11,13,14,12,13,11,10,11,12,0,14,10,12,10,10,10,10,12,10,11,10,12,13,10,10,11,10,14,14,11,11,12,12,10,14,10,14
11,10,13,13,14,14,10,14,14,14,13,12,13,11,10,11,11,10,14,13,12,13,11,12,11,10,14,11,11,12,12,11,10,10,14,12,11,13,10,12,12,11,11,12,11,12,11,10,11,11,10,14,14,12,11,12,14,10,11,14,14,14,12,12,11,11,11,12,11,12,14,13,10,0,11,10,11,12,13,10,14,13,14,14,14,11,12,11,13,13,12,12,11,11,11,12,13,13,14,10
10,10,13,14,13,12,12,14,12,12,10,10,10,14,12,10,10,10,12,10,13,10,12,13,14,10,12,11,14,13,11,13,13,13,10,13,10,10,10,12,13,13,13,11,13,11,11,11,14,10,12,13,10,13,11,14,12,14,14,13,10,10,10,14,10,12,12,12,13,13,10,10,14,10,0,12,10,11,11,10,12,13,10,12,13,11,13,12,14,11,10,11,10,10,11,12,13,13,14,11
11,14,13,13,10,14,11,13,14,11,11,13,11,14,12,10,14,12,11,12,12,14,12,11,12,12,14,10,13,13,14,12,11,10,13,13,14,12,12,14,14,14,12,13,10,11,14,11,13,11,12,10,11,12,14,11,12,12,10,12,10,11,10,11,12,13,12,11,10,14,10,11,10,12,12,0,12,12,14,10,11,13,13,11,11,11,13,10,14,11,11,10,11,12,10,13,13,14,11,11
11,14,13,10,14,10,10,10,14,14,11,14,13,11,14,14,12,14,13,10,13,13,12,10,13,13,13,14,10,13,14,12,10,12,14,11,14,12,12,10,10,13,11,10,14,12,12,14,13,10,11,13,10,11,12,13,11,13,12,11,12,11,14,10,14,14,13,10,12,12,10,14,12,13,14,14,0,11,12,10,11,10,13,10,14,12,11,11,14,14,10,14,10,10,10,13,13,13,10,10
14,13,12,12,10,10,11,10,12,11,13,11,13,12,10,11,13,10,10,13,12,12,14,10,11,13,14,14,11,14,11,10,11,11,10,13,12,11,10,14,10,11,14,12,11,14,10,13,14,14,10,13,13,12,13,12,14,12,10,12,11,11,13,12,10,12,10,12,11,12,13,11,10,11,12,10,13,0,11,14,12,12,11,10,12,14,13,12,13,13,13,13,10,11,12,12,13,12,11,12
13,13,13,11,12,10,13,12,12,14,12,13,12,12,12,10,10,11,11,12,12,10,11,13,12,13,13,10,12,13,14,12,11,14,10,13,13,14,13,11,11,10,10,14,10,10,11,12,13,12,12,12,11,14,10,13,12,10,13,13,12,13,14,13,10,14,11,13,12,13,12,10,13,10,11,11,10,12,0,13,12,12,11,11,10,10,11,11,12,13,12,11,13,11,14,13,12,10,11,14
11,13,13,14,14,10,12,13,11,12,13,13,14,11,10,11,10,11,14,13,13,13,14,14,10,11,13,13,13,11,13,11,13,13,12,14,13,11,11,10,12,12,10,14,10,13,11,11,11,13,12,11,11,13,10,12,13,13,14,13,11,14,10,14,14,11,14,11,14,11,12,14,14,13,10,10,12,14,13,0,11,14,12,12,10,13,11,10,10,12,14,10,10,11,13,13,13,12,10,10
13,14,10,11,14,10,13,12,12,12,10,10,14,14,13,13,14,11,14,11,12,11,13,14,10,10,12,12,10,14,12,12,11,13,10,11,14,10,12,10,14,14,12,13,12,13,10,10,13,10,14,11,13,14,13,11,10,10,10,13,13,10,11,12,10,12,13,10,14,11,13,13,13,14,11,12,14,10,12,12,0,14,12,14,14,10,10,14,12,10,13,10,13,10,13,12,14,13,14,13
10,14,10,10,11,12,11,13,13,13,11,12,10,13,13,13,10,11,11,12,14,12,11,10,10,10,14,13,10,12,12,13,14,11,12,12,14,11,12,12,13,12,10,13,13,11,10,10,11,14,11,12,11,12,13,12,13,14,14,11,13,12,13,11,11,12,12,13,11,11,14,14,14,14,13,12,11,13,11,14,10,0,14,11,10,11,14,11,12,13,14,14,10,11,11,14,11,14,14,12
11,13,11,13,10,10,11,13,12,13,10,10,14,13,14,10,13,10,12,10,12,10,10,10,11,12,14,13,13,14,12,13,12,10,10,11,14,10,11,14,14,10,13,14,12,14,14,11,11,10,10,10,11,13,10,10,12,11,11,13,11,13,10,12,10,12,12,14,12,13,11,13,14,13,11,11,12,11,12,12,12,12,0,11,12,14,12,12,13,10,14,14,13,13,13,13,11,14,11,13
10,11,14,13,13,14,11,11,12,12,13,13,11,13,14,10,14,11,13,13,13,10,13,14,13,14,13,14,10,10,10,11,10,13,12,10,12,13,13,13,12,11,14,11,11,11,12,14,14,13,13,14,11,12,14,10,13,10,10,14,11,11,10,12,12,11,12,13,11,13,12,10,12,10,10,12,10,12,12,11,11,13,10,0,12,11,10,10,13,13,11,12,12,12,14,11,10,11,11,13
14,14,14,13,10,10,13,11,11,12,12,14,10,12,14,12,12,11,12,11,12,11,14,14,14,11,14,12,13,13,14,11,14,14,13,12,11,10,14,11,13,13,14,10,10,12,11,14,13,11,13,14,13,10,11,12,14,10,13,13,10,10,13,12,12,11,14,11,14,11,11,12,11,11,13,13,12,13,14,12,10,10,14,11,0,14,14,12,14,12,10,12,11,11,11,10,12,10,11,12
13,12,14,14,12,14,11,13,11,12,13,10,11,10,11,13,10,10,11,13,12,13,10,13,13,13,10,10,10,10,10,12,11,10,10,14,10,10,12,11,13,11,10,12,14,10,11,10,10,12,10,11,14,12,10,14,11,10,11,13,14,10,12,11,11,10,13,10,14,11,13,14,13,14,14,11,13,13,14,13,12,10,10,13,10,0,13,13,13,10,11,12,14,14,13,12,12,13,14,10
14,11,10,10,13,13,10,13,14,13,13,11,12,11,13,10,13,14,14,10,13,12,10,10,13,14,13,10,14,12,11,12,13,13,10,11,12,14,12,14,10,10,13,10,11,14,10,12,11,13,13,13,14,14,11,11,11,14,11,14,14,14,13,12,11,11,12,14,11,11,13,13,12,14,10,13,13,14,14,13,14,10,14,11,13,13,0,12,14,11,13,14,12,13,13,14,10,11,10,14
14,11,10,11,14,14,14,11,14,13,13,12,11,10,13,10,13,10,11,14,12,13,13,12,13,12,11,10,14,14,14,11,13,10,14,11,13,14,14,12,13,12,13,10,12,10,12,11,14,12,11,10,14,11,12,11,13,12,13,12,12,13,11,14,14,12,14,11,11,11,11,14,10,14,10,14,14,13,10,12,14,14,11,11,13,14,11,0,11,13,12,13,10,11,12,14,14,10,14,11
10,10,11,14,13,10,12,14,10,11,12,11,10,12,10,12,12,12,10,10,14,10,13,13,13,12,11,12,13,10,10,14,10,12,14,11,12,10,12,10,11,10,11,10,11,11,13,12,10,14,11,12,10,13,11,14,12,13,10,10,14,14,10,10,10,13,10,12,12,13,10,12,14,14,14,14,13,13,11,12,14,13,11,13,13,13,14,11,0,10,10,14,14,14,12,11,12,14,11,14
12,10,10,14,12,14,13,12,10,14,11,11,14,11,13,10,10,12,12,11,12,14,13,12,12,13,10,13,12,13,12,10,11,13,14,12,13,14,14,14,14,10,13,12,13,13,10,12,11,11,11,14,12,10,12,13,11,13,11,13,13,10,14,11,12,11,14,11,12,10,11,10,13,12,12,11,10,11,13,13,13,13,12,11,12,12,12,11,10,0,10,11,10,12,10,11,14,11,11,10
12,14,13,10,10,14,10,11,14,12,11,13,14,10,12,14,10,12,13,14,14,14,12,10,12,14,11,13,12,11,13,10,13,11,11,14,10,12,12,11,11,11,13,13,14,11,11,10,14,11,10,11,12,12,10,12,12,12,12,10,12,12,13,13,14,11,10,13,13,13,14,12,10,11,13,13,11,13,11,10,13,11,13,11,10,12,12,11,10,13,0,11,12,10,11,13,14,12,10,14
12,11,12,11,11,12,13,10,10,14,12,11,14,11,11,12,11,14,12,12,12,13,14,12,10,12,12,12,14,12,14,10,11,14,13,14,10,14,11,14,12,11,12,11,13,11,12,10,13,13,11,14,14,12,11,14,11,10,10,14,10,11,11,12,14,11,10,14,12,11,12,12,12,13,14,11,10,12,14,14,14,11,13,10,11,14,10,13,12,13,13,0,10,13,12,14,10,10,14,12
11,10,12,13,11,11,14,12,11,13,10,13,14,10,11,14,13,12,10,11,10,11,12,12,13,13,11,13,10,14,13,10,11,10,12,13,11,12,12,14,11,12,14,10,11,10,13,14,12,12,10,13,14,13,11,10,13,14,14,12,14,11,12,11,14,10,12,14,13,13,12,11,10,11,10,13,11,12,11,13,10,12,11,12,14,10,10,12,13,12,14,11,0,13,14,14,14,14,13,10
11,12,14,11,13,14,13,12,13,13,12,14,10,13,10,12,12,10,14,11,13,14,14,10,10,13,11,12,11,11,10,13,13,11,14,11,10,10,12,12,10,13,12,14,11,12,14,13,12,11,12,14,14,11,12,12,12,14,10,10,13,11,11,11,12,14,11,13,13,14,12,11,13,12,11,10,11,14,13,13,14,12,10,14,14,10,13,11,14,12,13,10,10,0,12,13,14,11,11,12
11,11,10,14,12,14,10,11,12,10,11,10,13,10,12,10,10,10,12,11,12,10,14,13,11,11,11,10,10,13,11,13,10,12,11,11,13,13,12,14,13,13,11,11,13,11,10,10,13,11,12,13,14,14,14,11,11,11,12,11,13,10,10,13,13,12,10,10,13,10,11,11,12,12,12,13,14,13,10,14,11,11,12,14,10,13,14,10,12,10,14,12,10,11,0,11,13,12,12,12
10,11,14,11,12,10,10,11,11,11,11,12,13,10,13,14,11,12,11,12,10,12,14,12,13,11,14,10,10,10,14,10,11,10,14,12,11,10,10,14,14,11,12,14,11,13,11,11,12,12,10,11,11,10,12,12,12,11,12,10,10,14,10,10,12,10,10,13,11,10,12,11,11,12,12,13,10,10,11,10,10,12,13,13,10,12,14,11,12,11,10,10,12,14,13,0,14,11,11,11
10,12,12,10,11,14,13,10,13,12,14,12,12,14,12,10,13,11,11,14,14,11,14,10,14,10,12,13,11,14,12,11,13,13,11,13,12,12,11,13,12,12,11,13,13,14,13,10,14,13,10,13,14,11,11,13,12,12,11,11,12,14,13,13,14,12,13,13,13,14,13,11,14,12,12,12,10,11,12,14,12,12,14,12,14,14,11,11,11,12,10,14,10,10,11,12,0,13,12,13
11,10,14,11,10,14,13,13,11,13,14,13,11,10,11,13,10,10,10,14,10,10,12,12,11,13,14,10,14,11,10,14,13,12,10,14,12,10,13,12,10,10,14,12,12,14,14,14,13,11,11,11,12,13,13,10,13,11,10,11,10,13,14,10,13,14,10,13,14,12,11,14,11,13,13,10,10,14,10,11,14,10,11,12,14,13,11,14,14,10,10,10,14,12,12,12,10,0,14,14
12,14,10,14,11,10,12,14,14,14,12,10,14,11,13,12,10,11,12,11,14,12,10,14,14,11,10,14,14,10,10,14,11,14,12,12,13,10,10,11,12,14,12,14,11,10,11,14,11,10,11,11,13,12,14,14,13,11,10,14,10,12,10,13,14,13,13,14,13,11,13,14,10,10,14,10,10,10,12,13,10,10,13,13,13,14,10,13,14,12,13,11,14,11,11,14,13,13,0,10
13,11,11,10,14,11,11,10,12,13,14,14,13,13,11,13,14,13,11,10,14,12,14,14,11,12,12,10,13,14,14,11,11,14,14,12,13,10,13,12,11,13,13,10,10,13,10,12,13,13,11,10,11,13,11,10,11,12,14,12,14,11,12,13,13,12,12,13,14,14,10,14,10,14,13,10,14,14,14,12,11,14,11,10,12,13,10,12,13,14,10,11,11,11,13,14,11,14,12,0
