R=100
Pi=(24,24,20,24,22,24,29,29,20,25,29,24,28,21,22,26,26,25,29,27,20,20,25,21,25,23,26,22,20,23,25,28,29,22,27,21,24,25,28,20,24,22,22,22,26,27,23,25,20,24,24,27,21,23,29,23,29,28,28,29,27,26,29,27,20,20,25,26,23,21,21,21,26,28,23,27,27,22,25,28,29,20,22,26,28,27,26,25,22,24,22,26,26,29,23,27,22,25,22,25)
A=
1,2,0
2,3,0
3,4,53
4,5,46
6,7,0
7,8,0
9,10,0
10,11,0
11,12,0
12,13,0
15,16,0
17,18,56
18,19,55
19,20,41
20,21,0
21,22,59
22,24,58
24,26,0
26,29,55
30,31,42
31,32,46
32,33,0
33,34,0
34,38,0
41,44,0
45,46,0
46,47,43
47,48,0
49,53,54
53,55,0
55,57,0
58,59,0
59,60,0
61,63,0
65,67,59
66,68,49
69,71,42
70,72,0
73,75,40
74,76,43
76,78,0
78,80,52
79,81,42
82,84,58
87,89,0
88,90,45
91,93,44
92,94,58
96,98,53
97,99,48
Sij=
0,11,12,10,11,12,11,13,12,11,13,13,14,11,12,12,11,12,11,11,14,12,13,12,12,12,10,12,10,14,10,13,11,13,14,13,10,13,10,12,14,13,11,13,10,14,12,14,11,10,11,10,14,11,12,14,13,10,12,13,11,13,12,12,11,14,11,11,11,14,11,12,11,14,12,11,11,14,11,13,10,10,11,14,12,10,13,14,11,10,10,10,11,11,10,10,10,13,12,11
12,0,11,13,12,14,14,13,10,14,10,13,13,14,13,13,11,12,13,10,11,11,12,10,11,14,11,10,14,14,11,11,12,12,10,10,13,12,13,10,12,11,13,10,10,11,11,10,12,12,14,13,12,13,11,14,10,10,11,13,12,14,13,11,12,14,10,10,14,13,10,13,13,12,12,14,13,12,10,14,12,10,12,12,14,13,14,13,11,10,10,12,11,10,13,13,12,12,12,10
11,10,0,11,14,12,11,14,14,11,11,11,13,10,11,10,11,12,11,11,13,10,11,14,13,13,12,11,12,14,14,11,10,14,14,13,12,14,12,14,13,13,14,12,14,14,12,12,14,10,11,10,10,10,13,10,14,10,12,11,10,14,12,10,11,14,10,13,11,12,12,12,14,12,12,10,10,13,14,14,11,10,12,12,13,13,10,10,11,13,14,11,11,11,13,14,11,14,11,14
13,13,10,0,11,12,13,11,13,13,13,14,10,11,12,10,10,11,14,12,13,13,10,12,12,13,11,11,13,13,12,13,11,12,14,11,12,14,10,14,14,11,12,11,12,14,14,10,13,10,13,13,12,12,13,11,13,11,12,13,11,11,13,14,10,10,13,12,11,11,13,10,11,10,12,11,11,13,14,13,14,11,12,12,10,14,10,14,14,13,12,11,12,11,13,13,13,12,10,12
11,11,13,11,0,12,12,11,12,14,11,14,14,11,14,14,10,14,11,14,11,14,13,13,12,13,11,13,14,11,14,13,13,13,12,12,12,12,10,14,13,12,13,14,12,13,13,10,12,12,13,13,12,13,14,12,12,13,11,13,11,13,12,10,10,13,11,11,13,11,11,13,13,11,10,13,10,14,10,13,10,11,10,11,13,10,10,14,13,14,10,14,10,12,13,14,10,13,13,14
12,11,11,11,11,0,10,10,10,13,10,12,13,13,12,12,14,12,10,11,10,12,11,12,13,11,12,12,10,12,10,13,11,10,10,11,13,14,14,10,13,14,10,11,13,12,12,10,13,10,13,12,14,11,13,11,11,14,12,10,13,12,10,12,12,12,10,12,12,10,13,14,13,10,13,10,12,14,14,11,13,11,13,10,14,13,14,10,12,14,10,14,12,13,12,10,14,12,14,11
11,14,13,13,11,13,0,14,13,13,12,13,11,10,10,11,11,14,14,13,14,12,10,10,13,10,14,12,14,13,13,11,10,10,12,14,14,13,10,13,10,14,10,11,14,10,14,14,11,12,10,10,14,13,10,13,11,14,14,12,11,11,14,10,10,11,12,10,12,11,12,13,14,11,13,14,12,13,11,12,11,10,11,12,13,12,11,12,10,14,13,10,13,12,11,14,14,10,11,13
13,13,11,10,10,11,11,0,13,10,10,11,12,13,12,11,11,10,12,12,12,14,10,10,13,12,11,14,11,14,14,14,12,12,12,14,12,13,11,12,11,10,13,12,14,12,11,12,10,10,10,13,12,12,13,14,12,13,13,12,13,11,14,13,10,10,14,10,10,13,14,12,14,10,10,12,10,13,10,10,11,14,14,10,13,10,12,14,13,13,11,14,10,13,13,14,11,14,11,14
12,10,11,12,11,12,14,12,0,11,11,13,14,12,12,11,13,12,13,14,10,12,10,11,11,11,10,12,10,11,11,11,10,11,11,12,10,12,11,14,11,10,10,12,12,14,12,11,12,12,10,11,12,14,11,11,12,13,14,11,11,14,14,10,10,10,13,12,11,10,10,10,11,14,13,14,12,12,14,12,13,14,10,13,10,14,14,10,10,14,10,11,13,10,13,11,11,14,11,12
11,10,14,12,11,10,10,12,11,0,11,13,14,14,12,12,12,14,10,14,10,11,12,11,11,14,13,12,11,11,11,13,12,10,12,11,12,14,13,12,10,14,11,14,13,10,10,12,10,12,11,12,10,14,11,10,13,14,12,12,12,12,14,11,14,13,11,13,11,11,10,12,10,13,14,11,14,13,12,10,14,10,11,13,10,13,12,12,14,11,12,13,11,10,14,12,10,14,14,10
14,11,10,14,12,13,11,12,10,14,0,11,14,11,11,12,11,10,10,11,10,10,14,14,10,13,11,10,14,13,11,11,10,13,12,11,12,14,12,11,11,12,14,11,10,10,12,12,10,12,12,12,14,13,13,14,10,12,10,11,10,13,11,13,14,13,10,10,14,10,10,12,13,14,10,13,11,12,14,14,10,14,10,11,11,14,11,12,10,12,11,10,14,11,10,13,10,10,12,11
14,12,12,14,12,10,13,10,13,10,13,0,13,13,11,10,11,13,10,12,14,12,13,10,11,14,14,13,12,13,12,13,10,14,12,14,13,11,10,13,11,10,10,13,14,13,13,11,12,10,13,14,10,13,13,14,10,11,11,10,13,12,11,12,10,11,12,13,11,11,12,10,12,11,11,13,11,14,10,12,10,12,10,11,14,12,13,12,11,12,14,11,10,14,10,13,14,13,13,13
11,14,10,11,13,13,12,13,11,14,13,10,0,10,13,10,10,11,14,12,13,13,10,12,13,12,10,10,13,10,12,14,12,11,12,11,11,11,14,13,10,14,14,10,12,14,13,11,12,14,14,12,14,11,14,14,11,12,12,13,12,13,14,13,14,10,11,13,12,11,13,13,12,11,11,14,13,14,10,13,13,14,13,13,10,10,14,10,12,12,10,13,14,10,11,12,10,11,10,12
13,14,13,10,10,11,14,13,10,10,10,11,12,0,14,10,13,10,10,12,14,10,10,11,14,10,10,14,12,10,14,13,12,13,12,10,14,10,12,12,14,11,10,10,12,12,14,11,14,10,12,11,14,13,11,11,13,13,13,14,10,11,11,13,10,11,13,12,14,14,10,12,12,13,13,13,14,14,13,12,11,13,10,12,12,12,13,14,12,11,12,10,11,12,12,12,14,12,14,10
14,11,11,10,14,10,13,11,14,12,12,13,10,11,0,12,11,11,13,11,13,12,13,10,13,12,10,11,10,10,10,13,12,14,12,13,10,11,14,13,12,13,12,10,14,14,13,10,10,10,10,11,10,11,10,13,10,10,13,12,14,14,13,10,13,14,10,13,12,12,11,10,11,10,14,10,10,13,11,13,13,14,10,14,10,14,13,10,13,14,12,10,13,12,14,12,14,11,11,10
14,10,13,13,13,14,10,10,11,10,12,12,14,14,14,0,14,13,14,14,14,11,14,14,13,14,11,11,14,10,11,11,14,11,10,14,13,11,12,11,10,13,12,13,13,11,10,10,13,12,14,14,14,11,11,14,10,10,14,13,11,13,10,14,10,13,13,10,13,10,10,13,11,13,14,11,13,10,11,11,14,11,13,11,10,12,11,12,10,11,14,13,11,13,14,12,13,12,13,14
12,14,11,13,12,11,12,11,12,10,10,14,14,13,14,10,0,14,14,14,13,12,11,10,12,10,12,12,13,14,11,13,11,11,11,13,14,14,10,14,14,14,14,14,14,11,14,13,12,13,13,13,13,13,10,12,11,13,14,12,14,13,14,12,11,12,14,13,13,14,14,10,13,10,14,13,12,11,10,11,10,13,14,14,10,12,14,12,11,14,11,10,10,12,14,11,10,12,13,12
11,11,10,13,13,12,14,13,14,12,14,10,13,13,11,11,13,0,10,11,13,13,11,11,14,12,14,10,11,10,13,12,10,12,12,14,14,13,11,10,12,13,10,13,14,14,11,12,12,11,13,12,10,10,10,14,14,10,11,10,14,12,13,13,10,14,14,12,10,13,12,12,12,14,14,10,12,13,12,14,11,11,13,14,12,11,12,14,12,13,14,14,11,11,11,10,10,12,13,10
14,13,12,13,13,10,14,10,11,14,11,11,12,11,14,13,14,13,0,10,14,11,10,14,11,13,13,11,11,13,14,10,10,10,12,10,12,14,14,11,12,11,11,13,12,11,13,11,14,11,12,11,11,11,13,13,14,13,10,14,14,13,13,12,12,14,11,11,10,11,11,13,14,12,13,12,14,12,11,10,10,12,11,14,10,12,13,13,11,13,11,13,13,10,11,13,13,14,11,13
14,11,11,13,14,13,12,14,13,10,13,12,11,10,14,12,12,13,11,0,14,11,13,10,11,10,13,10,13,10,10,14,10,10,13,10,13,11,12,14,11,10,14,10,10,10,13,11,13,11,13,10,14,12,11,11,11,11,14,13,11,13,13,13,12,11,13,11,12,14,10,11,14,14,10,13,12,12,14,11,11,11,12,12,11,14,10,13,14,12,14,11,11,14,13,13,12,10,12,14
12,12,13,13,10,12,10,14,11,13,14,13,12,13,11,14,11,11,12,12,0,11,14,12,10,10,13,14,10,11,12,11,11,10,10,14,13,13,13,11,14,14,10,11,10,12,10,14,13,12,13,11,11,12,14,12,12,10,12,12,11,12,10,13,14,12,12,13,11,13,12,11,12,14,13,13,10,13,11,13,14,14,11,12,12,10,14,13,10,12,11,13,10,10,14,11,14,11,11,13
14,12,12,14,14,11,14,12,14,11,12,14,13,14,12,12,11,12,11,14,12,0,13,12,14,11,14,11,11,14,11,14,14,11,13,13,12,11,11,12,11,11,12,14,14,10,12,14,10,12,12,10,11,10,12,10,10,14,13,12,10,14,12,12,13,11,13,12,10,10,10,10,14,14,14,13,14,14,13,13,13,10,10,13,11,11,13,13,13,12,12,13,13,13,12,11,13,14,11,12
12,10,13,14,12,12,10,11,10,14,10,11,10,14,13,10,13,14,11,11,13,14,0,14,13,12,11,12,10,12,13,14,14,13,11,11,13,11,10,10,14,10,11,12,13,11,11,12,13,14,12,12,14,13,14,13,12,10,10,11,10,14,14,14,12,10,10,13,13,13,14,13,12,13,11,11,12,11,10,12,11,14,13,10,14,10,10,11,13,13,14,13,11,14,10,14,10,12,10,13
10,13,13,10,14,13,14,11,11,13,11,11,10,13,10,11,11,14,14,11,14,14,14,0,10,13,11,12,13,13,12,10,10,11,11,11,13,10,13,11,10,11,14,14,10,11,13,12,13,13,13,13,11,12,13,14,10,14,13,11,12,11,10,12,14,12,11,14,14,11,12,10,12,13,13,10,10,10,13,13,10,14,14,10,14,13,14,13,12,12,10,13,12,11,13,14,10,11,14,13
10,13,13,11,11,12,10,13,13,13,13,10,10,14,10,13,12,10,13,11,13,13,12,11,0,10,13,13,10,14,14,14,14,11,10,12,12,11,12,14,11,12,10,14,13,13,10,12,13,11,14,11,10,12,13,14,12,10,11,10,12,14,14,13,13,13,14,14,10,11,13,12,10,10,11,13,12,13,13,12,14,10,14,14,10,12,14,11,12,10,10,11,14,11,11,12,12,12,11,10
14,11,12,12,13,12,11,14,11,10,11,14,12,13,10,11,14,10,13,11,14,13,11,14,11,0,11,12,13,13,14,10,10,12,13,13,13,13,12,11,12,10,14,10,12,13,10,14,11,10,10,12,12,13,14,10,11,10,12,11,11,10,13,10,11,14,11,12,13,10,12,13,11,13,11,10,10,13,13,10,10,11,11,13,13,12,12,11,12,12,11,12,10,11,14,11,12,13,13,12
12,13,11,10,12,12,10,14,12,14,10,13,11,11,10,10,14,14,12,14,12,14,10,11,13,14,0,12,10,13,14,12,11,14,10,13,12,14,10,10,10,11,12,14,12,11,13,11,13,11,13,12,13,11,14,10,12,13,10,11,12,10,10,10,13,12,14,14,10,13,13,11,13,14,11,12,14,10,12,14,10,13,13,14,14,11,14,14,14,10,10,14,14,13,12,10,11,12,10,10
12,14,10,14,13,12,13,14,14,12,11,12,10,11,11,14,11,11,11,11,13,14,14,10,13,13,11,0,10,11,10,11,12,14,12,11,10,13,13,11,11,13,10,14,12,14,12,13,13,11,13,14,10,10,13,12,12,14,14,11,14,11,13,12,14,10,13,12,13,14,11,10,12,10,14,13,13,14,12,11,10,14,12,13,12,11,11,11,10,10,13,11,14,12,11,10,10,12,10,11
10,14,10,13,10,13,11,10,11,10,13,13,12,13,11,14,13,14,10,13,14,12,12,13,11,10,11,10,0,13,14,13,11,14,11,10,10,14,14,13,14,14,11,10,10,11,10,14,10,10,11,11,10,11,12,11,13,12,12,12,10,11,11,11,11,11,12,13,10,12,10,10,14,10,11,13,13,11,11,11,10,11,10,14,11,13,12,14,11,14,12,12,11,11,13,12,12,14,13,13
13,11,13,12,10,11,11,14,10,13,13,11,11,10,12,13,10,11,10,13,14,13,12,11,10,12,14,13,12,0,13,11,13,13,13,13,13,13,13,14,10,11,12,13,13,10,10,11,10,13,14,11,10,14,10,14,14,14,11,11,12,11,13,12,12,12,14,13,13,12,13,10,12,12,14,12,11,14,13,10,10,10,13,14,12,11,10,14,12,13,13,14,11,11,11,13,12,10,11,10
10,12,13,13,10,13,14,13,14,12,13,10,10,11,11,12,12,14,10,10,12,10,10,14,13,13,14,11,11,11,0,14,11,13,12,14,12,12,10,13,13,12,12,14,10,10,13,13,10,14,14,10,13,14,10,13,10,11,14,14,11,14,13,11,12,12,11,11,12,11,14,14,12,10,11,13,10,10,10,14,14,10,14,11,12,10,11,11,12,14,14,11,13,10,11,14,14,10,11,12
13,11,10,13,10,14,12,12,13,12,13,14,11,10,10,11,14,11,13,11,10,10,14,13,12,12,11,12,13,12,14,0,14,13,12,10,12,14,11,10,13,13,14,12,14,11,14,14,13,10,10,14,12,11,14,11,13,12,12,10,12,12,10,13,11,13,13,10,13,14,12,11,13,10,10,13,11,12,14,12,12,13,13,11,13,12,11,12,13,11,11,10,12,10,13,10,12,10,11,11
12,13,11,13,12,13,10,11,11,11,14,11,12,14,13,14,14,13,10,13,11,11,12,11,13,11,14,13,12,10,11,11,0,10,12,14,14,12,10,14,14,11,10,11,12,11,14,12,12,12,14,10,13,14,12,10,11,11,14,14,11,14,12,14,10,14,13,10,14,14,13,12,14,14,11,11,11,14,14,14,13,13,11,11,13,14,12,11,13,12,13,12,12,10,12,14,14,10,10,13
13,13,12,12,13,12,11,14,13,10,14,11,12,14,10,12,12,10,11,10,11,12,12,12,11,11,14,13,11,11,12,10,13,0,11,11,14,11,13,13,11,13,13,13,12,12,11,10,13,14,10,11,14,14,10,11,11,11,10,11,12,12,12,12,11,13,13,13,10,12,11,11,14,12,14,12,12,14,10,14,14,10,10,14,11,10,12,11,13,14,10,13,10,12,10,13,10,11,11,14
14,13,14,11,13,14,12,12,14,12,13,11,11,10,12,12,12,13,11,10,10,12,14,11,11,12,10,12,11,11,12,11,12,10,0,10,11,10,14,10,11,13,10,11,11,10,13,12,10,14,13,10,12,14,10,13,11,13,13,14,10,14,10,10,12,10,12,14,10,10,11,11,13,12,14,12,10,10,13,11,13,10,10,12,12,10,14,11,11,12,13,12,12,10,10,12,12,14,13,10
13,14,11,14,13,12,12,14,10,13,12,11,10,12,10,10,13,12,13,12,10,10,12,12,11,13,13,12,12,12,10,10,12,12,12,0,13,13,10,13,14,13,14,11,13,10,12,12,10,14,14,13,10,11,11,10,12,11,14,12,14,13,14,12,13,12,11,13,12,14,12,11,13,14,13,13,10,14,14,12,14,11,13,13,12,13,10,14,10,12,14,11,14,12,13,11,13,12,13,10
13,13,14,11,11,13,10,10,12,12,14,13,12,11,13,13,10,11,14,10,12,12,13,14,14,10,11,10,10,12,10,13,10,13,14,10,0,11,12,11,13,12,14,11,13,13,11,14,12,14,10,11,11,12,13,12,10,10,10,11,11,12,10,10,10,11,11,12,13,12,12,11,12,14,11,12,13,10,10,11,13,11,13,10,10,11,13,10,12,11,13,10,11,10,10,11,11,13,10,11
12,13,10,14,11,13,13,12,11,10,13,14,14,13,13,14,13,14,10,14,13,10,10,12,14,11,10,11,14,14,11,10,10,14,14,14,10,0,13,13,11,12,11,14,12,12,13,10,12,12,10,13,11,13,11,13,11,13,12,10,14,12,11,12,11,14,13,14,10,14,13,14,14,11,13,12,11,11,12,10,10,11,13,13,14,11,14,11,14,11,12,11,12,13,13,13,10,13,12,13
13,14,14,12,14,11,13,10,10,13,11,10,10,12,14,13,14,12,13,10,14,12,10,14,12,11,11,11,12,14,11,12,13,14,11,11,11,10,0,14,12,13,13,11,10,14,11,11,10,13,10,14,13,10,11,13,11,13,10,10,12,14,11,13,10,12,13,11,10,10,12,12,14,13,10,12,10,10,10,10,10,10,11,12,11,10,13,12,12,11,10,13,11,10,11,13,11,10,10,12
10,14,10,14,10,13,14,14,14,14,12,10,13,14,14,12,13,13,11,10,14,11,14,14,10,14,10,14,12,12,11,10,14,12,14,11,10,11,12,0,13,10,13,12,12,13,14,14,11,10,14,14,12,13,10,13,14,14,11,14,11,12,14,12,12,13,12,11,10,10,12,12,11,11,12,14,10,13,12,10,11,14,13,13,13,12,13,11,13,14,10,11,13,12,11,11,10,11,10,14
10,12,14,11,12,11,12,10,10,11,12,10,12,10,13,11,13,11,14,14,14,11,12,11,14,11,13,14,10,11,13,14,12,12,14,13,10,12,10,11,0,14,12,10,12,12,10,14,12,14,14,12,14,12,11,10,14,10,12,11,11,13,13,10,14,12,13,12,14,10,10,10,11,10,12,14,11,10,14,13,14,11,10,10,10,14,13,11,11,12,10,12,12,11,14,13,11,12,11,14
14,12,14,12,13,14,11,14,14,11,13,13,10,13,11,14,12,13,14,14,13,11,10,12,10,12,12,10,11,14,13,14,14,14,14,12,12,13,11,11,13,0,14,12,10,14,12,11,13,14,14,10,13,13,11,10,12,11,12,11,11,11,11,13,10,12,14,13,11,14,14,12,13,11,12,11,14,14,10,12,12,11,13,10,11,13,10,10,13,13,12,10,10,11,10,10,12,11,11,12
14,13,10,14,10,12,11,11,10,14,11,13,11,14,13,10,12,10,11,11,11,13,10,12,11,14,12,11,11,12,14,13,12,12,13,14,10,14,10,14,11,14,0,10,13,12,14,13,10,12,14,12,11,14,10,11,11,13,13,13,11,10,10,14,13,14,13,10,14,11,14,14,13,14,12,14,12,13,11,10,12,10,11,13,11,14,13,13,11,11,11,10,12,10,14,14,11,14,11,14
14,13,14,14,13,10,14,12,12,11,13,12,12,13,10,10,13,11,13,13,11,14,13,13,14,14,12,12,10,12,12,12,11,12,10,13,11,12,10,11,10,10,10,0,10,12,14,13,14,10,13,10,10,11,13,12,14,14,10,14,13,13,11,11,10,14,10,11,10,12,11,14,11,10,12,12,10,13,13,10,10,10,12,12,11,11,11,11,13,14,11,14,10,12,11,12,14,14,10,11
11,13,13,12,13,14,14,10,14,10,12,10,11,10,13,13,10,13,10,13,12,14,12,10,10,12,13,13,13,14,13,11,13,11,14,12,12,10,13,11,12,11,11,13,0,12,11,12,10,13,13,12,10,13,12,14,11,10,12,11,10,11,10,11,10,11,10,12,14,10,11,11,14,10,14,11,10,12,14,13,14,14,12,10,10,11,13,13,10,12,12,12,14,14,12,10,11,14,11,11
11,14,13,14,12,12,13,10,14,11,13,14,10,13,12,10,13,10,11,13,12,12,11,11,13,14,11,14,12,13,14,10,10,12,12,10,11,13,12,13,12,13,13,14,14,0,13,11,10,12,11,11,10,13,12,13,13,12,11,10,13,10,13,12,10,11,12,13,12,11,11,14,10,12,13,11,14,14,11,12,10,12,10,12,10,12,14,12,13,14,13,12,10,12,14,12,13,10,13,13
11,14,13,14,10,12,11,12,14,11,14,14,11,14,10,10,14,11,12,12,12,10,10,13,12,13,13,13,13,10,12,13,10,13,10,10,14,11,11,12,11,11,12,11,14,14,0,11,10,12,14,12,11,12,10,10,11,14,14,12,11,14,13,14,14,13,11,13,13,13,14,11,13,10,10,11,11,13,13,14,13,12,12,10,14,12,10,10,10,12,14,10,14,13,14,13,13,11,13,12
13,10,13,12,12,12,14,11,12,13,14,13,11,10,14,14,11,12,10,11,13,10,12,10,14,13,12,14,10,12,13,14,14,10,11,12,14,10,13,11,13,14,13,12,12,10,14,0,13,14,10,12,11,11,12,14,12,12,12,12,13,10,14,10,10,10,10,13,10,14,11,14,10,13,14,12,13,12,10,13,13,14,13,10,10,10,11,12,12,10,13,10,11,13,14,10,14,13,12,11
12,12,13,13,13,10,11,12,12,14,10,14,11,14,13,14,11,14,14,10,13,12,10,14,10,10,13,11,14,13,13,10,14,14,11,11,10,14,11,10,13,14,10,13,10,13,13,12,0,10,14,14,14,14,12,12,14,11,13,13,12,12,10,13,14,11,10,10,12,12,11,14,11,12,14,12,14,12,12,14,11,12,10,11,14,13,13,11,11,11,12,14,12,11,13,13,12,11,11,11
14,13,11,10,13,10,12,11,14,10,13,12,14,14,11,10,11,13,13,10,12,14,13,10,10,12,11,14,14,10,14,13,11,10,14,13,10,10,13,14,11,11,11,11,13,10,10,13,10,0,13,11,14,12,10,14,10,10,10,14,11,13,12,12,14,11,10,10,13,14,13,14,11,10,14,13,10,13,12,12,10,11,13,14,10,14,10,10,10,11,13,12,10,10,12,10,13,13,12,14
13,14,12,13,11,13,14,13,13,11,13,12,12,12,13,14,14,12,11,14,11,14,10,12,10,10,14,11,13,13,10,11,10,12,14,11,14,10,13,12,14,11,11,13,12,11,14,13,11,12,0,10,11,11,12,13,13,14,14,12,11,14,13,14,10,11,11,11,10,12,12,14,14,14,14,10,14,12,11,14,14,10,11,14,10,13,13,10,13,13,11,11,14,12,11,13,10,11,11,11
10,14,14,10,13,12,11,11,12,12,13,10,13,14,13,10,13,14,13,11,12,11,13,11,11,10,14,12,13,11,14,12,11,14,14,14,10,10,10,13,12,12,12,11,10,10,13,10,13,10,14,0,11,12,14,14,14,11,12,13,12,13,13,13,11,12,11,14,13,10,14,10,12,13,10,14,10,14,11,11,11,12,14,13,12,11,13,14,11,10,14,12,12,12,12,14,13,14,11,14
13,10,10,14,14,10,12,12,12,14,13,10,14,11,12,10,13,10,10,14,13,11,13,13,10,11,12,10,10,10,11,10,12,12,12,10,12,10,14,11,14,11,12,11,11,14,12,11,10,12,11,13,0,13,12,10,12,12,11,13,12,13,12,11,11,13,13,12,12,13,11,13,13,10,14,14,12,13,11,12,10,13,10,10,13,14,13,12,10,11,10,13,10,11,11,12,12,14,11,13
13,12,10,12,13,13,13,12,14,12,13,13,10,14,13,14,13,12,13,11,14,10,12,10,13,13,13,11,14,11,12,12,12,13,14,13,12,12,11,10,10,11,13,12,13,12,13,11,13,11,14,10,11,0,14,13,12,14,14,14,10,10,11,12,12,14,11,10,11,14,14,11,10,10,12,10,12,12,14,12,11,14,11,13,12,11,12,10,12,14,11,13,12,13,11,14,14,14,10,12
11,11,11,11,13,10,14,14,13,13,11,10,10,12,13,10,14,12,14,11,12,10,13,11,13,10,13,11,13,13,11,13,11,11,10,10,13,14,14,12,12,12,12,13,13,11,13,10,10,11,10,11,14,14,0,10,11,12,14,13,12,11,12,11,10,12,12,14,13,11,12,12,14,12,12,14,14,12,14,13,12,12,13,11,12,12,10,14,12,11,13,12,13,11,12,10,14,11,11,11
11,12,14,13,12,13,11,13,12,10,10,13,13,11,11,10,13,11,13,12,12,13,11,12,12,10,14,12,10,11,14,13,11,12,12,10,12,14,13,13,11,11,11,11,10,10,13,11,10,12,12,13,12,14,14,0,12,10,12,11,12,14,13,12,10,10,12,12,11,14,10,12,13,12,14,11,10,11,10,12,12,12,12,12,13,13,10,10,11,12,14,10,10,13,11,14,12,14,11,10
13,12,12,12,14,14,14,11,13,12,14,11,10,14,13,14,11,11,14,11,14,11,10,13,14,10,11,10,10,10,14,11,10,14,14,10,14,10,12,13,14,14,12,14,13,13,10,10,14,11,13,10,14,14,11,11,0,11,13,12,13,13,13,10,13,13,13,10,10,10,13,10,10,14,10,12,10,13,11,10,10,10,10,11,13,11,13,11,10,12,12,14,10,13,13,10,11,13,14,11
14,12,14,10,10,11,12,11,14,12,10,13,14,13,11,13,12,12,12,11,14,12,14,12,12,14,14,12,10,10,10,11,13,10,10,12,11,10,10,11,14,11,11,13,12,14,14,12,11,10,12,13,11,13,11,12,13,0,11,12,11,12,14,11,13,11,14,14,14,13,13,11,12,12,10,11,13,10,11,10,13,10,11,10,10,12,12,14,10,13,12,14,10,13,13,14,14,10,12,11
12,14,14,13,12,14,10,11,11,11,13,12,11,10,13,11,11,14,11,11,14,10,14,11,10,13,10,13,13,11,12,12,12,14,13,13,10,12,12,11,12,10,13,13,10,10,13,10,14,11,12,10,14,11,12,12,10,13,0,13,14,13,11,12,10,14,10,14,11,11,14,11,13,11,14,14,13,11,11,10,10,10,10,14,12,13,11,13,11,12,11,13,12,14,13,12,10,13,13,13
10,11,11,13,14,10,14,14,14,12,13,10,14,13,13,14,13,12,10,11,12,11,13,14,10,11,14,13,12,12,14,10,13,12,14,13,13,11,14,11,13,12,13,13,13,10,13,14,11,14,14,12,13,11,10,13,12,12,13,0,12,11,11,11,12,13,12,11,11,13,14,10,11,12,13,13,10,12,14,10,14,12,14,12,12,12,11,12,12,11,11,11,11,12,12,14,12,10,11,10
10,14,12,10,12,14,13,10,14,13,10,10,13,11,13,10,11,13,14,14,11,10,14,10,11,12,13,13,10,13,10,14,11,14,14,10,10,13,10,13,14,11,12,14,11,10,13,14,14,12,13,13,11,11,13,10,14,11,14,14,0,10,14,14,10,12,10,14,14,11,12,14,12,13,10,10,10,12,10,14,10,14,13,14,13,10,12,13,14,10,14,10,13,14,10,13,10,11,11,11
10,11,14,12,11,12,10,14,10,11,13,12,14,12,13,14,11,14,11,10,10,11,10,13,12,12,10,13,13,12,10,14,10,13,13,14,10,10,13,10,14,12,13,13,12,11,10,11,11,11,11,10,14,11,11,13,10,10,10,14,12,0,12,11,12,10,13,11,11,14,13,13,10,10,11,10,12,13,12,11,11,11,14,11,12,11,14,14,14,12,14,13,10,10,14,13,12,11,10,12
13,14,14,11,12,12,10,10,13,10,13,14,13,13,13,12,12,10,14,11,11,13,12,14,14,14,13,14,11,13,13,11,13,14,12,11,12,12,14,14,10,14,11,13,13,14,14,11,11,11,10,11,12,13,10,14,12,10,12,12,13,11,0,13,10,12,12,11,14,11,12,10,14,11,14,11,12,12,13,10,14,14,12,12,14,12,11,14,14,13,13,13,11,10,11,11,14,10,10,11
10,13,10,10,14,11,10,10,12,12,13,11,14,14,12,12,11,13,13,12,10,13,12,10,12,14,13,14,10,13,11,11,11,11,10,11,14,11,13,13,11,11,11,11,14,11,14,12,12,13,14,11,12,12,10,12,11,10,12,10,12,11,10,0,14,10,12,10,12,13,11,13,14,14,10,11,13,12,10,10,11,14,10,11,11,13,10,14,14,10,13,10,14,14,13,11,10,11,12,11
12,11,11,13,11,10,14,11,12,11,12,14,11,14,11,10,11,14,13,10,10,13,10,11,10,11,14,10,10,13,10,12,14,14,13,10,13,11,10,11,14,13,11,12,13,13,13,14,13,13,14,11,13,12,10,13,10,14,13,14,10,14,10,13,0,11,14,10,12,11,10,11,14,13,12,10,11,11,13,13,12,12,14,12,12,14,14,14,12,13,14,14,14,13,10,10,14,13,13,11
13,12,11,13,12,11,14,12,10,11,14,12,11,11,10,12,10,12,13,14,11,10,12,14,11,11,12,10,13,12,11,13,12,12,14,14,10,11,14,10,14,12,13,10,13,12,13,13,13,13,14,11,14,14,14,13,10,12,11,10,14,14,14,13,14,0,11,14,14,11,10,11,13,12,12,10,14,12,11,10,14,13,13,12,14,12,14,13,13,13,11,14,13,10,13,11,10,13,14,11
11,13,13,11,13,11,10,14,12,14,14,10,13,11,11,12,10,11,14,11,10,13,10,11,10,10,13,13,13,10,14,11,12,10,13,11,14,12,14,12,11,10,10,14,13,10,11,11,14,11,10,13,13,13,10,13,12,12,10,12,13,12,10,11,14,13,0,13,12,12,10,13,12,12,11,14,14,12,11,12,10,14,12,13,12,10,11,12,13,10,10,13,11,12,11,14,14,10,13,14
10,11,14,13,14,12,12,10,12,14,10,10,11,14,10,13,11,13,12,11,12,10,14,12,12,11,11,10,11,11,14,14,14,11,12,13,14,13,14,10,12,11,14,13,14,14,11,11,11,13,12,10,12,11,11,14,11,12,10,12,11,11,14,10,14,11,11,0,14,12,11,13,12,14,12,14,11,10,11,12,12,14,14,13,13,13,14,11,12,14,12,11,12,12,12,13,10,12,14,13
13,13,12,14,10,14,10,11,10,11,10,14,10,14,13,12,11,13,11,11,10,14,13,14,10,14,10,14,11,13,14,14,11,12,14,13,12,10,13,13,13,12,11,11,14,13,11,13,14,10,12,12,11,12,13,14,10,12,14,11,13,10,14,11,12,11,12,13,0,14,14,14,11,14,12,13,12,12,12,10,11,13,12,10,11,11,12,12,14,13,10,13,10,11,12,14,13,13,14,13
12,10,12,13,14,10,10,12,13,13,10,11,12,11,12,12,11,14,12,10,14,13,13,14,14,11,14,14,12,13,10,14,13,13,12,11,10,13,11,11,10,10,14,10,13,13,10,13,14,14,12,13,10,14,14,14,11,13,14,12,10,10,14,10,13,11,13,14,14,0,10,12,13,13,11,14,14,14,13,11,10,11,11,10,13,10,11,13,13,14,13,14,12,14,13,10,14,10,14,11
12,10,11,14,13,12,14,14,14,14,14,14,13,12,13,11,14,10,11,14,11,12,14,10,10,10,10,13,14,11,14,13,10,11,13,10,10,11,12,10,11,12,14,14,14,14,11,14,11,12,10,14,14,14,14,10,11,10,13,12,12,11,14,13,14,11,14,11,13,13,0,11,12,13,10,13,14,12,10,10,11,14,10,12,12,10,10,14,10,11,13,13,14,13,14,13,10,12,11,14
12,10,14,11,12,10,12,11,13,11,10,12,11,14,12,12,11,13,12,12,14,12,13,10,10,14,12,14,13,11,13,11,11,10,13,10,10,13,14,11,12,14,10,14,11,11,12,14,10,11,12,11,10,13,10,10,11,14,11,13,13,13,12,12,13,13,10,10,11,11,12,0,13,14,10,14,10,12,14,13,13,11,12,14,11,14,11,11,12,10,12,14,11,12,11,12,14,11,12,10
12,10,12,12,13,14,14,12,10,13,10,13,12,10,12,11,11,13,11,13,11,12,13,10,14,12,10,10,13,12,10,13,14,13,11,13,14,10,10,12,10,14,11,14,10,14,12,11,10,14,11,10,10,14,13,10,11,12,13,11,13,13,13,12,13,11,14,13,14,13,12,10,0,13,13,13,11,11,14,14,10,10,14,10,13,10,14,13,14,10,10,11,12,12,13,13,11,10,13,10
13,10,14,12,11,11,10,12,11,11,11,14,12,12,12,11,14,13,10,11,14,13,14,13,13,11,10,13,14,10,11,11,12,13,11,10,11,12,13,11,14,12,11,13,13,11,13,14,14,12,14,13,10,11,11,10,10,10,13,14,11,12,12,11,14,10,11,14,11,12,10,11,14,0,13,11,12,11,11,10,12,12,10,13,11,10,13,10,10,12,10,14,10,13,14,14,12,14,10,13
12,14,14,13,11,12,12,13,12,14,14,13,14,10,11,11,11,13,10,10,11,10,10,11,10,13,14,12,10,13,14,12,11,12,12,12,13,11,12,14,13,14,12,11,13,12,14,14,12,12,13,13,13,10,11,11,13,13,13,13,12,14,13,14,10,11,12,11,13,13,13,14,11,11,0,11,11,12,14,13,13,13,10,10,12,14,10,14,11,11,11,14,14,13,13,11,13,11,13,10
12,10,13,11,14,13,13,12,11,13,10,13,14,10,14,14,12,14,10,14,14,11,10,10,11,14,14,11,12,10,13,10,14,13,11,13,10,14,10,14,11,12,12,13,11,12,10,14,13,14,13,13,11,13,11,10,14,12,14,10,14,12,10,10,14,14,14,10,13,11,14,13,13,11,13,0,11,14,12,14,14,14,14,12,13,11,14,13,10,12,11,13,12,14,10,14,14,12,12,13
11,12,14,10,12,14,10,10,10,10,14,11,12,13,14,10,10,14,11,14,14,11,13,12,12,12,12,13,12,11,13,14,11,13,12,11,14,13,10,13,10,14,13,10,13,10,11,13,14,14,14,14,10,12,13,10,14,11,12,14,12,12,12,13,11,10,14,13,10,13,11,11,14,12,13,10,0,12,13,14,12,11,13,13,13,12,14,13,14,14,12,12,12,11,10,11,13,12,10,13
12,11,12,12,11,13,13,10,12,14,13,12,10,12,10,13,13,13,14,11,12,12,14,14,13,11,14,10,14,11,14,12,11,14,11,11,13,10,12,14,13,14,10,14,10,14,11,14,11,11,13,14,13,13,11,10,11,13,14,10,14,13,10,11,14,10,10,11,10,13,14,12,11,14,12,13,11,0,14,13,13,10,14,14,12,12,10,14,12,13,10,10,10,11,12,10,10,13,13,10
10,13,14,14,12,11,10,13,14,11,13,14,11,14,11,14,10,13,13,13,14,11,13,12,10,12,14,11,13,14,11,14,12,14,13,14,10,10,11,10,11,11,10,11,10,11,14,11,14,12,10,12,10,14,11,13,10,12,13,14,12,14,10,10,10,13,11,12,11,12,14,10,12,12,11,13,11,11,0,12,13,13,12,11,11,13,14,14,12,13,14,13,12,11,11,12,12,11,10,11
11,14,12,10,12,12,10,14,12,13,13,12,14,14,10,11,14,12,13,11,10,14,13,14,11,13,11,14,11,14,14,12,11,10,11,13,11,12,14,13,13,14,12,14,14,12,14,13,10,10,12,14,12,14,10,12,11,13,13,13,10,10,13,12,13,11,11,13,13,11,10,12,13,10,12,11,12,13,14,0,14,14,13,13,11,11,14,10,12,10,13,12,13,14,10,13,12,11,14,11
13,10,11,10,14,10,10,11,11,11,14,10,12,13,13,14,12,12,12,10,13,11,14,12,14,13,11,12,12,12,14,14,12,12,10,13,13,13,13,10,10,13,13,10,11,13,14,14,10,11,10,10,14,13,12,12,11,13,10,10,13,13,13,14,12,14,12,10,13,14,11,13,13,11,14,10,12,13,11,10,0,14,12,12,10,11,14,10,14,10,12,12,10,12,13,12,12,14,13,13
11,10,14,10,10,10,12,11,12,13,11,14,12,11,14,11,10,11,12,13,13,13,13,14,10,12,10,10,10,13,12,10,14,10,14,10,14,11,11,10,13,12,13,10,13,12,14,13,13,11,12,11,12,10,10,12,12,14,14,12,14,11,10,13,11,11,10,12,11,14,11,13,14,12,14,10,10,13,11,12,13,0,12,12,13,11,10,13,13,10,11,12,10,12,13,10,12,12,14,13
12,12,12,12,13,10,13,12,14,10,14,12,14,13,12,14,12,14,11,12,11,12,11,11,14,11,11,11,10,11,12,12,11,14,14,10,11,14,13,13,13,13,13,13,10,14,13,12,14,14,13,12,10,11,12,14,10,10,12,12,14,11,11,13,13,12,10,14,13,11,13,12,11,13,14,13,13,13,10,14,13,13,0,11,11,13,14,12,14,12,14,14,10,12,10,14,11,11,10,14
13,14,14,13,12,11,10,11,12,12,14,10,12,14,12,14,10,10,10,14,13,14,10,12,14,12,12,10,10,14,13,11,13,14,12,10,13,10,13,14,12,13,10,12,12,13,12,11,14,11,14,11,10,10,10,13,14,11,14,10,14,10,10,13,14,12,12,12,12,12,10,14,11,10,12,14,14,12,14,10,14,10,10,0,13,14,11,11,12,13,13,10,12,11,13,10,12,13,11,12
10,11,14,14,12,11,14,10,14,13,11,14,11,11,13,10,13,10,11,13,12,10,10,14,13,11,12,13,13,10,14,11,12,14,14,14,10,10,12,12,10,11,11,14,12,14,14,10,13,12,11,12,11,13,10,14,10,14,10,10,13,11,11,14,13,14,11,11,12,13,10,12,12,14,12,10,14,11,12,14,11,12,10,10,0,13,12,14,14,14,14,13,10,10,12,13,14,14,12,10
12,12,13,13,14,12,13,10,12,10,14,10,14,12,11,14,11,10,11,10,10,10,11,11,12,10,14,12,14,10,12,11,11,10,10,11,13,13,10,13,14,12,12,13,10,14,13,13,14,13,12,13,13,11,14,12,11,11,10,14,12,11,10,11,13,12,13,14,11,14,10,12,10,12,10,13,12,13,11,13,11,10,13,11,13,0,14,12,14,10,13,10,12,13,11,10,13,11,11,10
12,10,14,12,14,12,14,13,10,11,11,14,12,10,12,12,12,12,13,12,13,10,14,14,13,13,13,14,13,12,11,11,10,12,13,13,12,13,13,14,14,10,12,13,14,13,12,11,10,13,13,11,13,14,11,12,10,10,14,11,14,14,14,13,14,14,13,14,12,13,10,14,14,14,13,13,12,11,14,14,10,11,13,14,14,10,0,13,11,11,10,12,12,14,12,14,10,10,14,13
14,14,12,14,12,13,14,12,13,11,13,14,14,10,14,10,13,10,10,14,14,11,12,13,11,11,12,14,12,10,13,12,13,12,10,14,12,11,11,11,14,13,14,10,13,11,12,12,14,11,11,14,10,10,13,12,12,14,13,10,10,14,14,13,13,10,11,11,14,14,13,11,13,14,14,11,12,11,10,10,13,10,10,10,13,13,12,0,13,13,13,12,13,13,11,10,10,13,10,12
13,14,10,13,14,13,10,11,11,11,12,14,10,14,13,11,14,13,13,10,14,12,12,12,10,12,14,12,12,13,13,12,12,14,12,10,13,12,11,12,13,12,11,12,11,13,11,14,10,14,10,12,14,10,12,10,11,12,12,11,13,12,14,12,12,10,12,10,12,13,13,12,12,11,11,12,11,10,11,11,10,10,12,12,13,11,12,12,0,12,11,13,10,10,14,14,11,13,14,14
10,11,10,12,12,11,13,14,13,13,10,14,11,10,10,10,12,10,11,14,11,12,14,13,10,10,12,11,13,11,10,14,12,11,10,10,14,13,10,11,14,11,14,13,11,12,11,14,10,13,12,10,11,14,12,13,12,12,11,12,13,11,11,12,13,11,12,14,14,10,11,13,10,10,14,10,13,10,11,12,13,13,11,14,13,14,12,12,13,0,12,12,12,12,13,12,13,10,11,10
10,10,12,14,10,12,13,10,11,14,12,10,11,10,13,14,10,14,11,13,13,13,14,10,12,12,13,11,12,12,11,10,11,14,11,12,10,13,11,12,10,13,11,12,11,12,11,12,13,14,12,13,13,13,12,11,10,11,12,12,13,12,13,13,13,12,13,11,13,10,13,11,13,13,13,14,12,12,14,14,10,11,12,13,10,12,11,12,12,14,0,12,14,10,13,14,12,10,13,13
14,13,14,13,12,10,10,10,10,10,12,14,12,12,12,12,12,14,10,13,10,10,11,14,14,13,13,11,14,14,10,14,14,13,14,11,11,12,10,12,14,12,11,12,10,14,14,11,12,11,11,12,10,14,12,13,12,10,13,14,11,14,10,10,14,13,10,13,12,11,10,14,14,13,13,13,14,13,13,14,13,11,13,13,12,12,13,14,10,11,13,0,11,14,10,10,10,11,10,13
11,14,10,14,11,10,12,13,12,11,14,13,13,11,13,11,14,11,12,13,11,14,10,13,10,12,14,10,13,12,13,11,13,10,11,10,12,12,11,12,10,14,11,13,11,12,10,14,10,14,10,14,13,12,11,12,13,12,13,14,11,11,14,14,12,12,14,13,14,13,13,12,14,10,13,11,12,12,12,12,12,10,10,14,12,14,13,11,13,14,11,14,0,13,12,11,13,14,12,10
13,13,11,14,12,10,12,14,13,14,10,10,11,10,10,11,10,11,10,12,13,14,13,10,10,11,14,13,11,14,10,12,14,11,13,14,11,10,12,13,14,14,10,12,13,14,10,13,12,10,10,11,13,10,12,13,14,10,13,10,11,14,13,13,13,12,10,14,12,11,10,10,13,12,12,13,14,10,12,11,11,10,11,10,14,14,13,14,14,14,14,10,11,0,12,12,10,11,11,13
10,14,10,11,11,10,10,12,11,12,13,14,13,13,12,14,10,12,12,14,14,14,10,10,12,11,10,13,11,10,12,12,12,12,12,12,10,13,14,10,14,11,11,11,10,10,10,11,14,12,11,12,13,12,13,10,13,10,14,14,14,11,10,11,10,11,11,11,10,10,14,12,13,12,14,13,13,14,14,12,10,13,13,13,13,10,13,10,13,12,14,14,14,10,0,11,12,11,14,11
13,13,14,11,14,13,14,14,11,12,10,11,14,10,12,13,10,12,11,13,10,12,11,12,13,11,14,12,13,11,12,12,13,12,10,14,11,12,14,14,13,10,12,12,13,10,14,14,12,11,10,14,14,11,10,11,11,11,12,12,14,11,11,14,10,13,13,11,14,13,12,13,12,12,14,14,14,14,14,13,11,14,10,11,11,12,12,12,12,14,12,10,10,11,10,0,12,14,13,12
14,12,13,14,14,13,11,11,11,12,11,11,12,11,13,11,10,11,14,13,12,10,11,14,10,10,12,13,10,12,11,14,11,11,10,11,12,10,11,13,14,10,11,14,10,12,14,13,11,10,14,11,10,14,14,13,11,14,14,13,11,13,10,14,10,11,10,10,11,12,13,10,14,10,13,12,14,11,13,12,10,13,11,10,12,10,14,11,12,11,10,13,10,13,11,11,0,14,11,14
14,12,14,12,14,11,14,11,14,10,11,14,14,10,11,12,13,12,10,12,14,11,13,12,14,11,10,14,11,13,12,12,13,12,13,10,11,10,11,14,12,14,14,11,11,12,10,12,13,10,13,13,14,13,14,12,14,11,13,13,10,10,10,10,12,14,10,11,12,11,10,12,10,10,10,10,12,12,11,12,10,12,10,10,10,14,12,14,13,10,11,10,12,13,13,12,13,0,13,13
11,11,14,10,12,14,11,12,14,13,13,10,12,14,10,12,12,14,14,10,13,12,11,13,11,10,10,10,12,12,12,11,13,13,10,11,11,12,13,11,13,11,13,11,14,14,14,11,11,11,10,12,13,12,14,14,10,10,13,11,14,10,10,11,10,11,12,13,13,14,10,10,11,13,11,12,13,10,14,11,11,13,14,11,11,10,13,10,13,11,10,11,14,12,11,13,10,11,0,10
12,12,10,12,11,10,10,11,10,10,11,10,10,11,11,14,10,11,14,10,10,13,11,14,12,13,14,10,13,12,13,12,11,14,11,13,11,11,12,10,11,14,12,14,11,10,10,10,12,12,10,11,10,11,14,14,11,11,14,12,11,14,12,13,12,14,13,10,14,12,13,14,13,13,13,11,10,11,12,12,12,13,12,11,11,11,11,10,14,12,12,10,11,14,13,11,12,14,12,0
