R=15
Pi=(17,14,11,19,11,13,18,14,12,10,17,10,10,15,13)
A=
1,2,41
2,3,0
3,4,0
5,6,0
7,8,53
8,9,53
13,15,42
Sij=
0,5,6,9,8,8,8,5,5,6,6,7,9,7,5
7,0,6,7,8,8,5,9,7,7,5,7,5,6,8
9,6,0,7,5,8,9,9,5,7,7,9,7,8,5
9,5,9,0,8,6,8,5,7,8,5,6,9,6,7
9,8,6,8,0,6,7,5,9,8,7,5,8,5,6
9,9,8,5,7,0,9,8,6,6,8,8,7,7,6
8,7,8,9,8,7,0,6,8,6,6,5,5,9,9
6,7,7,8,8,9,8,0,8,6,6,7,6,8,7
7,7,9,9,9,9,5,6,0,8,6,9,7,5,5
7,6,9,6,9,9,5,9,5,0,5,8,8,7,5
5,7,7,6,9,8,6,8,6,6,0,6,5,8,5
8,6,9,6,8,8,5,9,6,6,6,0,8,7,8
7,9,5,6,6,5,5,5,9,7,8,6,0,9,9
9,8,9,9,6,9,5,8,6,7,9,8,9,0,5
6,5,9,5,5,7,6,7,5,9,8,7,9,8,0
