R=15
Pi=(14,14,10,14,12,14,19,19,10,15,19,14,18,11,12)
A=
1,2,0
3,4,55
4,6,50
6,8,46
7,9,0
11,13,0
12,14,50
Sij=
0,9,9,6,8,5,7,7,9,5,7,6,6,6,8
8,0,6,7,5,7,7,8,5,6,9,6,9,9,9
9,8,0,8,9,8,5,5,7,8,6,5,5,5,8
9,6,8,0,8,6,7,9,9,5,6,8,9,8,8
7,6,7,6,0,8,8,9,6,8,6,7,6,7,5
8,6,9,6,6,0,5,6,9,6,7,8,6,5,5
8,7,6,9,6,7,0,9,6,9,9,7,7,8,7
8,7,6,5,9,8,5,0,9,6,6,7,8,6,8
5,9,7,6,7,9,8,6,0,9,8,9,5,5,7
6,9,8,9,6,8,6,8,6,0,8,6,6,9,9
5,9,6,8,5,6,6,5,7,6,0,9,9,9,6
7,8,5,9,7,8,7,6,8,8,6,0,7,6,6
7,8,9,6,9,9,6,5,6,5,5,9,0,5,5
7,6,9,7,9,9,5,8,7,7,8,5,6,0,8
6,8,6,7,9,5,7,8,7,8,9,5,5,7,0
