R=15
Pi=(23,22,22,26,24,29,21,29,25,21,29,23,20,20,24)
A=
1,2,0
2,4,25
4,6,0
6,8,0
8,10,35
9,11,24
10,12,22
Sij=
0,10,13,11,10,11,14,10,13,10,13,11,10,14,14
12,0,10,10,12,13,14,14,14,11,12,10,11,12,12
12,13,0,13,11,10,12,10,11,10,14,13,12,14,10
14,10,14,0,11,10,14,11,14,13,13,10,10,10,10
12,14,14,10,0,12,13,11,12,10,14,10,12,13,11
10,10,14,10,14,0,14,10,11,12,14,10,12,11,12
10,14,11,14,11,10,0,13,11,10,12,14,11,14,12
14,14,11,13,11,14,14,0,13,14,10,10,11,14,11
11,10,14,10,12,14,12,10,0,13,10,10,13,13,14
10,11,10,13,14,13,11,13,12,0,12,11,11,12,11
10,10,14,10,10,12,10,14,13,14,0,14,14,14,14
10,10,12,12,11,14,12,12,14,12,11,0,11,14,12
12,11,14,10,11,10,14,12,11,10,13,11,0,14,10
13,11,13,10,13,12,12,11,10,13,10,13,14,0,13
11,11,13,13,12,12,11,11,10,13,12,14,14,12,0
