R=15
Pi=(29,27,27,26,27,22,23,24,22,29,26,22,25,26,29)
A=
1,2,0
3,4,46
4,5,0
6,7,0
7,8,57
10,11,57
11,12,44
Sij=
0,5,5,6,5,5,8,5,7,9,7,5,8,8,8
5,0,7,7,6,9,7,5,8,5,6,5,8,8,7
5,5,0,5,7,9,6,7,8,9,9,5,6,5,8
7,6,6,0,5,6,9,8,8,7,8,5,8,5,7
5,5,5,6,0,9,8,6,8,6,8,8,7,5,6
7,8,5,7,7,0,7,5,8,9,9,7,9,8,6
7,7,6,5,6,5,0,8,9,8,9,7,6,6,8
9,8,7,8,9,7,5,0,9,7,8,6,7,6,6
5,6,8,5,9,9,6,9,0,6,7,6,5,8,8
5,6,5,5,6,7,9,5,7,0,8,5,6,5,8
9,8,9,8,8,6,8,7,5,7,0,6,6,7,5
7,9,7,9,8,7,9,6,7,5,6,0,9,7,5
8,9,5,8,8,7,5,7,7,7,6,6,0,5,7
5,8,9,9,5,8,8,7,6,5,7,8,9,0,7
6,9,7,9,9,8,8,5,7,8,7,9,5,5,0
