R=15
Pi=(28,29,25,24,20,20,26,24,24,27,22,25,23,25,27)
A=
1,2,0
2,3,0
3,4,0
4,5,36
6,8,21
9,11,23
12,14,33
Sij=
0,12,14,10,10,14,11,10,10,11,12,14,12,13,10
11,0,13,12,12,13,14,12,12,11,14,14,11,10,11
14,13,0,12,13,10,10,13,13,11,12,14,10,12,12
12,11,12,0,12,14,12,13,12,14,13,14,12,10,14
13,10,10,13,0,11,13,10,12,10,10,11,13,11,13
12,10,13,12,12,0,10,14,10,12,12,11,13,12,12
14,14,14,13,14,13,0,10,11,12,11,14,13,11,10
11,12,10,11,10,10,14,0,14,14,11,14,10,10,12
13,12,11,12,11,13,13,10,0,10,12,13,12,12,11
12,12,12,13,13,14,13,14,11,0,10,12,12,12,14
14,12,13,14,13,12,12,14,10,12,0,12,13,11,10
11,13,13,12,12,13,11,12,13,11,11,0,10,14,13
10,10,14,14,10,13,10,12,13,14,13,10,0,13,12
12,10,11,10,13,13,13,13,12,14,14,13,13,0,12
14,12,12,13,13,14,14,14,12,12,13,12,14,13,0
