R=15
Pi=(18,15,19,18,19,18,15,14,17,14,17,11,17,15,11)
A=
1,2,32
2,3,0
3,4,25
4,6,0
8,9,38
9,10,0
12,14,34
Sij=
0,5,8,5,5,7,6,6,5,6,7,9,5,5,6
7,0,8,5,5,7,9,8,6,7,7,9,7,7,8
5,6,0,9,5,8,7,8,9,5,8,9,6,7,7
6,8,5,0,5,6,5,7,8,5,9,9,5,9,8
5,7,5,9,0,9,8,9,5,8,9,6,8,8,8
7,6,5,5,7,0,5,5,8,7,8,6,7,5,7
5,5,5,8,7,9,0,8,8,8,9,7,9,8,5
5,5,8,7,6,9,5,0,9,8,9,7,9,7,7
9,6,7,6,7,7,5,8,0,8,8,5,9,5,9
8,5,7,8,7,5,8,6,5,0,8,6,6,7,5
6,6,5,8,6,6,8,6,7,5,0,6,5,5,6
7,9,6,6,9,6,6,7,6,9,6,0,7,8,7
6,9,5,5,9,9,6,7,8,7,7,9,0,5,7
8,6,6,6,5,7,9,6,6,9,7,5,8,0,9
9,6,6,8,7,5,9,8,5,5,6,5,9,9,0
