R=15
Pi=(27,24,21,29,21,23,28,24,22,20,27,20,20,25,23)
A=
1,2,21
2,3,0
3,4,0
5,6,0
7,8,33
8,9,33
13,15,22
Sij=
0,10,11,14,13,13,13,10,10,11,11,12,14,12,10
12,0,11,12,13,13,10,14,12,12,10,12,10,11,13
14,11,0,12,10,13,14,14,10,12,12,14,12,13,10
14,10,14,0,13,11,13,10,12,13,10,11,14,11,12
14,13,11,13,0,11,12,10,14,13,12,10,13,10,11
14,14,13,10,12,0,14,13,11,11,13,13,12,12,11
13,12,13,14,13,12,0,11,13,11,11,10,10,14,14
11,12,12,13,13,14,13,0,13,11,11,12,11,13,12
12,12,14,14,14,14,10,11,0,13,11,14,12,10,10
12,11,14,11,14,14,10,14,10,0,10,13,13,12,10
10,12,12,11,14,13,11,13,11,11,0,11,10,13,10
13,11,14,11,13,13,10,14,11,11,11,0,13,12,13
12,14,10,11,11,10,10,10,14,12,13,11,0,14,14
14,13,14,14,11,14,10,13,11,12,14,13,14,0,10
11,10,14,10,10,12,11,12,10,14,13,12,14,13,0
