R=15
Pi=(24,24,20,24,22,24,29,29,20,25,29,24,28,21,22)
A=
1,2,0
3,4,35
4,6,30
6,8,26
7,9,0
11,13,0
12,14,30
Sij=
0,14,14,11,13,10,12,12,14,10,12,11,11,11,13
13,0,11,12,10,12,12,13,10,11,14,11,14,14,14
14,13,0,13,14,13,10,10,12,13,11,10,10,10,13
14,11,13,0,13,11,12,14,14,10,11,13,14,13,13
12,11,12,11,0,13,13,14,11,13,11,12,11,12,10
13,11,14,11,11,0,10,11,14,11,12,13,11,10,10
13,12,11,14,11,12,0,14,11,14,14,12,12,13,12
13,12,11,10,14,13,10,0,14,11,11,12,13,11,13
10,14,12,11,12,14,13,11,0,14,13,14,10,10,12
11,14,13,14,11,13,11,13,11,0,13,11,11,14,14
10,14,11,13,10,11,11,10,12,11,0,14,14,14,11
12,13,10,14,12,13,12,11,13,13,11,0,12,11,11
12,13,14,11,14,14,11,10,11,10,10,14,0,10,10
12,11,14,12,14,14,10,13,12,12,13,10,11,0,13
11,13,11,12,14,10,12,13,12,13,14,10,10,12,0
