R=15
Pi=(19,11,13,12,18,15,14,14,19,12,11,17,11,16,15)
A=
1,2,37
3,5,0
5,7,36
7,9,0
9,11,0
11,13,32
12,14,22
Sij=
0,7,7,5,7,5,8,9,8,7,8,9,8,5,5
9,0,5,7,9,6,6,6,7,5,8,5,9,7,8
5,8,0,9,8,7,5,8,5,9,5,7,6,6,6
6,8,9,0,5,5,8,8,8,6,8,7,5,9,5
6,6,6,6,0,5,5,7,8,9,6,6,5,7,8
5,6,7,9,9,0,5,5,6,9,9,8,9,5,7
7,5,6,6,6,7,0,9,7,9,5,6,6,8,8
9,8,9,5,6,5,7,0,9,6,7,6,8,5,5
7,6,8,6,9,5,6,8,0,5,9,9,5,9,7
7,6,8,8,7,7,6,5,5,0,7,8,5,5,8
9,8,5,7,7,8,5,7,7,9,0,7,8,6,6
8,9,6,6,5,9,6,9,9,8,6,0,8,8,6
6,5,8,8,9,7,9,6,9,6,7,5,0,7,5
8,8,5,8,5,5,7,6,6,7,9,5,6,0,9
8,6,6,8,5,8,6,7,6,8,8,8,7,6,0
