R=15
Pi=(12,16,18,11,15,11,12,19,13,13,15,18,16,10,10)
A=
1,2,29
2,3,29
5,6,0
6,7,30
10,12,0
12,14,0
13,15,24
Sij=
0,7,5,8,9,7,7,9,8,9,7,9,8,7,7
6,0,7,7,8,8,5,9,5,8,8,5,8,6,5
8,8,0,7,9,5,6,6,8,6,5,6,8,9,5
8,8,8,0,9,7,7,5,5,5,8,8,6,7,7
6,9,8,8,0,6,8,9,5,9,9,7,6,5,8
5,6,6,5,5,0,8,7,5,9,6,5,8,5,8
7,9,5,9,9,9,0,6,6,7,8,7,6,5,7
8,8,6,6,7,6,9,0,9,7,8,5,8,9,5
5,6,7,7,8,6,7,5,0,9,8,7,6,6,9
8,7,7,9,7,9,7,5,9,0,9,6,8,9,8
6,7,8,5,9,6,6,5,5,9,0,7,8,5,7
9,8,9,5,5,5,5,9,5,6,5,0,5,8,9
7,8,6,5,7,8,9,7,9,6,6,5,0,7,8
7,8,6,9,9,9,6,6,9,5,8,8,8,0,6
6,6,9,9,7,7,8,7,7,6,6,6,8,7,0
