R=15
Pi=(13,12,12,16,14,19,11,19,15,11,19,13,10,10,14)
A=
1,2,0
2,4,25
4,6,0
6,8,0
8,10,35
9,11,24
10,12,22
Sij=
0,5,8,6,5,6,9,5,8,5,8,6,5,9,9
7,0,5,5,7,8,9,9,9,6,7,5,6,7,7
7,8,0,8,6,5,7,5,6,5,9,8,7,9,5
9,5,9,0,6,5,9,6,9,8,8,5,5,5,5
7,9,9,5,0,7,8,6,7,5,9,5,7,8,6
5,5,9,5,9,0,9,5,6,7,9,5,7,6,7
5,9,6,9,6,5,0,8,6,5,7,9,6,9,7
9,9,6,8,6,9,9,0,8,9,5,5,6,9,6
6,5,9,5,7,9,7,5,0,8,5,5,8,8,9
5,6,5,8,9,8,6,8,7,0,7,6,6,7,6
5,5,9,5,5,7,5,9,8,9,0,9,9,9,9
5,5,7,7,6,9,7,7,9,7,6,0,6,9,7
7,6,9,5,6,5,9,7,6,5,8,6,0,9,5
8,6,8,5,8,7,7,6,5,8,5,8,9,0,8
6,6,8,8,7,7,6,6,5,8,7,9,9,7,0
