R=15
Pi=(29,27,27,26,27,22,23,24,22,29,26,22,25,26,29)
A=
1,2,0
3,4,26
4,5,0
6,7,0
7,8,37
10,11,37
11,12,24
Sij=
0,10,10,11,10,10,13,10,12,14,12,10,13,13,13
10,0,12,12,11,14,12,10,13,10,11,10,13,13,12
10,10,0,10,12,14,11,12,13,14,14,10,11,10,13
12,11,11,0,10,11,14,13,13,12,13,10,13,10,12
10,10,10,11,0,14,13,11,13,11,13,13,12,10,11
12,13,10,12,12,0,12,10,13,14,14,12,14,13,11
12,12,11,10,11,10,0,13,14,13,14,12,11,11,13
14,13,12,13,14,12,10,0,14,12,13,11,12,11,11
10,11,13,10,14,14,11,14,0,11,12,11,10,13,13
10,11,10,10,11,12,14,10,12,0,13,10,11,10,13
14,13,14,13,13,11,13,12,10,12,0,11,11,12,10
12,14,12,14,13,12,14,11,12,10,11,0,14,12,10
13,14,10,13,13,12,10,12,12,12,11,11,0,10,12
10,13,14,14,10,13,13,12,11,10,12,13,14,0,12
11,14,12,14,14,13,13,10,12,13,12,14,10,10,0
