R=15
Pi=(18,19,15,14,10,10,16,14,14,17,12,15,13,15,17)
A=
1,2,0
2,3,0
3,4,0
4,5,56
6,8,41
9,11,43
12,14,53
Sij=
0,7,9,5,5,9,6,5,5,6,7,9,7,8,5
6,0,8,7,7,8,9,7,7,6,9,9,6,5,6
9,8,0,7,8,5,5,8,8,6,7,9,5,7,7
7,6,7,0,7,9,7,8,7,9,8,9,7,5,9
8,5,5,8,0,6,8,5,7,5,5,6,8,6,8
7,5,8,7,7,0,5,9,5,7,7,6,8,7,7
9,9,9,8,9,8,0,5,6,7,6,9,8,6,5
6,7,5,6,5,5,9,0,9,9,6,9,5,5,7
8,7,6,7,6,8,8,5,0,5,7,8,7,7,6
7,7,7,8,8,9,8,9,6,0,5,7,7,7,9
9,7,8,9,8,7,7,9,5,7,0,7,8,6,5
6,8,8,7,7,8,6,7,8,6,6,0,5,9,8
5,5,9,9,5,8,5,7,8,9,8,5,0,8,7
7,5,6,5,8,8,8,8,7,9,9,8,8,0,7
9,7,7,8,8,9,9,9,7,7,8,7,9,8,0
