R=15
Pi=(13,18,16,10,13,16,10,19,18,18,14,19,14,11,18)
A=
1,2,37
3,4,0
4,6,0
5,7,0
6,8,27
7,9,20
9,11,35
Sij=
0,11,10,10,10,10,14,10,12,14,14,13,10,10,12
14,0,13,12,14,10,11,14,13,14,12,14,13,10,13
11,13,0,10,12,10,10,10,14,11,10,14,12,13,13
14,10,10,0,12,10,14,12,11,11,10,11,12,14,12
10,12,11,11,0,13,12,11,11,14,10,14,14,12,10
12,12,10,12,12,0,10,13,13,12,11,12,11,11,10
11,14,10,13,10,12,0,13,13,13,12,14,10,12,13
11,14,12,10,12,11,14,0,14,10,13,14,14,14,12
10,14,13,11,11,10,14,10,0,10,11,13,14,12,13
13,12,13,12,12,10,12,13,14,0,12,14,14,10,12
13,11,13,11,13,10,13,14,13,12,0,14,12,14,11
14,10,11,12,13,10,10,13,10,12,11,0,13,14,12
14,11,12,11,10,11,11,13,13,12,10,11,0,10,14
14,10,12,10,10,11,13,14,10,11,10,10,12,0,10
11,10,10,14,11,11,14,11,10,13,11,12,14,10,0
