R=15
Pi=(13,18,16,10,13,16,10,19,18,18,14,19,14,11,18)
A=
1,2,57
3,4,0
4,6,0
5,7,0
6,8,47
7,9,40
9,11,55
Sij=
0,6,5,5,5,5,9,5,7,9,9,8,5,5,7
9,0,8,7,9,5,6,9,8,9,7,9,8,5,8
6,8,0,5,7,5,5,5,9,6,5,9,7,8,8
9,5,5,0,7,5,9,7,6,6,5,6,7,9,7
5,7,6,6,0,8,7,6,6,9,5,9,9,7,5
7,7,5,7,7,0,5,8,8,7,6,7,6,6,5
6,9,5,8,5,7,0,8,8,8,7,9,5,7,8
6,9,7,5,7,6,9,0,9,5,8,9,9,9,7
5,9,8,6,6,5,9,5,0,5,6,8,9,7,8
8,7,8,7,7,5,7,8,9,0,7,9,9,5,7
8,6,8,6,8,5,8,9,8,7,0,9,7,9,6
9,5,6,7,8,5,5,8,5,7,6,0,8,9,7
9,6,7,6,5,6,6,8,8,7,5,6,0,5,9
9,5,7,5,5,6,8,9,5,6,5,5,7,0,5
6,5,5,9,6,6,9,6,5,8,6,7,9,5,0
