R=15
Pi=(18,15,19,18,19,18,15,14,17,14,17,11,17,15,11)
A=
1,2,32
2,3,0
3,4,25
4,6,0
8,9,38
9,10,0
12,14,34
Sij=
0,10,13,10,10,12,11,11,10,11,12,14,10,10,11
12,0,13,10,10,12,14,13,11,12,12,14,12,12,13
10,11,0,14,10,13,12,13,14,10,13,14,11,12,12
11,13,10,0,10,11,10,12,13,10,14,14,10,14,13
10,12,10,14,0,14,13,14,10,13,14,11,13,13,13
12,11,10,10,12,0,10,10,13,12,13,11,12,10,12
10,10,10,13,12,14,0,13,13,13,14,12,14,13,10
10,10,13,12,11,14,10,0,14,13,14,12,14,12,12
14,11,12,11,12,12,10,13,0,13,13,10,14,10,14
13,10,12,13,12,10,13,11,10,0,13,11,11,12,10
11,11,10,13,11,11,13,11,12,10,0,11,10,10,11
12,14,11,11,14,11,11,12,11,14,11,0,12,13,12
11,14,10,10,14,14,11,12,13,12,12,14,0,10,12
13,11,11,11,10,12,14,11,11,14,12,10,13,0,14
14,11,11,13,12,10,14,13,10,10,11,10,14,14,0
