R=15
Pi=(22,26,28,21,25,21,22,29,23,23,25,28,26,20,20)
A=
1,2,29
2,3,29
5,6,0
6,7,30
10,12,0
12,14,0
13,15,24
Sij=
0,12,10,13,14,12,12,14,13,14,12,14,13,12,12
11,0,12,12,13,13,10,14,10,13,13,10,13,11,10
13,13,0,12,14,10,11,11,13,11,10,11,13,14,10
13,13,13,0,14,12,12,10,10,10,13,13,11,12,12
11,14,13,13,0,11,13,14,10,14,14,12,11,10,13
10,11,11,10,10,0,13,12,10,14,11,10,13,10,13
12,14,10,14,14,14,0,11,11,12,13,12,11,10,12
13,13,11,11,12,11,14,0,14,12,13,10,13,14,10
10,11,12,12,13,11,12,10,0,14,13,12,11,11,14
13,12,12,14,12,14,12,10,14,0,14,11,13,14,13
11,12,13,10,14,11,11,10,10,14,0,12,13,10,12
14,13,14,10,10,10,10,14,10,11,10,0,10,13,14
12,13,11,10,12,13,14,12,14,11,11,10,0,12,13
12,13,11,14,14,14,11,11,14,10,13,13,13,0,11
11,11,14,14,12,12,13,12,12,11,11,11,13,12,0
