R=20
Pi=(18,19,15,14,10,10,16,14,14,17,12,15,13,15,17,15,15,14,17,18)
A=
1,2,0
3,4,0
4,5,43
5,6,0
8,10,0
9,11,42
12,14,48
16,18,50
17,19,0
18,20,46
Sij=
0,10,11,14,13,12,13,10,10,13,13,11,12,14,10,12,12,12,11,12
12,0,14,12,13,12,14,13,14,12,10,14,13,10,10,13,11,13,10,12
10,10,0,11,13,11,13,12,10,13,12,12,10,14,10,12,12,11,13,12
12,14,14,0,14,13,14,13,10,11,12,11,14,13,11,10,11,12,10,11
10,10,14,14,0,14,11,14,10,10,12,13,12,11,12,11,13,13,10,10
12,13,12,12,11,0,12,12,12,13,13,14,13,14,11,10,12,12,12,14
14,12,13,14,13,12,0,12,14,10,12,12,13,11,10,11,13,13,12,12
13,11,12,13,11,11,10,0,14,13,10,10,14,14,10,13,10,12,13,14
13,10,13,12,12,10,11,10,0,13,13,13,13,12,14,14,13,13,12,14
12,12,13,13,14,14,14,12,12,0,13,12,14,13,14,13,14,12,10,13
10,13,14,11,11,10,10,12,13,14,0,10,11,10,13,13,10,11,10,11
13,13,13,12,14,11,10,13,14,13,13,0,10,11,12,14,12,10,13,11
11,12,14,12,10,13,12,11,12,11,10,13,0,12,13,10,12,14,12,10
10,14,11,12,10,13,14,13,13,14,10,11,12,0,12,10,13,14,13,11
12,14,11,10,13,12,14,14,10,12,10,10,14,10,0,10,13,11,10,10
13,13,11,14,13,12,12,10,12,11,12,14,11,13,13,0,14,11,13,14
13,14,11,13,13,11,13,13,10,10,12,13,13,13,13,14,0,12,11,14
12,13,10,12,11,13,13,12,14,11,11,10,13,14,12,11,10,0,12,10
12,13,10,13,11,14,14,12,13,10,12,14,11,13,11,11,11,12,0,12
14,14,10,13,14,12,14,10,13,13,11,11,12,12,11,13,10,11,14,0
