R=20
Pi=(29,27,27,26,27,22,23,24,22,29,26,22,25,26,29,22,20,21,29,21)
A=
1,2,26
2,3,0
4,5,0
5,6,32
8,9,0
9,10,0
10,11,0
11,12,22
13,14,30
18,20,20
Sij=
0,13,13,12,10,10,10,12,14,11,12,13,14,14,10,11,10,13,12,11
11,0,10,11,14,13,13,12,13,10,13,10,12,10,10,10,11,14,13,11
13,11,0,13,13,12,10,11,12,13,10,12,12,12,10,13,14,14,12,14
13,11,12,0,12,11,10,11,10,13,14,13,14,12,11,11,13,14,13,12
13,14,12,10,0,14,12,13,11,12,11,11,10,11,13,10,14,14,11,14
11,12,11,10,13,0,13,10,11,10,10,11,12,14,10,12,13,10,11,10
13,14,13,14,13,13,0,11,13,12,10,12,11,11,12,10,12,14,12,14
13,12,14,11,12,10,11,0,14,12,10,13,14,10,13,13,12,10,12,12
12,11,11,10,12,10,13,14,0,14,10,13,13,12,11,10,12,13,14,12
11,14,12,14,14,13,13,10,12,0,13,12,14,10,10,11,14,12,11,12
11,10,13,11,11,13,13,12,11,13,0,14,10,10,13,12,11,13,10,11
12,11,14,14,11,10,11,10,13,13,10,0,11,13,10,11,12,11,12,12
10,10,10,11,12,12,12,13,12,10,12,13,0,12,14,11,14,10,11,10
12,11,10,13,14,13,10,11,10,14,13,11,10,0,13,11,14,10,12,10
12,12,13,11,13,10,11,14,13,11,12,11,10,10,0,10,14,11,10,12
10,12,12,10,12,14,13,14,11,10,11,10,10,12,14,0,14,13,13,14
11,12,13,14,12,14,13,12,13,10,14,13,14,14,13,11,0,13,14,11
11,11,10,11,14,14,11,11,11,14,11,10,12,11,11,13,14,0,11,12
10,10,13,11,10,13,11,11,12,10,12,10,10,10,11,12,12,11,0,11
14,10,10,13,12,13,11,14,12,12,12,10,13,14,11,14,11,13,10,0
