R=20
Pi=(19,17,17,16,17,12,13,14,12,19,16,12,15,16,19,12,10,11,19,11)
A=
1,2,26
2,3,0
4,5,0
5,6,32
8,9,0
9,10,0
10,11,0
11,12,22
13,14,30
18,20,20
Sij=
0,8,8,7,5,5,5,7,9,6,7,8,9,9,5,6,5,8,7,6
6,0,5,6,9,8,8,7,8,5,8,5,7,5,5,5,6,9,8,6
8,6,0,8,8,7,5,6,7,8,5,7,7,7,5,8,9,9,7,9
8,6,7,0,7,6,5,6,5,8,9,8,9,7,6,6,8,9,8,7
8,9,7,5,0,9,7,8,6,7,6,6,5,6,8,5,9,9,6,9
6,7,6,5,8,0,8,5,6,5,5,6,7,9,5,7,8,5,6,5
8,9,8,9,8,8,0,6,8,7,5,7,6,6,7,5,7,9,7,9
8,7,9,6,7,5,6,0,9,7,5,8,9,5,8,8,7,5,7,7
7,6,6,5,7,5,8,9,0,9,5,8,8,7,6,5,7,8,9,7
6,9,7,9,9,8,8,5,7,0,8,7,9,5,5,6,9,7,6,7
6,5,8,6,6,8,8,7,6,8,0,9,5,5,8,7,6,8,5,6
7,6,9,9,6,5,6,5,8,8,5,0,6,8,5,6,7,6,7,7
5,5,5,6,7,7,7,8,7,5,7,8,0,7,9,6,9,5,6,5
7,6,5,8,9,8,5,6,5,9,8,6,5,0,8,6,9,5,7,5
7,7,8,6,8,5,6,9,8,6,7,6,5,5,0,5,9,6,5,7
5,7,7,5,7,9,8,9,6,5,6,5,5,7,9,0,9,8,8,9
6,7,8,9,7,9,8,7,8,5,9,8,9,9,8,6,0,8,9,6
6,6,5,6,9,9,6,6,6,9,6,5,7,6,6,8,9,0,6,7
5,5,8,6,5,8,6,6,7,5,7,5,5,5,6,7,7,6,0,6
9,5,5,8,7,8,6,9,7,7,7,5,8,9,6,9,6,8,5,0
