R=20
Pi=(22,26,28,21,25,21,22,29,23,23,25,28,26,20,20,29,21,28,27,24)
A=
1,2,0
5,6,49
6,7,53
7,8,0
8,9,0
13,15,52
14,16,0
15,17,48
16,18,0
18,20,54
Sij=
0,5,8,6,5,8,8,7,9,5,6,6,8,6,5,6,8,9,5,8
8,0,8,9,7,7,5,5,5,8,8,6,7,7,6,9,8,8,6,8
9,5,0,9,9,7,6,5,8,5,6,6,5,5,8,7,5,9,6,5
8,5,8,0,7,9,5,9,9,9,6,6,7,8,7,6,5,7,8,8
6,6,7,6,0,9,9,7,8,5,8,9,5,5,6,7,7,8,6,7
5,9,8,7,6,0,6,9,8,7,7,9,7,9,7,5,9,9,6,8
9,8,6,7,8,5,0,9,6,6,5,5,9,7,8,5,7,9,8,9
5,5,5,5,9,5,6,0,5,5,8,9,7,8,6,5,7,8,9,7
9,6,6,5,7,8,7,8,0,6,9,9,9,6,6,9,5,8,8,8
6,6,6,9,9,7,7,8,7,0,7,6,6,6,8,7,8,8,9,9
7,7,7,7,9,6,6,8,7,5,0,9,6,7,8,5,7,5,7,7
7,8,9,9,5,5,9,7,7,6,9,0,7,6,5,8,5,5,9,9
6,8,7,8,9,7,7,6,9,7,5,5,0,6,5,5,7,6,8,7
7,6,5,8,8,7,8,8,7,6,8,7,9,0,8,5,5,8,9,9
9,7,7,9,5,5,6,5,7,6,5,8,7,7,0,8,6,8,6,9
8,6,6,9,5,5,5,9,6,6,5,9,7,7,6,0,8,5,5,6
5,8,7,6,5,6,7,7,6,9,6,6,7,9,9,5,0,8,8,7
7,9,9,5,5,8,6,6,8,6,5,9,8,6,6,6,6,0,6,9
5,8,7,7,9,9,9,5,8,5,7,6,8,5,7,7,7,5,0,7
6,7,9,9,8,6,5,5,8,9,6,7,8,9,8,7,9,9,6,0
