R=20
Pi=(23,22,22,26,24,29,21,29,25,21,29,23,20,20,24,21,29,20,28,22)
A=
1,2,35
2,4,0
5,6,0
7,8,0
8,9,35
9,10,30
10,11,37
15,17,0
16,18,0
17,19,29
Sij=
0,7,8,8,6,5,7,5,6,5,9,8,7,9,5,9,5,9,6,5
9,0,6,9,8,8,5,5,5,5,7,9,9,5,7,8,6,7,5,9
5,7,0,8,6,5,5,9,5,9,9,5,6,7,9,5,7,6,7,5
9,6,9,0,6,5,8,6,5,7,9,6,9,7,9,9,6,8,6,9
9,8,9,5,0,5,6,9,6,6,5,9,5,7,9,7,5,8,5,5
8,8,9,5,6,0,5,8,9,8,6,8,7,7,6,6,7,6,5,5
9,5,5,7,5,9,0,8,9,9,9,9,9,5,5,7,7,6,9,7
7,9,7,6,6,9,7,0,7,6,9,5,6,5,9,7,6,5,8,6
9,5,8,6,8,5,8,7,0,7,6,5,8,5,8,9,8,6,6,8
8,7,7,6,6,5,8,7,9,0,9,7,9,7,9,5,5,7,9,7
8,6,8,7,5,6,6,5,9,8,0,6,6,6,9,6,9,8,6,8
7,6,9,7,9,8,9,7,8,9,5,0,7,6,8,8,7,7,5,5
7,5,9,9,8,9,8,7,6,9,5,9,0,6,9,8,6,6,8,8
9,9,5,9,8,6,9,6,9,7,7,7,8,0,9,8,8,8,7,7
6,8,5,5,8,7,7,5,9,7,8,6,7,8,0,8,6,6,7,6
6,7,9,7,8,9,9,7,6,9,7,5,5,8,9,0,7,5,8,8
7,6,5,6,5,8,6,6,5,8,9,8,7,6,6,6,0,9,6,5
7,5,8,9,5,5,7,6,7,8,7,5,8,8,7,5,9,0,5,6
9,9,7,8,9,8,7,6,9,9,9,7,9,5,5,6,7,8,0,6
5,5,7,6,9,7,7,7,6,9,5,6,6,6,8,7,6,9,7,0
