R=20
Pi=(23,28,26,20,23,26,20,29,28,28,24,29,24,21,28,24,28,23,28,20)
A=
1,2,49
3,4,0
4,5,0
5,7,0
8,9,58
9,10,0
11,13,0
12,14,56
13,15,58
16,18,53
Sij=
0,6,8,5,7,5,5,5,9,6,5,9,7,8,8,9,5,5,7,5
9,0,7,6,6,5,6,7,9,7,5,7,6,6,8,7,6,6,9,5
9,9,0,7,5,7,7,5,7,7,5,8,8,7,6,7,6,6,5,6
9,5,8,0,5,7,8,8,8,7,9,5,7,8,6,9,7,5,7,6
9,9,5,8,0,9,9,9,7,5,9,8,6,6,5,9,5,5,6,8
9,7,8,8,7,0,8,7,7,5,7,8,9,7,9,9,5,7,8,6
8,6,8,5,8,9,0,8,7,9,7,9,6,9,5,6,7,8,5,5
8,5,7,6,8,9,7,0,9,6,7,6,5,6,6,8,8,7,5,6
5,9,9,5,7,5,5,6,0,8,9,5,6,5,5,7,5,6,5,5
9,6,6,9,6,5,8,6,7,0,9,5,7,9,7,7,5,5,8,5
5,6,7,8,8,5,5,5,5,5,0,9,6,7,7,6,5,5,9,5
7,9,9,8,8,6,7,7,6,9,8,0,9,6,6,6,5,8,6,7
7,9,5,9,7,6,7,7,8,9,7,6,0,6,6,5,5,5,5,7
9,6,5,8,9,6,6,5,8,5,5,6,7,0,8,7,6,6,7,5
6,6,5,9,8,7,8,8,6,8,5,5,5,9,0,6,7,6,7,5
5,8,5,6,9,7,7,7,9,7,9,9,9,8,5,0,9,6,8,7
6,5,6,7,5,6,7,9,5,7,6,6,6,9,5,6,0,6,5,5
6,7,6,9,8,5,7,9,6,7,5,5,9,9,8,5,5,0,9,5
5,9,7,8,7,5,7,6,7,9,9,7,8,8,6,7,5,5,0,5
7,6,7,7,5,6,5,6,7,7,7,9,5,6,5,5,5,8,8,0
