R=20
Pi=(24,24,20,24,22,24,29,29,20,25,29,24,28,21,22,26,26,25,29,27)
A=
1,2,45
2,3,58
3,4,0
4,5,0
5,6,45
6,7,0
7,8,51
8,9,0
9,13,0
14,15,57
Sij=
0,14,14,13,13,14,13,10,10,12,13,11,10,10,10,13,14,11,13,13
11,0,12,14,14,10,11,13,14,13,13,12,11,12,11,13,13,14,11,13
11,12,0,11,12,10,13,11,14,11,11,10,11,14,11,12,13,11,10,10
13,12,11,0,14,11,12,14,11,14,14,12,12,13,12,13,12,11,10,14
13,10,14,11,0,11,12,13,11,13,10,14,12,11,12,14,13,11,14,13
14,10,10,12,11,0,14,13,14,11,13,11,13,11,13,11,11,14,14,10
14,11,13,10,11,11,0,10,12,11,14,14,14,11,12,13,10,14,12,13
12,11,13,13,11,12,11,0,11,12,13,14,11,14,14,11,10,11,10,10
14,10,10,12,11,14,12,14,0,14,10,13,12,12,13,10,11,13,11,13
11,12,14,10,12,13,12,13,14,0,10,10,12,11,14,14,13,13,12,14
11,14,14,13,12,10,14,11,11,12,0,13,12,12,14,13,13,12,14,14
12,14,14,11,12,13,14,13,11,12,13,0,10,12,14,14,14,13,12,13
12,14,13,12,10,10,10,12,13,13,13,10,0,11,14,13,14,14,12,13
11,14,13,12,13,13,13,12,11,13,12,14,14,0,11,13,11,10,14,12
13,10,12,10,10,10,12,11,12,10,14,10,14,12,0,10,10,14,14,12
10,14,12,13,14,14,10,13,13,14,12,12,13,10,12,0,13,13,14,13
12,11,10,11,10,11,12,13,13,12,14,10,14,11,12,13,0,12,11,11
12,11,10,12,13,12,14,13,10,10,12,14,12,11,10,12,10,0,10,12
11,12,12,11,12,11,14,13,12,10,10,11,14,11,11,11,12,11,0,14
11,13,10,12,11,13,11,12,11,14,14,14,11,13,10,14,14,10,10,0
