R=20
Pi=(29,21,23,22,28,25,24,24,29,22,21,27,21,26,25,20,22,29,28,24)
A=
1,2,32
2,3,0
3,4,22
4,5,0
5,6,33
7,8,0
8,9,0
10,13,0
14,16,28
16,18,30
Sij=
0,8,5,8,9,8,7,5,8,5,9,5,7,6,6,6,6,8,9,5
5,0,8,8,8,6,8,7,5,9,5,6,6,6,6,5,5,7,8,9
6,6,0,5,7,8,5,6,7,9,9,5,5,6,9,9,8,9,5,7
7,5,6,0,6,6,7,9,7,9,5,6,6,8,8,9,8,9,5,6
5,7,9,6,0,7,6,8,5,5,7,6,8,6,9,5,6,8,5,9
9,5,9,7,7,0,6,8,8,7,7,6,5,5,7,8,5,5,8,9
8,5,7,7,8,5,0,7,7,9,7,8,6,6,8,9,6,6,5,9
6,9,9,8,6,8,8,0,6,6,5,8,8,9,7,9,6,9,6,7
5,7,5,8,8,5,8,5,0,5,7,6,6,7,9,5,6,9,8,6
6,8,5,8,6,7,6,8,8,0,8,7,6,9,9,8,5,6,6,6
5,7,7,8,7,9,9,8,6,9,0,9,6,9,8,7,5,9,9,9
8,6,7,7,5,6,8,5,6,6,9,0,9,8,5,8,7,9,8,5
7,8,6,9,5,9,8,7,7,8,6,9,0,8,5,7,7,5,8,9
7,7,9,8,8,6,7,9,5,5,6,5,8,0,7,8,7,6,7,7
6,8,6,8,5,7,5,7,5,8,6,8,7,9,0,5,6,8,7,9
8,7,8,9,7,7,6,8,8,7,9,8,6,9,8,0,6,6,5,8
9,6,7,8,6,5,9,7,8,6,8,6,5,9,6,9,0,9,8,8
8,6,8,9,6,5,5,5,5,8,9,7,8,5,9,8,8,0,5,8
6,8,8,9,7,6,5,5,9,9,5,5,8,7,7,6,7,5,0,7
6,8,6,5,9,9,8,9,9,5,5,6,8,9,5,7,5,5,6,0
