R=20
Pi=(17,14,11,19,11,13,18,14,12,10,17,10,10,15,13,12,17,12,17,10)
A=
1,2,0
2,3,33
4,6,0
6,8,0
10,12,25
13,15,20
14,16,0
15,17,32
16,18,0
18,20,28
Sij=
0,5,6,8,9,6,7,5,8,9,9,5,7,7,9,7,8,5,9,5
9,0,8,6,8,5,7,8,5,6,9,6,7,9,8,6,8,6,7,5
9,8,0,7,5,8,5,6,9,9,8,5,7,9,8,6,6,8,8,7
7,6,8,0,7,8,9,8,7,6,8,6,6,5,5,9,9,6,7,7
8,8,9,8,0,8,6,6,7,6,8,7,7,7,9,9,9,9,5,6
8,6,9,7,5,0,5,7,6,9,6,9,9,5,9,5,5,8,8,7
5,5,7,7,6,9,0,8,6,8,6,6,6,5,8,5,8,6,9,6
8,8,5,9,6,6,6,0,8,7,8,7,9,5,6,6,5,5,5,9
7,8,6,9,9,9,8,9,0,9,6,9,5,8,6,7,9,8,9,5
6,5,9,5,5,7,6,7,5,0,9,8,7,9,8,7,6,7,7,9
6,5,8,6,7,7,8,8,8,8,0,8,7,7,6,9,9,8,7,7
5,6,7,7,7,5,6,8,9,6,6,0,9,9,7,9,7,5,7,9
7,7,7,9,7,9,7,7,5,5,9,9,0,8,8,5,6,7,9,7
5,5,5,9,8,6,6,8,8,5,8,9,9,0,6,8,5,9,8,7
5,7,9,7,6,7,9,7,8,6,9,5,6,8,0,7,6,8,6,8
9,7,5,6,9,7,7,6,5,7,9,8,5,8,5,0,8,5,6,8
9,6,8,8,8,6,8,9,6,5,6,9,5,8,6,8,0,9,9,6
5,5,9,5,9,5,8,8,9,7,5,9,7,5,5,7,6,0,5,8
7,9,6,7,5,5,8,7,9,9,8,9,6,8,8,5,7,5,0,5
9,8,9,8,8,6,6,6,8,9,9,5,9,8,5,7,7,9,7,0
