R=20
Pi=(14,14,10,14,12,14,19,19,10,15,19,14,18,11,12,16,16,15,19,17)
A=
1,2,45
2,3,58
3,4,0
4,5,0
5,6,45
6,7,0
7,8,51
8,9,0
9,13,0
14,15,57
Sij=
0,9,9,8,8,9,8,5,5,7,8,6,5,5,5,8,9,6,8,8
6,0,7,9,9,5,6,8,9,8,8,7,6,7,6,8,8,9,6,8
6,7,0,6,7,5,8,6,9,6,6,5,6,9,6,7,8,6,5,5
8,7,6,0,9,6,7,9,6,9,9,7,7,8,7,8,7,6,5,9
8,5,9,6,0,6,7,8,6,8,5,9,7,6,7,9,8,6,9,8
9,5,5,7,6,0,9,8,9,6,8,6,8,6,8,6,6,9,9,5
9,6,8,5,6,6,0,5,7,6,9,9,9,6,7,8,5,9,7,8
7,6,8,8,6,7,6,0,6,7,8,9,6,9,9,6,5,6,5,5
9,5,5,7,6,9,7,9,0,9,5,8,7,7,8,5,6,8,6,8
6,7,9,5,7,8,7,8,9,0,5,5,7,6,9,9,8,8,7,9
6,9,9,8,7,5,9,6,6,7,0,8,7,7,9,8,8,7,9,9
7,9,9,6,7,8,9,8,6,7,8,0,5,7,9,9,9,8,7,8
7,9,8,7,5,5,5,7,8,8,8,5,0,6,9,8,9,9,7,8
6,9,8,7,8,8,8,7,6,8,7,9,9,0,6,8,6,5,9,7
8,5,7,5,5,5,7,6,7,5,9,5,9,7,0,5,5,9,9,7
5,9,7,8,9,9,5,8,8,9,7,7,8,5,7,0,8,8,9,8
7,6,5,6,5,6,7,8,8,7,9,5,9,6,7,8,0,7,6,6
7,6,5,7,8,7,9,8,5,5,7,9,7,6,5,7,5,0,5,7
6,7,7,6,7,6,9,8,7,5,5,6,9,6,6,6,7,6,0,9
6,8,5,7,6,8,6,7,6,9,9,9,6,8,5,9,9,5,5,0
