R=20
Pi=(18,15,19,18,19,18,15,14,17,14,17,11,17,15,11,17,13,17,18,16)
A=
1,2,0
4,5,28
5,6,0
6,7,34
8,9,0
9,10,22
13,15,0
15,17,0
16,18,39
18,20,36
Sij=
0,7,7,8,5,6,9,5,8,7,8,9,5,8,9,6,7,7,6,8
5,0,5,6,5,7,8,5,9,9,5,9,8,5,7,5,9,9,8,9
5,8,0,9,6,8,8,8,7,6,5,5,7,5,5,8,7,8,6,7
5,7,5,0,5,5,8,7,9,8,8,8,9,7,9,8,5,5,5,8
7,6,9,5,0,9,8,9,7,9,7,7,9,6,7,6,7,7,5,8
8,8,5,9,5,0,9,8,5,7,8,7,5,8,6,5,8,6,6,7
5,6,6,5,8,6,0,6,8,6,7,5,6,5,5,6,7,9,6,6
9,6,6,7,6,9,6,0,7,8,7,6,9,5,5,9,9,6,7,8
7,7,9,5,7,8,6,6,0,6,5,7,9,6,6,9,7,5,8,9
9,6,6,8,7,5,9,8,5,0,5,6,5,9,9,6,9,8,9,5
9,8,9,7,9,7,6,8,5,7,0,5,8,9,5,6,8,7,5,8
6,9,7,5,6,5,5,9,7,5,5,0,7,5,7,5,9,6,9,8
7,6,6,7,9,5,5,7,7,9,7,5,0,8,8,9,8,6,7,7
8,6,8,7,8,8,5,9,9,5,8,6,5,0,8,8,8,7,9,7
8,9,6,8,8,5,5,9,6,9,5,8,9,7,0,9,6,6,9,9
8,9,8,6,5,7,8,7,7,7,9,9,7,9,8,0,9,7,7,8
9,6,8,8,9,9,9,6,9,9,5,7,7,8,8,6,0,7,9,8
6,6,5,7,7,7,6,9,8,9,5,8,6,8,8,9,7,0,5,5
9,7,5,5,8,8,6,9,7,5,9,8,6,9,9,6,7,9,0,8
5,6,7,9,5,6,9,6,9,8,8,9,5,5,7,9,5,5,5,0
