R=20
Pi=(18,19,15,14,10,10,16,14,14,17,12,15,13,15,17,15,15,14,17,18)
A=
1,2,0
3,4,0
4,5,43
5,6,0
8,10,0
9,11,42
12,14,48
16,18,50
17,19,0
18,20,46
Sij=
0,5,6,9,8,7,8,5,5,8,8,6,7,9,5,7,7,7,6,7
7,0,9,7,8,7,9,8,9,7,5,9,8,5,5,8,6,8,5,7
5,5,0,6,8,6,8,7,5,8,7,7,5,9,5,7,7,6,8,7
7,9,9,0,9,8,9,8,5,6,7,6,9,8,6,5,6,7,5,6
5,5,9,9,0,9,6,9,5,5,7,8,7,6,7,6,8,8,5,5
7,8,7,7,6,0,7,7,7,8,8,9,8,9,6,5,7,7,7,9
9,7,8,9,8,7,0,7,9,5,7,7,8,6,5,6,8,8,7,7
8,6,7,8,6,6,5,0,9,8,5,5,9,9,5,8,5,7,8,9
8,5,8,7,7,5,6,5,0,8,8,8,8,7,9,9,8,8,7,9
7,7,8,8,9,9,9,7,7,0,8,7,9,8,9,8,9,7,5,8
5,8,9,6,6,5,5,7,8,9,0,5,6,5,8,8,5,6,5,6
8,8,8,7,9,6,5,8,9,8,8,0,5,6,7,9,7,5,8,6
6,7,9,7,5,8,7,6,7,6,5,8,0,7,8,5,7,9,7,5
5,9,6,7,5,8,9,8,8,9,5,6,7,0,7,5,8,9,8,6
7,9,6,5,8,7,9,9,5,7,5,5,9,5,0,5,8,6,5,5
8,8,6,9,8,7,7,5,7,6,7,9,6,8,8,0,9,6,8,9
8,9,6,8,8,6,8,8,5,5,7,8,8,8,8,9,0,7,6,9
7,8,5,7,6,8,8,7,9,6,6,5,8,9,7,6,5,0,7,5
7,8,5,8,6,9,9,7,8,5,7,9,6,8,6,6,6,7,0,7
9,9,5,8,9,7,9,5,8,8,6,6,7,7,6,8,5,6,9,0
