R=20
Pi=(18,15,19,18,19,18,15,14,17,14,17,11,17,15,11,17,13,17,18,16)
A=
1,2,0
4,5,48
5,6,0
6,7,54
8,9,0
9,10,42
13,15,0
15,17,0
16,18,59
18,20,56
Sij=
0,12,12,13,10,11,14,10,13,12,13,14,10,13,14,11,12,12,11,13
10,0,10,11,10,12,13,10,14,14,10,14,13,10,12,10,14,14,13,14
10,13,0,14,11,13,13,13,12,11,10,10,12,10,10,13,12,13,11,12
10,12,10,0,10,10,13,12,14,13,13,13,14,12,14,13,10,10,10,13
12,11,14,10,0,14,13,14,12,14,12,12,14,11,12,11,12,12,10,13
13,13,10,14,10,0,14,13,10,12,13,12,10,13,11,10,13,11,11,12
10,11,11,10,13,11,0,11,13,11,12,10,11,10,10,11,12,14,11,11
14,11,11,12,11,14,11,0,12,13,12,11,14,10,10,14,14,11,12,13
12,12,14,10,12,13,11,11,0,11,10,12,14,11,11,14,12,10,13,14
14,11,11,13,12,10,14,13,10,0,10,11,10,14,14,11,14,13,14,10
14,13,14,12,14,12,11,13,10,12,0,10,13,14,10,11,13,12,10,13
11,14,12,10,11,10,10,14,12,10,10,0,12,10,12,10,14,11,14,13
12,11,11,12,14,10,10,12,12,14,12,10,0,13,13,14,13,11,12,12
13,11,13,12,13,13,10,14,14,10,13,11,10,0,13,13,13,12,14,12
13,14,11,13,13,10,10,14,11,14,10,13,14,12,0,14,11,11,14,14
13,14,13,11,10,12,13,12,12,12,14,14,12,14,13,0,14,12,12,13
14,11,13,13,14,14,14,11,14,14,10,12,12,13,13,11,0,12,14,13
11,11,10,12,12,12,11,14,13,14,10,13,11,13,13,14,12,0,10,10
14,12,10,10,13,13,11,14,12,10,14,13,11,14,14,11,12,14,0,13
10,11,12,14,10,11,14,11,14,13,13,14,10,10,12,14,10,10,10,0
