R=25
Pi=(19,11,13,12,18,15,14,14,19,12,11,17,11,16,15,10,12,19,18,14,18,18,13,18,14)
A=
1,2,51
2,3,0
4,5,58
5,6,0
7,9,45
9,11,0
11,13,0
14,16,48
17,19,0
18,20,0
20,22,47
22,24,42
Sij=
0,10,13,13,13,11,13,12,10,14,10,11,11,11,11,10,10,12,13,14,11,11,10,12,13
10,0,11,12,14,14,10,10,11,14,14,13,14,10,12,12,10,11,11,11,12,14,12,14,10
11,11,0,13,13,14,13,14,10,11,10,12,14,11,12,11,13,10,10,12,11,13,11,14,10
11,13,10,0,14,14,10,14,12,12,11,13,13,12,12,11,10,10,12,13,10,10,13,14,13
10,12,12,13,0,10,12,12,14,12,13,11,11,13,14,11,11,10,14,11,14,14,13,11,13
13,11,11,10,13,0,13,14,12,14,11,14,11,12,10,12,10,13,13,10,13,10,10,12,11
11,12,14,10,11,14,0,13,11,11,13,10,13,11,12,11,13,13,13,12,11,14,14,13,10
11,11,11,10,12,12,13,0,12,14,14,13,11,14,14,11,14,13,12,10,14,14,14,13,11
12,12,10,11,13,10,11,11,0,14,14,13,10,13,12,14,13,10,12,13,11,14,10,14,13
12,12,13,11,14,13,10,12,12,0,10,13,14,12,12,14,13,13,11,12,14,10,10,11,10
13,12,13,12,11,12,12,11,13,11,0,13,10,12,10,12,10,13,11,13,12,14,10,11,13
12,14,13,12,13,14,12,12,11,13,13,0,12,14,13,11,14,13,11,11,10,13,14,11,12
13,11,10,14,12,13,11,13,11,10,14,11,0,14,14,13,13,13,11,13,14,11,10,10,10
10,13,14,12,13,10,14,13,13,10,13,11,13,0,13,14,12,11,10,10,14,14,10,10,13
12,12,11,12,10,12,11,13,11,10,14,14,13,14,0,14,10,10,11,13,14,10,12,10,10
11,11,12,11,14,10,11,14,13,11,14,11,14,12,12,0,10,14,10,14,13,13,14,13,12
11,10,13,12,12,10,12,10,12,10,10,14,10,14,13,10,0,13,14,11,12,14,12,11,13
13,12,10,10,12,11,11,12,12,14,10,14,12,13,12,12,13,0,13,14,13,12,12,10,14
12,14,10,14,13,11,12,13,13,10,13,14,10,12,12,10,14,13,0,12,11,13,13,13,14
11,14,13,11,13,12,11,11,12,10,13,13,11,12,13,10,11,12,10,0,11,14,13,11,11
11,13,14,13,14,14,10,13,11,10,12,14,12,11,10,11,14,12,12,14,0,14,13,14,11
14,11,14,11,13,11,10,13,12,12,14,14,13,12,12,13,10,14,12,10,14,0,14,13,14
11,14,12,12,10,12,12,12,13,12,13,12,14,13,10,14,10,14,11,14,11,10,0,12,11
10,14,14,14,11,13,12,10,13,10,10,13,13,12,12,10,10,12,10,11,13,14,13,0,11
13,12,10,14,12,13,12,10,11,11,11,11,12,12,10,14,10,13,14,13,13,11,11,12,0
