R=25
Pi=(12,16,18,11,15,11,12,19,13,13,15,18,16,10,10,19,11,18,17,14,12,15,14,10,19)
A=
1,2,37
5,6,0
6,7,0
9,10,0
10,11,0
11,12,0
13,16,36
17,18,0
18,19,31
20,21,26
22,24,33
23,25,21
Sij=
0,10,10,13,13,11,12,12,11,14,13,13,11,13,14,10,14,14,12,11,10,13,10,11,11
10,0,10,13,12,10,14,11,10,13,10,13,12,14,10,14,14,14,11,11,12,13,12,11,10
12,13,0,13,11,11,12,11,14,14,12,13,10,13,14,10,10,11,12,12,13,11,12,10,14
13,12,11,0,11,14,13,12,12,14,12,14,12,10,14,14,11,13,14,13,11,12,13,10,14
11,11,10,10,0,14,12,13,10,12,14,13,14,10,10,10,10,14,10,11,10,10,13,14,12
13,11,10,12,13,0,14,12,14,11,11,10,12,13,12,13,11,14,14,14,11,11,14,10,13
13,13,11,11,11,14,0,14,12,12,13,12,12,11,11,11,13,12,13,13,14,14,12,12,12
12,14,11,11,13,12,10,0,14,11,12,13,10,12,10,12,12,12,13,14,14,10,10,14,12
12,11,14,12,11,10,13,10,0,10,14,14,11,13,12,13,14,12,12,11,14,12,10,10,11
10,10,12,11,13,12,12,11,10,0,13,13,12,13,13,12,11,13,12,14,13,10,10,13,14
14,14,12,12,14,10,10,11,10,12,0,11,10,13,12,12,13,11,13,11,14,13,11,11,14
10,10,10,14,11,11,10,14,12,12,11,0,13,10,10,11,10,13,12,11,10,11,12,12,11
14,11,11,12,14,14,10,13,13,12,12,14,0,14,10,10,13,11,11,13,11,10,14,13,11
11,11,11,11,14,10,13,12,12,14,14,14,10,0,13,10,12,11,13,10,12,12,12,10,12
11,12,14,14,13,11,10,10,13,14,11,12,13,14,0,13,12,14,14,11,14,10,10,13,13
11,10,14,11,14,10,13,13,10,13,10,11,11,13,13,0,11,14,14,11,10,12,12,14,12
10,12,12,13,10,11,11,10,13,11,13,13,11,13,10,12,0,11,12,12,14,14,12,11,11
10,10,10,11,14,13,11,13,11,12,11,11,12,10,13,13,12,0,14,12,14,10,10,14,10
13,14,13,14,10,14,12,13,10,11,13,10,11,10,11,10,10,14,0,11,13,12,14,14,11
14,13,12,14,14,11,10,14,10,14,12,14,14,11,13,11,14,13,10,0,11,11,13,12,11
12,12,14,11,14,11,13,14,14,12,10,11,12,13,13,14,10,14,14,11,0,12,11,10,14
10,14,13,13,13,13,14,10,10,10,11,11,12,14,10,14,11,13,10,11,10,0,11,14,11
14,11,10,12,13,11,14,11,12,10,10,14,12,14,11,10,13,14,10,11,11,12,0,11,11
14,10,10,14,11,13,13,14,10,12,13,11,13,12,12,14,11,10,14,12,14,10,11,0,11
11,10,13,10,10,12,14,12,10,14,12,13,11,14,10,13,11,10,13,14,10,14,12,10,0
