R=25
Pi=(14,14,10,14,12,14,19,19,10,15,19,14,18,11,12,16,16,15,19,17,10,10,15,11,15)
A=
1,2,56
5,7,50
6,8,0
7,9,51
8,10,0
9,11,0
10,12,47
11,13,0
12,14,41
14,16,0
16,18,0
21,23,55
Sij=
0,11,12,14,14,10,11,13,14,13,13,12,11,12,11,13,13,14,11,13,11,12,11,12,10
13,0,11,14,11,11,10,11,14,11,12,13,11,10,10,13,12,11,14,11,12,14,11,14,14
12,12,0,13,12,13,12,11,10,14,13,10,14,11,11,12,13,11,13,10,14,12,11,12,14
13,11,14,0,13,14,10,10,12,11,14,13,14,11,13,11,13,11,13,11,11,14,14,10,14
11,13,10,11,0,11,10,12,11,14,14,14,11,12,13,10,14,12,13,12,11,13,13,11,12
11,11,12,13,14,0,11,14,14,11,10,11,10,10,14,10,10,12,11,14,12,14,14,10,13
12,12,13,10,11,13,0,11,13,11,12,14,10,12,13,12,13,14,10,10,12,11,14,14,13
13,12,14,11,14,14,13,0,12,10,14,11,11,12,13,12,12,14,13,13,12,14,14,12,14
14,11,12,13,14,13,11,12,0,13,10,12,14,14,14,13,12,13,12,14,13,12,10,10,10
12,13,13,13,10,11,14,13,14,0,14,12,13,11,14,13,12,13,13,13,12,11,13,12,14
14,11,13,11,10,14,12,13,10,12,0,10,10,10,12,11,12,10,14,10,14,12,10,10,14
14,12,10,14,12,13,14,14,10,13,13,0,14,12,12,13,10,12,13,13,14,13,12,11,10
11,10,11,12,13,13,12,14,10,14,11,12,0,13,12,11,11,12,11,10,12,13,12,14,13
10,10,12,14,12,11,10,12,10,10,12,11,12,0,12,11,12,11,14,13,12,10,10,11,14
11,11,11,12,11,14,11,13,10,12,11,13,11,12,0,11,14,14,14,11,13,10,14,14,10
10,13,10,14,13,11,12,10,13,12,12,11,10,13,10,0,11,13,13,10,14,10,13,11,13
12,14,13,11,13,12,14,12,11,10,12,13,13,12,10,13,0,10,10,14,13,10,10,14,11
13,10,10,11,13,10,10,12,11,12,11,13,13,11,12,11,12,0,14,14,14,11,11,12,11
13,11,14,10,13,12,12,12,10,12,12,12,12,13,14,11,10,14,0,12,11,10,11,10,13
13,13,10,11,10,14,10,11,12,13,12,11,11,14,13,14,14,14,12,0,10,14,14,13,14
10,13,13,11,14,11,10,12,11,11,11,10,11,11,11,10,12,10,10,13,0,10,12,14,10
11,12,11,11,13,14,13,14,14,11,10,12,11,13,12,11,12,10,10,10,13,0,13,12,13
12,12,13,14,14,10,13,12,13,12,14,11,14,14,13,11,12,12,11,10,10,14,0,14,13
13,13,11,10,12,14,12,13,10,13,13,11,11,13,10,14,12,13,13,13,14,10,11,0,13
11,13,12,10,12,11,12,13,12,14,11,10,14,12,14,14,10,11,11,11,10,11,10,13,0
