R=25
Pi=(17,14,11,19,11,13,18,14,12,10,17,10,10,15,13,12,17,12,17,10,10,13,13,17,18)
A=
1,2,40
3,5,41
6,7,51
7,8,0
8,9,0
10,12,0
17,19,48
18,20,0
19,21,0
20,22,43
22,24,0
23,25,55
Sij=
0,11,13,10,12,13,10,11,14,11,12,14,13,11,13,11,12,10,14,13,12,10,13,10,11
14,0,14,13,10,12,14,13,11,11,13,13,12,12,11,13,12,13,14,13,12,11,13,11,11
10,10,0,14,14,11,12,12,13,13,14,13,13,11,11,12,11,13,12,12,12,14,14,14,14
10,11,13,0,11,14,12,10,10,12,11,14,11,14,14,10,14,10,10,13,13,12,10,10,12
12,11,14,13,0,11,13,11,11,11,10,13,10,13,11,14,11,13,13,10,14,11,11,11,13
12,13,12,14,10,0,11,11,10,10,10,14,12,13,11,14,14,14,13,14,14,11,14,10,13
11,12,14,13,14,10,0,11,10,14,10,10,12,11,12,10,14,13,12,14,13,12,11,12,12
14,11,10,13,11,12,12,0,13,13,13,13,13,12,12,11,14,14,13,12,12,10,11,12,12
12,10,11,13,14,11,11,14,0,14,12,14,12,10,12,14,12,12,12,14,12,14,12,12,10
10,14,14,13,13,10,11,12,14,0,12,10,10,10,14,13,11,11,13,13,10,13,14,14,11
13,10,14,13,12,10,12,14,12,11,0,12,14,12,13,11,14,10,11,13,12,11,13,11,13
14,12,10,11,14,12,12,11,10,12,14,0,13,10,13,10,13,10,11,13,14,11,13,13,13
11,13,14,11,10,11,14,10,13,11,13,14,0,14,11,10,10,14,10,14,10,13,13,14,12
10,14,12,10,10,12,11,10,13,12,14,11,12,0,10,10,13,12,14,14,13,14,11,13,13
10,12,10,10,14,13,14,13,13,11,11,11,13,14,0,14,10,14,13,10,12,12,14,12,13
10,10,12,14,13,11,13,14,10,14,14,13,11,10,11,0,10,12,10,12,11,14,14,10,13
14,13,13,10,10,11,11,11,14,11,10,13,11,14,14,12,0,12,11,10,14,14,11,14,13
11,10,14,11,11,11,14,10,10,14,10,14,12,12,13,14,13,0,13,13,14,10,12,14,13
10,14,13,12,14,10,13,12,14,14,14,10,11,14,14,13,12,14,0,13,11,14,10,10,10
13,11,11,11,13,14,13,14,11,11,10,12,12,11,11,14,11,12,14,0,12,13,13,12,13
13,14,12,10,13,12,13,10,14,13,14,13,14,11,14,10,11,14,14,10,0,14,12,11,10
13,14,10,11,10,12,11,14,13,13,13,14,11,13,10,13,12,14,12,14,12,0,13,14,14
13,14,11,13,13,12,13,10,13,11,11,14,12,12,14,11,12,14,14,11,13,14,0,14,12
14,10,12,14,14,12,13,10,10,11,13,11,11,12,10,11,14,12,11,14,11,11,11,0,10
14,11,11,12,14,12,10,13,10,13,14,13,14,13,11,11,13,11,14,10,14,13,10,14,0
