R=25
Pi=(12,16,18,11,15,11,12,19,13,13,15,18,16,10,10,19,11,18,17,14,12,15,14,10,19)
A=
1,2,57
5,6,0
6,7,0
9,10,0
10,11,0
11,12,0
13,16,56
17,18,0
18,19,51
20,21,46
22,24,53
23,25,41
Sij=
0,5,5,8,8,6,7,7,6,9,8,8,6,8,9,5,9,9,7,6,5,8,5,6,6
5,0,5,8,7,5,9,6,5,8,5,8,7,9,5,9,9,9,6,6,7,8,7,6,5
7,8,0,8,6,6,7,6,9,9,7,8,5,8,9,5,5,6,7,7,8,6,7,5,9
8,7,6,0,6,9,8,7,7,9,7,9,7,5,9,9,6,8,9,8,6,7,8,5,9
6,6,5,5,0,9,7,8,5,7,9,8,9,5,5,5,5,9,5,6,5,5,8,9,7
8,6,5,7,8,0,9,7,9,6,6,5,7,8,7,8,6,9,9,9,6,6,9,5,8
8,8,6,6,6,9,0,9,7,7,8,7,7,6,6,6,8,7,8,8,9,9,7,7,7
7,9,6,6,8,7,5,0,9,6,7,8,5,7,5,7,7,7,8,9,9,5,5,9,7
7,6,9,7,6,5,8,5,0,5,9,9,6,8,7,8,9,7,7,6,9,7,5,5,6
5,5,7,6,8,7,7,6,5,0,8,8,7,8,8,7,6,8,7,9,8,5,5,8,9
9,9,7,7,9,5,5,6,5,7,0,6,5,8,7,7,8,6,8,6,9,8,6,6,9
5,5,5,9,6,6,5,9,7,7,6,0,8,5,5,6,5,8,7,6,5,6,7,7,6
9,6,6,7,9,9,5,8,8,7,7,9,0,9,5,5,8,6,6,8,6,5,9,8,6
6,6,6,6,9,5,8,7,7,9,9,9,5,0,8,5,7,6,8,5,7,7,7,5,7
6,7,9,9,8,6,5,5,8,9,6,7,8,9,0,8,7,9,9,6,9,5,5,8,8
6,5,9,6,9,5,8,8,5,8,5,6,6,8,8,0,6,9,9,6,5,7,7,9,7
5,7,7,8,5,6,6,5,8,6,8,8,6,8,5,7,0,6,7,7,9,9,7,6,6
5,5,5,6,9,8,6,8,6,7,6,6,7,5,8,8,7,0,9,7,9,5,5,9,5
8,9,8,9,5,9,7,8,5,6,8,5,6,5,6,5,5,9,0,6,8,7,9,9,6
9,8,7,9,9,6,5,9,5,9,7,9,9,6,8,6,9,8,5,0,6,6,8,7,6
7,7,9,6,9,6,8,9,9,7,5,6,7,8,8,9,5,9,9,6,0,7,6,5,9
5,9,8,8,8,8,9,5,5,5,6,6,7,9,5,9,6,8,5,6,5,0,6,9,6
9,6,5,7,8,6,9,6,7,5,5,9,7,9,6,5,8,9,5,6,6,7,0,6,6
9,5,5,9,6,8,8,9,5,7,8,6,8,7,7,9,6,5,9,7,9,5,6,0,6
6,5,8,5,5,7,9,7,5,9,7,8,6,9,5,8,6,5,8,9,5,9,7,5,0
