R=25
Pi=(27,24,21,29,21,23,28,24,22,20,27,20,20,25,23,22,27,22,27,20,20,23,23,27,28)
A=
1,2,40
3,5,41
6,7,51
7,8,0
8,9,0
10,12,0
17,19,48
18,20,0
19,21,0
20,22,43
22,24,0
23,25,55
Sij=
0,6,8,5,7,8,5,6,9,6,7,9,8,6,8,6,7,5,9,8,7,5,8,5,6
9,0,9,8,5,7,9,8,6,6,8,8,7,7,6,8,7,8,9,8,7,6,8,6,6
5,5,0,9,9,6,7,7,8,8,9,8,8,6,6,7,6,8,7,7,7,9,9,9,9
5,6,8,0,6,9,7,5,5,7,6,9,6,9,9,5,9,5,5,8,8,7,5,5,7
7,6,9,8,0,6,8,6,6,6,5,8,5,8,6,9,6,8,8,5,9,6,6,6,8
7,8,7,9,5,0,6,6,5,5,5,9,7,8,6,9,9,9,8,9,9,6,9,5,8
6,7,9,8,9,5,0,6,5,9,5,5,7,6,7,5,9,8,7,9,8,7,6,7,7
9,6,5,8,6,7,7,0,8,8,8,8,8,7,7,6,9,9,8,7,7,5,6,7,7
7,5,6,8,9,6,6,9,0,9,7,9,7,5,7,9,7,7,7,9,7,9,7,7,5
5,9,9,8,8,5,6,7,9,0,7,5,5,5,9,8,6,6,8,8,5,8,9,9,6
8,5,9,8,7,5,7,9,7,6,0,7,9,7,8,6,9,5,6,8,7,6,8,6,8
9,7,5,6,9,7,7,6,5,7,9,0,8,5,8,5,8,5,6,8,9,6,8,8,8
6,8,9,6,5,6,9,5,8,6,8,9,0,9,6,5,5,9,5,9,5,8,8,9,7
5,9,7,5,5,7,6,5,8,7,9,6,7,0,5,5,8,7,9,9,8,9,6,8,8
5,7,5,5,9,8,9,8,8,6,6,6,8,9,0,9,5,9,8,5,7,7,9,7,8
5,5,7,9,8,6,8,9,5,9,9,8,6,5,6,0,5,7,5,7,6,9,9,5,8
9,8,8,5,5,6,6,6,9,6,5,8,6,9,9,7,0,7,6,5,9,9,6,9,8
6,5,9,6,6,6,9,5,5,9,5,9,7,7,8,9,8,0,8,8,9,5,7,9,8
5,9,8,7,9,5,8,7,9,9,9,5,6,9,9,8,7,9,0,8,6,9,5,5,5
8,6,6,6,8,9,8,9,6,6,5,7,7,6,6,9,6,7,9,0,7,8,8,7,8
8,9,7,5,8,7,8,5,9,8,9,8,9,6,9,5,6,9,9,5,0,9,7,6,5
8,9,5,6,5,7,6,9,8,8,8,9,6,8,5,8,7,9,7,9,7,0,8,9,9
8,9,6,8,8,7,8,5,8,6,6,9,7,7,9,6,7,9,9,6,8,9,0,9,7
9,5,7,9,9,7,8,5,5,6,8,6,6,7,5,6,9,7,6,9,6,6,6,0,5
9,6,6,7,9,7,5,8,5,8,9,8,9,8,6,6,8,6,9,5,9,8,5,9,0
