R=25
Pi=(13,12,12,16,14,19,11,19,15,11,19,13,10,10,14,11,19,10,18,12,14,10,18,17,11)
A=
1,2,0
4,6,0
6,8,0
7,9,0
10,12,0
11,13,50
12,14,59
13,15,48
14,16,0
15,17,41
19,21,59
22,24,41
Sij=
0,14,11,14,13,13,10,10,10,10,12,14,14,10,12,13,11,12,10,14,10,12,13,11,10
10,0,14,10,14,14,10,11,12,14,10,12,11,12,10,14,11,14,11,10,13,11,10,12,14
11,14,0,12,14,14,11,13,11,14,14,13,14,10,10,11,14,11,11,10,14,10,12,14,12
10,13,10,0,10,13,13,14,10,11,10,13,14,13,11,13,12,12,11,11,12,11,10,10,14
10,10,12,10,0,14,13,14,14,14,14,14,10,10,12,12,11,14,12,12,14,12,11,11,14
12,12,11,14,10,0,11,10,14,12,11,10,13,11,14,10,13,11,13,10,13,12,12,11,10
13,10,13,14,13,11,0,11,13,13,12,12,11,11,10,13,12,14,14,12,14,12,14,10,10
12,14,12,13,11,13,12,0,10,11,11,10,14,13,11,11,11,14,11,14,13,11,13,12,11
14,12,14,13,14,12,13,14,0,10,12,11,13,13,12,12,10,10,12,10,14,14,13,14,13
12,11,14,10,14,11,14,13,11,0,11,13,13,14,14,10,14,13,11,14,11,14,12,12,12
13,14,13,13,13,12,12,11,13,10,0,10,13,12,12,10,14,12,13,11,12,13,13,11,11
12,11,11,12,14,12,13,14,14,12,11,0,14,12,10,10,13,14,12,10,13,13,12,11,10
11,10,13,11,11,10,13,14,13,12,11,11,0,11,14,11,10,12,10,13,14,10,10,12,11
12,13,12,10,13,13,12,10,14,10,11,14,14,0,12,13,14,13,12,11,14,14,14,12,14
10,10,11,12,13,11,10,10,12,11,14,12,12,12,0,11,14,10,11,11,11,13,12,11,14
12,14,11,13,13,12,12,13,10,12,14,13,11,10,12,0,13,10,10,11,12,13,10,11,11
10,11,14,13,12,10,11,13,14,11,10,13,10,11,12,10,0,14,11,12,14,12,13,12,10
14,13,11,12,11,13,11,11,13,14,12,12,13,14,10,10,11,0,11,13,10,10,13,12,13
13,11,13,11,13,11,13,12,13,14,14,14,14,13,12,10,14,13,0,10,10,13,10,11,10
10,12,13,11,14,12,14,10,10,12,14,10,10,14,13,11,11,10,13,0,14,14,10,10,12
14,13,11,11,13,12,14,13,14,12,11,11,13,12,12,11,14,14,14,12,0,14,12,14,14
10,13,14,13,11,11,10,10,11,11,11,11,10,13,11,13,12,11,10,12,13,0,11,12,14
13,11,10,10,11,12,13,12,13,11,11,14,13,11,11,13,12,10,14,12,10,11,0,10,10
12,11,14,12,12,11,10,13,10,10,10,14,10,14,14,13,13,14,12,14,12,12,10,0,11
10,11,10,12,12,10,13,11,11,14,13,14,13,10,10,11,10,12,13,12,11,11,12,12,0
