R=25
Pi=(29,21,23,22,28,25,24,24,29,22,21,27,21,26,25,20,22,29,28,24,28,28,23,28,24)
A=
1,2,31
2,3,0
4,5,38
5,6,0
7,9,25
9,11,0
11,13,0
14,16,28
17,19,0
18,20,0
20,22,27
22,24,22
Sij=
0,10,13,13,13,11,13,12,10,14,10,11,11,11,11,10,10,12,13,14,11,11,10,12,13
10,0,11,12,14,14,10,10,11,14,14,13,14,10,12,12,10,11,11,11,12,14,12,14,10
11,11,0,13,13,14,13,14,10,11,10,12,14,11,12,11,13,10,10,12,11,13,11,14,10
11,13,10,0,14,14,10,14,12,12,11,13,13,12,12,11,10,10,12,13,10,10,13,14,13
10,12,12,13,0,10,12,12,14,12,13,11,11,13,14,11,11,10,14,11,14,14,13,11,13
13,11,11,10,13,0,13,14,12,14,11,14,11,12,10,12,10,13,13,10,13,10,10,12,11
11,12,14,10,11,14,0,13,11,11,13,10,13,11,12,11,13,13,13,12,11,14,14,13,10
11,11,11,10,12,12,13,0,12,14,14,13,11,14,14,11,14,13,12,10,14,14,14,13,11
12,12,10,11,13,10,11,11,0,14,14,13,10,13,12,14,13,10,12,13,11,14,10,14,13
12,12,13,11,14,13,10,12,12,0,10,13,14,12,12,14,13,13,11,12,14,10,10,11,10
13,12,13,12,11,12,12,11,13,11,0,13,10,12,10,12,10,13,11,13,12,14,10,11,13
12,14,13,12,13,14,12,12,11,13,13,0,12,14,13,11,14,13,11,11,10,13,14,11,12
13,11,10,14,12,13,11,13,11,10,14,11,0,14,14,13,13,13,11,13,14,11,10,10,10
10,13,14,12,13,10,14,13,13,10,13,11,13,0,13,14,12,11,10,10,14,14,10,10,13
12,12,11,12,10,12,11,13,11,10,14,14,13,14,0,14,10,10,11,13,14,10,12,10,10
11,11,12,11,14,10,11,14,13,11,14,11,14,12,12,0,10,14,10,14,13,13,14,13,12
11,10,13,12,12,10,12,10,12,10,10,14,10,14,13,10,0,13,14,11,12,14,12,11,13
13,12,10,10,12,11,11,12,12,14,10,14,12,13,12,12,13,0,13,14,13,12,12,10,14
12,14,10,14,13,11,12,13,13,10,13,14,10,12,12,10,14,13,0,12,11,13,13,13,14
11,14,13,11,13,12,11,11,12,10,13,13,11,12,13,10,11,12,10,0,11,14,13,11,11
11,13,14,13,14,14,10,13,11,10,12,14,12,11,10,11,14,12,12,14,0,14,13,14,11
14,11,14,11,13,11,10,13,12,12,14,14,13,12,12,13,10,14,12,10,14,0,14,13,14
11,14,12,12,10,12,12,12,13,12,13,12,14,13,10,14,10,14,11,14,11,10,0,12,11
10,14,14,14,11,13,12,10,13,10,10,13,13,12,12,10,10,12,10,11,13,14,13,0,11
13,12,10,14,12,13,12,10,11,11,11,11,12,12,10,14,10,13,14,13,13,11,11,12,0
