R=25
Pi=(29,27,27,26,27,22,23,24,22,29,26,22,25,26,29,22,20,21,29,21,21,23,26,25,26)
A=
1,2,21
2,3,0
5,6,0
6,7,0
8,10,0
9,11,0
11,13,37
12,14,20
14,16,0
15,17,21
18,20,39
20,22,29
Sij=
0,6,6,5,6,9,8,8,7,8,5,8,5,7,5,5,5,6,9,8,6,8,6,8,8
7,0,5,6,7,8,5,7,7,7,5,8,9,9,7,9,8,6,7,7,6,5,6,5,8
9,8,0,9,7,6,6,8,9,8,7,8,9,7,5,9,7,8,6,7,6,6,5,6,8
5,9,9,0,6,9,6,7,6,5,8,8,5,6,5,5,6,7,9,5,7,8,5,6,5
8,9,8,9,0,8,8,6,8,7,5,7,6,6,7,5,7,9,7,9,8,7,9,6,7
5,6,9,7,5,0,8,9,5,8,8,7,5,7,7,7,6,6,5,7,5,8,9,9,5
8,8,7,6,5,7,0,8,9,7,6,9,7,9,9,8,8,5,7,8,7,9,5,5,6
9,7,6,7,6,5,8,0,6,6,8,8,7,6,8,9,5,5,8,7,6,8,5,6,7
6,9,9,6,5,6,5,8,0,8,5,6,8,5,6,7,6,7,7,5,5,5,6,7,7
7,8,7,5,7,8,7,9,6,0,9,5,6,5,7,6,5,8,9,8,5,6,5,9,8
6,5,8,6,9,5,7,5,7,7,0,8,6,8,5,6,9,8,6,7,6,5,5,5,9
6,5,7,5,7,7,5,7,9,8,9,0,6,5,6,5,5,7,9,9,8,8,9,6,7
8,9,7,9,8,7,8,5,9,8,9,9,0,8,6,8,9,6,6,6,5,6,9,9,6
6,6,9,6,5,7,6,6,8,9,6,7,5,0,5,8,6,5,8,6,6,7,5,7,5
5,5,6,7,7,6,6,9,5,5,8,7,8,6,0,9,7,7,7,5,8,9,6,9,6
8,5,9,7,7,7,9,6,9,8,5,5,5,8,9,0,7,8,7,7,9,7,6,8,8
9,9,8,9,9,9,6,9,5,5,8,7,7,9,7,7,0,6,6,7,9,6,8,6,8
8,8,9,6,8,9,8,7,6,5,7,7,9,5,6,5,7,0,5,9,5,5,6,5,8
5,9,8,5,8,9,7,6,7,9,5,6,9,9,6,6,7,6,0,6,6,7,9,7,6
5,7,7,6,8,6,8,7,8,6,6,9,6,7,8,7,8,6,5,0,5,9,5,6,7
9,8,7,8,5,8,6,5,6,6,5,6,6,6,7,5,5,8,7,7,0,7,6,9,9
7,8,8,5,9,7,6,5,6,5,6,5,8,5,7,9,5,6,7,9,6,0,7,5,6
9,9,9,6,7,8,9,7,8,8,5,6,9,5,6,8,5,5,5,6,9,7,0,7,5
5,8,7,6,9,5,8,5,8,6,6,9,8,9,7,7,5,9,6,5,9,5,9,0,9
9,8,9,6,7,9,7,6,7,8,5,9,5,8,8,8,9,5,8,8,8,7,5,5,0
