R=25
Pi=(24,24,20,24,22,24,29,29,20,25,29,24,28,21,22,26,26,25,29,27,20,20,25,21,25)
A=
1,2,36
5,7,30
6,8,0
7,9,31
8,10,0
9,11,0
10,12,27
11,13,0
12,14,21
14,16,0
16,18,0
21,23,35
Sij=
0,6,7,9,9,5,6,8,9,8,8,7,6,7,6,8,8,9,6,8,6,7,6,7,5
8,0,6,9,6,6,5,6,9,6,7,8,6,5,5,8,7,6,9,6,7,9,6,9,9
7,7,0,8,7,8,7,6,5,9,8,5,9,6,6,7,8,6,8,5,9,7,6,7,9
8,6,9,0,8,9,5,5,7,6,9,8,9,6,8,6,8,6,8,6,6,9,9,5,9
6,8,5,6,0,6,5,7,6,9,9,9,6,7,8,5,9,7,8,7,6,8,8,6,7
6,6,7,8,9,0,6,9,9,6,5,6,5,5,9,5,5,7,6,9,7,9,9,5,8
7,7,8,5,6,8,0,6,8,6,7,9,5,7,8,7,8,9,5,5,7,6,9,9,8
8,7,9,6,9,9,8,0,7,5,9,6,6,7,8,7,7,9,8,8,7,9,9,7,9
9,6,7,8,9,8,6,7,0,8,5,7,9,9,9,8,7,8,7,9,8,7,5,5,5
7,8,8,8,5,6,9,8,9,0,9,7,8,6,9,8,7,8,8,8,7,6,8,7,9
9,6,8,6,5,9,7,8,5,7,0,5,5,5,7,6,7,5,9,5,9,7,5,5,9
9,7,5,9,7,8,9,9,5,8,8,0,9,7,7,8,5,7,8,8,9,8,7,6,5
6,5,6,7,8,8,7,9,5,9,6,7,0,8,7,6,6,7,6,5,7,8,7,9,8
5,5,7,9,7,6,5,7,5,5,7,6,7,0,7,6,7,6,9,8,7,5,5,6,9
6,6,6,7,6,9,6,8,5,7,6,8,6,7,0,6,9,9,9,6,8,5,9,9,5
5,8,5,9,8,6,7,5,8,7,7,6,5,8,5,0,6,8,8,5,9,5,8,6,8
7,9,8,6,8,7,9,7,6,5,7,8,8,7,5,8,0,5,5,9,8,5,5,9,6
8,5,5,6,8,5,5,7,6,7,6,8,8,6,7,6,7,0,9,9,9,6,6,7,6
8,6,9,5,8,7,7,7,5,7,7,7,7,8,9,6,5,9,0,7,6,5,6,5,8
8,8,5,6,5,9,5,6,7,8,7,6,6,9,8,9,9,9,7,0,5,9,9,8,9
5,8,8,6,9,6,5,7,6,6,6,5,6,6,6,5,7,5,5,8,0,5,7,9,5
6,7,6,6,8,9,8,9,9,6,5,7,6,8,7,6,7,5,5,5,8,0,8,7,8
7,7,8,9,9,5,8,7,8,7,9,6,9,9,8,6,7,7,6,5,5,9,0,9,8
8,8,6,5,7,9,7,8,5,8,8,6,6,8,5,9,7,8,8,8,9,5,6,0,8
6,8,7,5,7,6,7,8,7,9,6,5,9,7,9,9,5,6,6,6,5,6,5,8,0
