R=25
Pi=(23,22,22,26,24,29,21,29,25,21,29,23,20,20,24,21,29,20,28,22,24,20,28,27,21)
A=
1,2,0
4,6,0
6,8,0
7,9,0
10,12,0
11,13,30
12,14,39
13,15,28
14,16,0
15,17,21
19,21,39
22,24,21
Sij=
0,9,6,9,8,8,5,5,5,5,7,9,9,5,7,8,6,7,5,9,5,7,8,6,5
5,0,9,5,9,9,5,6,7,9,5,7,6,7,5,9,6,9,6,5,8,6,5,7,9
6,9,0,7,9,9,6,8,6,9,9,8,9,5,5,6,9,6,6,5,9,5,7,9,7
5,8,5,0,5,8,8,9,5,6,5,8,9,8,6,8,7,7,6,6,7,6,5,5,9
5,5,7,5,0,9,8,9,9,9,9,9,5,5,7,7,6,9,7,7,9,7,6,6,9
7,7,6,9,5,0,6,5,9,7,6,5,8,6,9,5,8,6,8,5,8,7,7,6,5
8,5,8,9,8,6,0,6,8,8,7,7,6,6,5,8,7,9,9,7,9,7,9,5,5
7,9,7,8,6,8,7,0,5,6,6,5,9,8,6,6,6,9,6,9,8,6,8,7,6
9,7,9,8,9,7,8,9,0,5,7,6,8,8,7,7,5,5,7,5,9,9,8,9,8
7,6,9,5,9,6,9,8,6,0,6,8,8,9,9,5,9,8,6,9,6,9,7,7,7
8,9,8,8,8,7,7,6,8,5,0,5,8,7,7,5,9,7,8,6,7,8,8,6,6
7,6,6,7,9,7,8,9,9,7,6,0,9,7,5,5,8,9,7,5,8,8,7,6,5
6,5,8,6,6,5,8,9,8,7,6,6,0,6,9,6,5,7,5,8,9,5,5,7,6
7,8,7,5,8,8,7,5,9,5,6,9,9,0,7,8,9,8,7,6,9,9,9,7,9
5,5,6,7,8,6,5,5,7,6,9,7,7,7,0,6,9,5,6,6,6,8,7,6,9
7,9,6,8,8,7,7,8,5,7,9,8,6,5,7,0,8,5,5,6,7,8,5,6,6
5,6,9,8,7,5,6,8,9,6,5,8,5,6,7,5,0,9,6,7,9,7,8,7,5
9,8,6,7,6,8,6,6,8,9,7,7,8,9,5,5,6,0,6,8,5,5,8,7,8
8,6,8,6,8,6,8,7,8,9,9,9,9,8,7,5,9,8,0,5,5,8,5,6,5
5,7,8,6,9,7,9,5,5,7,9,5,5,9,8,6,6,5,8,0,9,9,5,5,7
9,8,6,6,8,7,9,8,9,7,6,6,8,7,7,6,9,9,9,7,0,9,7,9,9
5,8,9,8,6,6,5,5,6,6,6,6,5,8,6,8,7,6,5,7,8,0,6,7,9
8,6,5,5,6,7,8,7,8,6,6,9,8,6,6,8,7,5,9,7,5,6,0,5,5
7,6,9,7,7,6,5,8,5,5,5,9,5,9,9,8,8,9,7,9,7,7,5,0,6
5,6,5,7,7,5,8,6,6,9,8,9,8,5,5,6,5,7,8,7,6,6,7,7,0
