R=25
Pi=(22,26,28,21,25,21,22,29,23,23,25,28,26,20,20,29,21,28,27,24,22,25,24,20,29)
A=
1,2,57
5,6,0
6,7,0
9,10,0
10,11,0
11,12,0
13,16,56
17,18,0
18,19,51
20,21,46
22,24,53
23,25,41
Sij=
0,10,10,13,13,11,12,12,11,14,13,13,11,13,14,10,14,14,12,11,10,13,10,11,11
10,0,10,13,12,10,14,11,10,13,10,13,12,14,10,14,14,14,11,11,12,13,12,11,10
12,13,0,13,11,11,12,11,14,14,12,13,10,13,14,10,10,11,12,12,13,11,12,10,14
13,12,11,0,11,14,13,12,12,14,12,14,12,10,14,14,11,13,14,13,11,12,13,10,14
11,11,10,10,0,14,12,13,10,12,14,13,14,10,10,10,10,14,10,11,10,10,13,14,12
13,11,10,12,13,0,14,12,14,11,11,10,12,13,12,13,11,14,14,14,11,11,14,10,13
13,13,11,11,11,14,0,14,12,12,13,12,12,11,11,11,13,12,13,13,14,14,12,12,12
12,14,11,11,13,12,10,0,14,11,12,13,10,12,10,12,12,12,13,14,14,10,10,14,12
12,11,14,12,11,10,13,10,0,10,14,14,11,13,12,13,14,12,12,11,14,12,10,10,11
10,10,12,11,13,12,12,11,10,0,13,13,12,13,13,12,11,13,12,14,13,10,10,13,14
14,14,12,12,14,10,10,11,10,12,0,11,10,13,12,12,13,11,13,11,14,13,11,11,14
10,10,10,14,11,11,10,14,12,12,11,0,13,10,10,11,10,13,12,11,10,11,12,12,11
14,11,11,12,14,14,10,13,13,12,12,14,0,14,10,10,13,11,11,13,11,10,14,13,11
11,11,11,11,14,10,13,12,12,14,14,14,10,0,13,10,12,11,13,10,12,12,12,10,12
11,12,14,14,13,11,10,10,13,14,11,12,13,14,0,13,12,14,14,11,14,10,10,13,13
11,10,14,11,14,10,13,13,10,13,10,11,11,13,13,0,11,14,14,11,10,12,12,14,12
10,12,12,13,10,11,11,10,13,11,13,13,11,13,10,12,0,11,12,12,14,14,12,11,11
10,10,10,11,14,13,11,13,11,12,11,11,12,10,13,13,12,0,14,12,14,10,10,14,10
13,14,13,14,10,14,12,13,10,11,13,10,11,10,11,10,10,14,0,11,13,12,14,14,11
14,13,12,14,14,11,10,14,10,14,12,14,14,11,13,11,14,13,10,0,11,11,13,12,11
12,12,14,11,14,11,13,14,14,12,10,11,12,13,13,14,10,14,14,11,0,12,11,10,14
10,14,13,13,13,13,14,10,10,10,11,11,12,14,10,14,11,13,10,11,10,0,11,14,11
14,11,10,12,13,11,14,11,12,10,10,14,12,14,11,10,13,14,10,11,11,12,0,11,11
14,10,10,14,11,13,13,14,10,12,13,11,13,12,12,14,11,10,14,12,14,10,11,0,11
11,10,13,10,10,12,14,12,10,14,12,13,11,14,10,13,11,10,13,14,10,14,12,10,0
