R=25
Pi=(28,29,25,24,20,20,26,24,24,27,22,25,23,25,27,25,25,24,27,28,23,28,26,24,20)
A=
1,2,0
2,3,0
5,6,58
6,7,56
7,10,0
11,13,0
15,16,0
16,17,46
17,19,41
21,23,43
22,24,0
23,25,55
Sij=
0,12,14,13,14,12,10,14,13,10,10,13,11,13,10,12,10,10,11,13,11,13,12,10,13
12,0,12,10,14,10,12,12,11,13,12,12,14,14,14,13,14,13,10,11,12,11,14,13,11
10,11,0,12,10,11,10,10,14,14,14,11,14,10,10,12,13,12,11,12,11,13,13,10,10
12,13,12,0,12,11,12,12,12,13,13,14,13,14,11,10,12,12,12,14,14,12,13,14,13
12,12,14,10,0,12,12,13,11,10,11,13,13,12,12,13,11,12,13,11,11,10,14,13,10
10,14,14,10,13,0,10,12,13,14,13,10,13,12,12,10,11,10,13,13,13,13,12,14,14
13,13,12,14,12,12,0,13,13,14,14,14,12,12,13,12,14,13,14,13,14,12,10,13,10
13,14,11,11,10,10,12,0,13,14,10,11,10,13,13,10,11,10,11,13,13,13,12,14,11
10,13,14,13,13,10,11,12,0,14,12,10,13,11,11,12,14,12,10,13,12,11,12,11,10
13,12,13,10,12,14,12,10,10,0,14,11,12,10,13,14,13,13,14,10,11,12,12,10,13
14,13,11,12,14,11,10,13,12,14,0,14,10,12,10,10,14,10,10,13,11,10,10,13,13
11,14,13,12,12,10,12,11,12,14,11,0,13,13,14,11,13,14,13,14,11,13,13,11,13
13,10,10,12,13,13,13,13,14,12,11,14,0,12,13,10,12,11,13,13,12,14,11,11,10
13,14,12,11,10,12,10,12,13,10,13,11,14,0,14,12,13,10,12,14,11,13,11,11,11
12,12,14,14,10,13,14,12,14,10,13,13,11,11,0,12,12,11,13,10,11,14,14,12,12
10,10,11,11,12,10,11,11,13,11,14,13,12,10,11,0,10,11,11,12,14,10,13,12,14
10,11,14,14,11,14,11,13,14,12,14,10,11,12,14,14,0,13,11,10,10,12,14,10,11
12,10,14,13,11,13,11,11,12,12,10,10,10,11,10,13,14,0,11,14,10,11,11,13,13
11,13,10,13,13,11,11,11,11,12,12,10,10,12,11,10,10,12,0,12,13,11,14,13,11
11,11,10,11,14,14,14,10,12,10,12,12,13,13,13,10,10,14,14,0,13,14,10,13,11
14,13,14,14,14,14,12,12,10,13,12,11,11,10,11,11,13,12,13,14,0,10,14,12,12
13,11,13,12,14,10,12,10,13,13,12,11,14,10,10,12,13,10,12,14,10,0,11,14,14
13,12,14,11,12,13,11,10,10,12,10,13,11,14,12,10,11,11,13,13,13,14,0,11,12
11,10,11,10,11,13,11,11,12,13,13,11,10,10,13,14,11,11,11,12,14,12,11,0,13
12,11,12,13,13,11,11,14,11,12,14,11,12,10,13,11,10,13,11,13,11,11,10,10,0
