R=50
Pi=(29,27,27,26,27,22,23,24,22,29,26,22,25,26,29,22,20,21,29,21,21,23,26,25,26,29,25,28,23,21,28,20,23,22,21,21,23,21,20,26,21,24,28,24,21,26,27,26,21,25)
A=
1,2,0
2,4,50
4,6,46
7,9,0
10,12,43
12,14,0
16,18,0
17,19,55
18,20,0
19,21,54
21,23,0
22,24,57
23,25,49
25,27,0
26,28,0
27,29,48
29,31,46
31,33,0
33,35,0
35,37,51
37,39,0
39,41,53
41,43,49
45,47,0
48,50,59
Sij=
0,6,5,6,5,8,8,5,6,8,5,6,7,6,7,7,5,5,5,6,7,7,7,8,7,5,7,8,7,9,6,9,5,6,5,7,6,5,8,9,8,5,6,5,9,8,6,5,8,6
9,0,5,7,5,7,7,8,6,8,5,6,9,8,6,7,6,5,5,5,9,6,5,7,5,7,7,5,7,9,8,9,6,5,6,5,5,7,9,9,8,8,9,6,7,8,9,7,9,8
7,8,0,5,9,8,9,9,8,6,8,9,6,6,6,5,6,9,9,6,6,6,9,6,5,7,6,6,8,9,6,7,5,5,8,6,5,8,6,6,7,5,7,5,5,5,6,7,7,6
6,9,5,0,5,8,7,8,6,9,7,7,7,5,8,9,6,9,6,8,5,9,7,7,7,9,6,9,8,5,5,5,8,9,7,8,7,7,9,7,6,8,8,9,9,8,9,9,9,6
9,5,5,8,0,7,7,9,7,7,6,6,7,9,6,8,6,8,8,8,9,6,8,9,8,7,6,5,7,7,9,5,6,5,7,5,9,5,5,6,5,8,5,9,8,5,8,9,7,6
7,9,5,6,9,0,9,6,6,7,6,6,6,7,9,7,6,5,7,7,6,8,6,8,7,8,6,6,9,6,7,8,7,8,6,5,5,9,5,6,7,9,8,7,8,5,8,6,5,6
6,5,6,6,6,7,0,5,5,8,7,7,7,6,9,9,7,8,8,5,9,7,6,5,6,5,6,5,8,5,7,9,5,6,7,9,6,7,5,6,9,9,9,6,7,8,9,7,8,8
5,6,9,5,6,8,5,0,5,5,6,9,7,7,5,5,8,7,6,9,5,8,5,8,6,6,9,8,9,7,7,5,9,6,5,9,5,9,9,9,8,9,6,7,9,7,6,7,8,5
9,5,8,8,8,9,5,8,0,8,8,7,5,5,7,7,6,9,6,6,6,9,8,7,6,5,5,6,8,8,9,5,7,9,9,8,7,6,6,7,5,8,7,6,6,7,8,9,8,9
8,7,5,5,7,5,5,7,6,0,7,7,8,7,9,8,8,5,5,6,8,9,9,8,8,5,7,6,6,6,9,7,6,8,8,5,7,9,6,7,8,8,9,5,9,9,7,6,8,8
8,7,8,8,9,9,9,9,7,5,0,5,9,9,6,7,5,6,9,9,9,6,8,8,7,7,5,5,9,9,8,8,5,8,8,8,7,8,8,8,8,5,8,7,6,6,9,9,8,7
8,7,7,7,9,7,9,8,5,5,9,0,9,5,5,8,6,9,5,5,7,5,6,8,6,6,8,8,6,7,6,8,6,6,6,5,5,5,8,8,6,8,8,8,7,9,8,5,7,9
9,6,8,8,6,7,7,9,6,6,6,8,0,8,5,9,6,7,8,8,9,7,6,6,7,9,9,6,8,5,7,7,7,5,6,8,9,5,7,5,9,7,6,9,7,7,7,5,8,9
6,6,9,6,8,6,8,5,5,8,7,5,9,0,8,8,8,8,8,6,6,9,5,9,8,9,7,5,6,9,9,7,8,8,8,9,6,8,6,7,9,5,9,9,9,8,8,8,7,6
8,8,8,8,6,9,5,6,6,6,5,6,6,5,0,6,6,8,6,5,8,7,5,7,6,6,6,5,6,5,5,6,9,8,5,6,5,8,9,7,8,9,9,6,9,6,8,8,8,8
7,9,6,7,9,8,8,6,7,7,9,9,9,5,6,0,5,6,8,6,9,5,7,8,9,6,9,7,8,8,5,7,7,6,7,8,5,5,6,8,6,8,9,6,7,7,9,5,9,5
9,9,5,7,9,8,9,6,7,5,5,6,9,8,7,9,0,7,7,6,7,5,5,5,9,9,6,6,6,6,6,7,8,8,7,8,5,7,9,7,9,8,8,7,5,8,5,8,5,9
7,5,6,9,7,5,8,9,6,8,8,6,8,5,5,8,6,0,8,7,9,6,7,7,5,7,8,7,7,9,5,8,8,5,6,8,6,5,9,5,7,5,6,5,5,9,7,5,8,7
7,7,7,6,6,7,5,8,5,7,8,8,6,9,6,5,5,6,0,6,7,9,7,7,7,9,9,5,6,6,6,9,8,8,9,6,8,6,7,9,8,8,8,9,6,7,9,8,6,9
5,9,6,9,6,8,9,9,5,6,6,7,8,6,9,7,5,9,7,0,8,7,8,7,7,7,9,6,8,5,5,5,6,8,7,5,7,8,9,7,6,6,8,6,5,7,6,9,6,5
9,6,9,6,8,6,6,6,9,6,7,6,6,8,5,5,5,9,6,5,0,6,9,6,6,5,6,8,7,7,9,6,9,9,7,6,8,5,9,5,5,9,6,8,7,5,9,5,5,5
5,6,6,8,6,8,9,5,7,5,7,7,9,9,9,5,7,7,8,7,6,0,9,5,9,5,6,9,5,9,6,6,5,8,6,6,8,9,5,8,8,6,7,7,9,8,7,5,7,9
6,7,7,6,8,9,5,5,7,8,5,9,9,6,6,9,6,9,7,7,6,5,0,6,9,5,5,8,6,6,5,8,6,7,6,7,8,9,9,5,7,5,7,7,7,8,9,7,6,6
5,7,7,7,5,7,6,6,7,6,7,5,9,9,6,9,8,6,7,8,7,9,6,0,9,9,7,9,8,8,6,5,8,6,5,5,8,5,8,7,8,6,7,6,7,8,7,6,7,5
8,9,7,9,8,8,5,5,8,8,7,8,7,7,6,6,9,8,9,8,7,9,5,9,0,9,7,5,8,8,5,7,5,6,7,5,6,7,8,8,6,5,8,6,9,9,9,8,5,9
6,9,9,6,8,8,8,8,8,5,5,8,6,6,7,6,7,7,9,6,9,8,5,9,7,0,8,9,8,6,5,9,8,5,8,6,6,7,8,7,9,7,8,8,8,8,8,8,6,8
8,7,7,8,8,9,8,8,9,9,5,8,9,7,8,6,6,8,8,9,6,8,8,9,5,8,0,6,9,6,6,9,9,7,5,7,8,6,5,6,8,8,8,8,9,7,5,7,6,5
7,6,9,5,6,7,9,8,8,8,9,8,8,6,8,9,5,6,9,9,5,9,6,6,9,6,7,0,5,8,6,9,6,9,9,9,9,5,9,5,7,8,9,7,6,6,9,5,6,9
5,6,9,7,6,5,7,5,8,5,5,9,9,5,7,8,8,8,8,7,9,9,6,5,6,6,6,7,0,9,9,9,5,6,5,7,5,5,8,8,8,6,8,6,8,9,8,8,8,5
8,8,6,6,8,5,6,5,8,5,5,9,5,6,8,6,5,7,9,7,6,8,9,5,5,5,6,7,8,0,5,8,7,7,6,5,6,8,8,8,9,5,9,6,7,7,9,6,6,8
6,9,6,9,5,8,5,8,5,6,8,9,9,7,7,7,7,7,9,5,7,8,6,9,9,6,7,6,6,8,0,5,9,9,9,6,6,7,8,6,7,5,7,7,7,9,5,6,7,8
5,9,7,6,6,6,8,7,6,9,9,6,8,7,7,6,8,5,9,5,6,5,8,5,6,9,9,5,9,9,9,0,5,9,7,6,8,8,7,7,8,7,8,5,9,7,6,7,5,5
5,6,5,6,6,7,9,5,6,5,6,6,8,8,6,5,9,7,5,5,9,7,6,7,6,8,8,9,9,8,5,7,0,8,9,8,8,8,8,7,5,6,7,6,6,6,6,9,9,8
8,8,8,6,9,6,8,5,8,5,8,9,5,6,8,5,8,7,8,9,8,6,5,9,5,9,6,6,9,5,5,9,8,0,5,5,5,6,5,9,8,5,8,5,8,8,5,6,5,8
6,7,8,5,5,5,7,7,9,6,5,9,6,5,7,5,9,5,9,5,8,8,8,8,9,9,5,5,7,6,9,7,6,7,0,7,8,6,8,8,5,8,7,7,9,8,9,8,7,8
8,9,5,6,5,5,8,9,5,5,5,9,6,9,8,6,7,8,8,8,9,8,5,7,8,6,5,6,8,5,5,5,7,7,9,0,6,9,5,5,7,9,8,5,8,7,5,7,7,9
7,5,5,5,9,9,9,9,7,8,8,9,6,5,5,9,5,7,8,9,6,7,6,7,6,8,5,7,7,5,8,9,7,7,6,9,0,9,5,8,8,5,6,6,7,7,7,7,8,5
8,7,8,8,7,7,5,8,8,8,5,8,6,7,7,5,8,7,9,9,6,5,5,8,5,9,5,5,9,5,8,5,7,7,8,7,9,0,6,9,5,5,5,6,6,7,9,9,9,9
7,8,9,8,8,9,8,7,9,7,8,7,9,9,7,9,5,6,9,8,9,5,7,8,9,8,5,8,8,6,6,5,6,5,6,6,8,6,0,8,7,5,5,9,8,6,7,5,5,8
6,7,8,9,5,9,7,5,6,9,9,8,9,8,8,6,7,6,8,8,5,6,8,7,6,8,9,5,9,7,6,7,9,9,6,8,7,5,5,0,6,9,6,6,7,9,8,5,6,5
6,8,6,6,7,7,5,9,5,8,7,5,6,6,9,8,6,9,5,6,5,9,7,5,7,8,9,9,5,8,7,7,7,9,7,8,9,6,7,6,0,6,9,6,7,8,5,8,9,7
9,7,9,5,9,5,7,5,6,9,8,8,6,8,7,5,9,8,6,9,5,8,5,6,8,5,5,7,5,6,7,5,5,7,6,6,8,7,7,9,9,0,8,8,6,8,8,5,5,9
6,9,6,6,9,6,5,6,7,6,9,5,5,5,9,6,8,7,9,6,6,7,7,6,7,9,7,5,8,8,9,5,9,7,8,7,5,8,5,5,6,9,0,5,5,8,8,8,7,8
5,5,6,6,9,8,8,6,5,9,5,8,9,7,9,6,8,5,7,6,6,6,9,6,8,5,6,7,6,7,8,5,5,6,8,8,8,9,5,9,9,6,9,0,9,5,6,6,7,5
8,9,8,6,5,7,8,5,9,7,8,6,6,9,7,6,9,8,8,8,6,7,9,9,7,7,5,6,5,6,6,8,9,6,8,8,9,9,9,9,5,8,9,6,0,7,8,8,6,6
8,6,7,8,8,9,5,9,9,8,8,7,7,5,7,6,5,7,9,6,9,6,9,9,9,8,8,8,8,7,9,8,8,5,6,9,8,5,5,6,7,9,9,6,6,0,6,8,7,7
5,7,6,8,9,7,6,6,8,9,5,6,7,5,7,9,9,8,6,8,7,7,9,6,7,8,9,6,8,7,7,5,5,5,8,5,8,9,8,7,5,8,9,5,5,5,0,5,8,7
6,6,8,6,9,9,7,7,9,5,6,7,5,8,6,7,9,6,6,7,7,5,5,9,9,8,9,7,9,6,7,7,5,9,6,6,8,9,5,6,5,7,9,8,7,9,5,0,5,8
8,5,8,8,6,5,6,5,8,6,6,5,5,8,7,8,8,6,6,6,9,8,9,6,5,6,9,6,6,7,9,7,9,8,5,5,9,9,9,8,5,5,5,7,8,5,9,9,0,6
5,8,8,8,8,8,5,5,7,8,9,5,9,9,6,7,8,5,6,7,7,8,9,7,7,5,9,8,7,7,9,6,9,5,6,8,6,8,5,5,9,9,6,5,9,7,6,6,8,0
