R=50
Pi=(23,28,26,20,23,26,20,29,28,28,24,29,24,21,28,24,28,23,28,20,27,25,21,24,23,20,29,20,24,27,27,22,21,21,20,20,28,21,25,29,28,26,21,20,25,29,27,25,28,21)
A=
1,2,23
3,4,22
4,5,0
5,6,0
6,7,28
7,8,0
8,9,0
9,10,28
10,11,36
11,12,0
12,13,0
13,14,0
15,16,29
17,18,0
25,26,24
36,38,0
38,40,39
39,41,21
40,42,0
41,43,0
43,45,29
45,47,24
46,48,0
47,49,27
48,50,29
Sij=
0,6,9,8,9,6,6,6,5,8,6,7,7,9,5,9,7,6,7,7,8,9,7,6,6,6,5,5,5,5,7,9,6,5,8,9,6,6,5,8,5,5,6,7,8,7,6,6,7,5
6,0,6,5,9,8,7,8,8,6,8,5,5,5,9,6,7,6,7,5,5,8,5,6,9,7,7,7,9,7,9,9,9,8,5,9,6,8,7,6,5,6,7,5,6,7,9,5,7,6
6,6,0,9,5,6,6,5,5,6,7,6,9,8,5,7,9,6,7,5,5,9,9,8,5,5,9,5,5,9,7,8,7,5,7,6,7,9,9,7,8,8,6,7,5,5,5,7,6,7
7,5,6,0,5,6,7,7,7,9,5,6,5,5,5,8,8,8,8,6,9,5,9,7,5,6,7,8,6,8,9,9,7,8,8,6,6,6,7,9,5,8,9,5,9,5,8,7,5,8
6,7,6,6,0,7,7,8,8,6,9,9,8,5,8,9,5,9,7,7,8,6,7,6,9,5,6,5,8,8,9,8,9,7,8,7,7,7,5,6,6,8,8,9,8,9,7,8,5,6
8,6,5,5,7,0,6,8,5,7,5,5,6,9,5,7,6,5,5,7,6,6,8,8,5,6,9,8,7,8,9,8,7,9,7,9,8,7,8,9,6,9,6,5,5,5,9,8,8,7
6,9,6,5,9,9,0,5,7,5,9,7,8,5,7,7,7,8,6,7,5,8,8,6,6,6,6,9,7,8,5,6,5,9,5,6,5,6,7,5,7,9,5,7,8,7,7,8,8,8
7,7,7,6,7,8,8,0,7,5,9,7,9,7,9,9,8,6,8,5,6,6,5,5,6,9,6,8,6,8,8,8,8,6,9,6,7,9,9,7,6,7,7,6,7,7,7,6,6,7
5,5,9,7,6,6,6,6,0,5,6,6,5,6,9,6,6,9,8,8,8,7,9,7,6,9,8,9,9,8,9,7,5,6,9,7,8,8,6,9,8,9,5,8,7,5,5,6,8,5
6,8,8,8,8,9,6,7,8,0,7,8,6,7,8,6,9,6,9,7,7,8,7,7,9,9,8,6,5,5,5,9,7,6,8,7,5,8,7,7,9,5,5,5,8,6,6,6,7,6
7,9,5,9,6,7,8,5,8,8,0,9,8,5,7,7,8,5,5,8,5,5,6,8,6,7,6,7,7,9,8,8,6,9,8,7,5,8,8,9,6,9,5,9,8,7,6,5,7,7
9,5,5,8,6,6,6,5,9,6,9,0,9,5,6,9,5,8,9,6,5,6,5,7,5,7,6,5,6,5,8,5,5,5,9,9,8,7,8,7,7,6,5,8,6,5,6,8,9,9
8,9,7,8,7,6,9,7,9,5,5,6,0,9,5,5,5,9,9,6,6,6,7,9,6,9,8,6,6,6,5,5,8,5,6,7,8,8,7,7,8,5,5,7,7,6,6,6,9,8
5,5,7,6,7,8,5,5,5,9,8,9,8,0,6,8,5,6,5,8,8,6,7,6,6,8,5,5,5,6,5,7,7,7,8,5,5,8,6,7,7,6,8,7,8,9,8,7,8,9
7,9,6,8,6,6,8,9,5,8,6,7,5,8,0,5,6,6,7,9,6,8,7,5,7,5,6,7,9,8,7,9,8,6,6,9,5,6,8,5,6,7,6,7,8,5,5,6,5,7
6,7,6,7,7,5,5,9,8,8,9,8,8,5,8,0,8,8,6,9,8,9,9,8,6,7,8,7,9,6,6,9,5,7,7,6,9,8,6,9,5,9,5,8,9,6,8,9,5,9
5,7,9,7,6,7,7,9,9,9,9,7,5,8,7,8,0,9,6,6,8,8,9,6,7,8,9,9,6,8,5,9,9,7,5,6,8,5,8,5,9,9,9,9,6,9,8,8,7,5
5,7,7,7,7,6,5,6,7,8,7,8,6,6,9,5,9,0,5,5,7,9,7,5,6,6,9,8,5,9,7,5,5,6,5,7,7,7,6,9,9,5,7,8,9,7,6,7,8,9
6,9,7,8,5,6,7,6,5,5,7,7,5,6,9,8,6,6,0,6,8,6,8,8,5,6,6,6,9,6,8,5,6,5,5,7,7,7,7,6,8,9,5,6,5,7,6,9,5,9
5,6,5,6,9,8,8,6,6,6,8,9,8,9,7,5,5,6,5,0,8,7,6,8,9,7,8,5,6,7,8,9,7,6,5,6,6,9,5,5,7,9,5,5,5,8,8,6,6,8
9,6,5,9,7,6,9,7,5,9,5,7,6,9,8,7,5,8,8,8,0,5,5,5,5,7,9,6,5,8,5,8,7,9,8,7,6,9,7,8,8,6,9,8,6,5,5,7,6,7
8,7,5,7,7,7,9,6,9,6,8,5,9,9,5,5,8,7,8,6,6,0,7,8,5,5,6,6,6,8,5,7,6,9,8,9,7,8,9,6,5,8,5,5,5,5,7,7,9,8
5,6,7,9,9,5,5,9,9,7,6,5,7,7,8,9,6,6,5,5,7,7,0,8,5,7,8,6,7,8,9,7,8,7,8,8,8,5,6,9,7,8,8,8,6,5,5,6,8,6
6,8,5,6,9,6,7,8,6,7,6,9,8,5,5,9,7,8,8,8,9,8,9,0,6,8,6,8,9,7,5,7,7,8,5,7,5,7,6,7,7,5,5,8,9,8,8,5,7,7
6,8,6,7,9,7,7,8,8,8,8,7,8,6,6,9,8,6,7,8,9,7,5,5,0,6,8,9,5,5,8,9,5,5,6,5,6,5,9,8,8,9,7,8,8,9,9,7,9,7
9,9,7,7,9,8,8,7,5,5,5,8,7,8,5,9,7,6,7,5,9,9,8,7,9,0,8,7,9,7,5,6,5,9,8,5,8,7,8,6,7,6,9,9,8,7,5,7,8,7
9,7,8,5,8,7,5,5,9,7,5,6,9,5,9,9,5,8,8,8,6,6,8,9,9,9,0,5,9,9,9,9,5,8,6,8,8,8,5,5,5,5,7,8,5,6,6,6,9,9
9,7,6,8,5,6,7,8,8,5,8,7,5,5,9,8,9,7,7,6,6,5,9,7,8,7,8,0,8,8,8,7,7,6,9,5,6,7,6,8,5,5,9,5,9,6,8,9,6,8
6,7,9,9,7,8,9,8,8,5,7,7,9,5,9,8,6,5,6,5,7,5,7,8,7,6,7,9,0,9,6,5,8,6,5,6,6,8,8,9,6,5,8,9,6,5,8,6,8,5
6,5,7,8,6,5,6,9,5,7,5,5,9,8,7,5,9,5,8,9,8,5,7,6,9,5,9,6,6,0,8,8,9,9,9,8,5,7,5,5,5,5,6,7,6,8,5,6,9,6
5,6,7,7,8,6,6,8,5,8,6,5,9,8,7,8,6,6,5,5,6,7,8,9,8,9,6,7,5,8,0,8,9,5,5,5,6,5,7,5,7,7,7,7,7,9,9,5,8,5
8,7,9,6,8,9,7,8,8,8,9,9,8,7,6,9,7,5,9,7,6,7,8,6,7,8,9,5,6,5,9,0,8,8,7,7,6,9,7,6,5,7,8,7,8,6,7,8,9,5
7,7,8,6,5,9,5,8,8,8,5,5,7,6,7,9,5,6,6,9,5,9,9,9,9,5,8,9,5,9,9,5,0,9,5,8,8,5,7,7,7,6,8,6,9,6,5,5,6,5
9,6,6,6,5,5,8,8,9,7,5,6,6,7,8,9,9,5,7,7,9,9,7,8,8,7,6,7,9,8,8,5,6,0,9,6,8,7,8,9,5,5,5,5,5,7,6,5,5,8
9,6,9,7,9,5,9,8,7,8,7,8,5,8,6,8,9,9,6,6,5,6,6,6,7,6,9,8,7,5,6,6,6,9,0,5,6,8,7,7,8,6,9,5,9,6,6,5,7,9
6,8,7,8,9,7,8,9,8,5,7,6,6,5,6,6,5,7,5,7,5,9,7,7,8,5,5,6,6,9,5,6,7,9,6,0,7,9,8,7,7,6,6,5,6,9,6,9,8,8
7,5,9,5,9,9,6,6,9,5,8,7,6,8,9,5,6,9,7,9,8,7,7,9,7,6,8,9,5,7,6,5,6,8,8,8,0,5,5,7,5,9,6,5,7,8,9,9,8,5
6,8,6,7,9,9,5,8,9,7,7,5,7,5,6,8,8,5,8,9,5,9,5,6,7,5,7,7,9,6,7,6,9,8,8,8,5,0,8,7,8,8,5,5,7,9,9,7,5,8
9,9,9,5,9,5,7,8,9,9,9,7,8,8,8,9,6,6,8,7,8,8,5,8,5,6,5,8,7,6,8,7,6,8,5,6,8,5,0,5,8,5,5,5,8,7,6,9,6,7
8,8,8,8,8,5,6,9,5,5,8,9,8,5,8,6,6,6,9,8,6,5,5,5,9,6,7,7,6,6,8,6,8,6,9,8,9,9,8,0,8,8,6,8,5,6,9,7,5,7
6,6,5,9,8,5,7,7,7,8,6,7,8,8,9,6,6,6,7,5,9,6,6,8,6,9,5,7,5,8,5,9,6,5,9,5,8,7,5,5,0,7,5,7,6,6,6,9,8,8
8,5,7,5,9,7,5,9,6,8,8,5,9,7,8,7,7,6,7,8,9,7,8,5,6,8,9,9,5,6,5,9,7,9,6,8,7,9,6,8,9,0,5,7,9,6,5,7,7,8
8,9,5,7,9,8,6,7,7,8,6,7,5,8,5,8,8,7,9,5,5,9,7,9,9,8,8,5,8,9,5,5,6,5,6,6,5,7,7,5,5,6,0,5,5,5,5,9,7,6
6,8,7,7,6,8,9,6,5,7,5,5,5,8,7,8,5,6,9,6,8,7,5,5,9,5,9,8,7,8,8,9,6,8,7,6,7,7,9,7,7,5,9,0,9,6,5,5,7,8
6,5,9,9,5,8,8,7,7,8,6,8,5,8,7,9,6,8,6,5,6,6,7,6,7,9,8,8,6,9,9,9,6,5,6,7,9,5,5,5,8,9,5,9,0,7,8,7,6,6
5,5,6,8,6,6,5,7,7,6,6,5,9,5,8,9,6,7,5,7,9,9,5,8,5,7,7,6,8,8,8,7,6,7,5,9,8,6,9,9,5,5,6,8,9,0,5,8,8,7
9,5,6,7,8,6,5,9,8,7,9,9,9,9,9,8,9,8,7,5,8,6,5,7,5,6,9,8,6,8,5,8,9,9,8,7,7,5,7,5,9,9,9,8,9,9,0,6,5,7
5,5,6,5,7,8,8,5,8,6,7,7,7,7,9,7,5,5,5,5,6,6,9,5,7,5,9,6,7,7,6,9,9,5,6,8,8,7,6,5,5,7,8,9,5,8,7,0,6,5
6,8,9,6,9,6,9,5,5,8,7,8,6,7,6,9,7,7,7,6,5,8,7,8,9,5,8,7,5,5,9,8,7,5,5,8,6,8,9,9,6,7,8,9,8,6,8,9,0,7
9,7,5,9,5,9,8,5,5,7,9,7,6,5,5,8,9,6,5,6,7,8,9,8,7,9,7,9,8,5,7,6,9,5,6,7,9,8,6,5,7,7,5,5,9,7,5,7,8,0
