R=50
Pi=(28,25,29,28,29,28,25,24,27,24,27,21,27,25,21,27,23,27,28,26,26,23,20,21,22,23,20,24,22,29,24,20,27,21,27,20,20,24,23,23,21,23,25,29,20,20,23,25,27,20)
A=
1,2,0
3,6,0
7,8,0
8,9,0
9,10,56
13,14,0
14,15,55
15,16,46
16,17,0
17,18,0
18,19,56
19,20,0
21,22,48
22,23,53
23,24,0
24,25,43
26,28,57
30,32,51
31,33,0
33,35,0
35,37,47
36,38,44
38,40,0
44,46,49
46,48,41
Sij=
0,5,7,5,7,5,9,6,9,8,7,6,6,7,9,5,5,7,7,9,7,5,8,8,9,8,6,7,7,8,6,8,7,8,8,5,9,9,5,8,6,5,8,8,8,7,9,7,8,9
6,0,8,8,5,5,9,6,9,5,8,9,7,9,6,6,9,9,8,9,8,6,5,7,8,7,7,7,9,9,7,9,8,9,7,7,8,9,6,8,8,9,9,9,6,9,9,5,7,7
8,8,0,6,7,9,8,6,6,5,7,7,7,6,9,8,9,5,8,6,8,8,9,7,5,5,9,7,5,5,8,8,6,9,7,5,9,8,6,9,9,6,7,9,8,5,6,7,9,5
6,9,6,0,9,8,8,9,5,5,7,9,5,5,5,6,9,6,7,8,8,8,6,8,8,7,7,5,5,9,9,8,7,7,5,8,9,6,7,6,8,6,9,7,8,5,8,6,6,7
8,9,9,8,0,5,7,5,5,8,6,5,7,8,6,5,8,6,7,5,6,7,8,8,6,9,7,9,9,5,7,8,6,9,8,5,5,9,8,7,7,8,8,8,6,5,6,7,8,6
5,8,5,5,5,0,9,5,5,7,8,8,7,6,5,6,7,9,8,5,5,5,9,7,5,7,8,9,9,7,5,8,9,6,7,5,8,8,5,8,8,9,5,6,5,8,5,7,8,7
8,6,7,6,7,6,0,5,6,9,8,6,9,6,7,7,9,8,6,8,5,7,9,8,9,6,6,5,7,7,7,7,5,6,7,9,9,6,7,9,6,9,7,8,6,7,9,8,7,9
5,5,8,8,8,9,9,0,7,7,9,5,6,8,8,7,6,6,8,8,8,7,8,5,6,7,5,5,5,6,7,7,8,7,8,7,7,8,7,8,8,9,6,8,7,8,9,6,8,6
5,5,5,9,8,6,7,9,0,6,5,7,8,9,6,9,7,7,8,5,6,5,7,9,9,5,8,6,9,7,8,7,9,6,9,5,6,7,8,9,6,9,7,6,6,5,9,5,5,8
5,6,6,5,7,6,7,6,5,0,9,9,5,7,6,8,8,7,6,9,5,8,9,9,9,8,6,7,5,8,8,5,8,6,5,6,6,6,8,9,8,8,5,6,8,9,6,7,6,8
7,8,7,5,9,5,6,6,7,7,0,5,8,7,8,6,8,6,8,6,9,6,6,9,7,6,7,7,8,5,9,6,9,5,7,5,5,8,7,6,9,5,9,8,6,9,9,5,6,9
9,7,8,5,6,6,6,9,5,8,7,0,7,7,6,7,5,6,7,9,8,5,5,9,7,6,8,6,8,7,7,7,6,6,8,5,7,8,8,9,5,9,6,7,8,9,6,7,8,5
5,7,6,6,7,8,9,8,5,9,7,5,0,7,6,7,6,5,6,9,5,5,7,8,8,9,9,9,8,5,7,9,6,7,7,7,5,5,5,8,9,6,8,7,9,6,5,6,5,9
7,8,5,8,8,9,8,9,7,6,8,9,6,0,7,8,9,6,7,5,9,7,5,5,8,9,8,7,9,9,7,9,8,9,8,8,9,9,7,9,7,9,6,8,8,5,9,5,5,9
9,9,7,6,6,7,6,8,7,8,9,7,8,5,0,5,7,9,5,7,9,9,5,9,8,7,9,6,7,6,7,9,7,6,5,9,7,6,7,7,6,6,5,6,8,9,5,5,5,7
5,5,9,8,6,5,9,5,9,8,6,5,9,7,9,0,9,7,6,8,6,7,6,7,7,6,7,8,8,5,8,7,9,5,9,5,7,5,9,5,9,9,7,6,8,6,5,7,8,7
9,7,9,6,9,5,9,7,6,6,8,6,6,9,6,6,0,6,5,5,6,7,8,7,5,8,6,5,5,9,6,5,5,5,5,6,6,7,7,5,9,6,9,9,8,6,8,7,7,5
6,9,5,7,6,9,5,5,8,7,8,9,9,8,5,6,8,0,6,6,8,9,8,9,9,5,5,7,9,9,9,5,9,7,9,7,6,5,7,8,5,5,6,9,9,7,9,6,6,8
6,8,6,6,9,5,7,5,6,6,6,7,6,5,9,7,9,7,0,9,5,9,5,5,7,5,7,7,9,9,6,6,8,6,5,7,5,9,7,7,9,9,5,8,6,7,8,8,5,5
7,8,7,7,5,9,6,8,8,6,7,7,8,6,5,5,7,5,5,0,8,8,7,6,9,5,5,8,6,8,5,6,8,7,9,6,7,9,5,6,6,5,7,5,6,5,6,6,9,8
6,9,7,8,7,6,9,7,7,7,9,5,9,9,7,9,8,5,8,9,0,7,5,6,9,8,7,5,7,9,8,8,9,9,8,7,6,9,5,5,7,7,5,6,8,6,6,6,8,7
7,6,5,7,9,6,5,7,7,9,9,6,7,7,8,8,5,5,6,7,6,0,9,8,5,6,6,7,9,8,8,7,5,7,9,7,7,8,6,9,6,6,8,6,5,5,6,5,7,7
9,6,5,5,6,5,7,8,5,6,8,9,6,8,9,6,8,8,7,9,6,5,0,8,5,9,5,7,8,7,9,5,6,9,6,9,6,6,5,6,9,5,8,8,5,6,7,9,9,6
9,7,7,8,7,6,9,7,9,6,5,8,8,6,5,5,6,9,5,9,7,5,8,0,7,8,9,8,7,8,9,6,5,7,7,8,7,8,8,6,9,5,9,7,9,5,5,6,7,8
9,5,8,9,5,8,8,9,9,5,7,8,7,8,5,9,5,5,6,7,7,7,8,7,0,5,9,8,8,8,7,7,8,5,8,8,9,8,6,7,8,9,8,9,8,8,6,8,5,6
5,5,5,9,9,5,7,7,5,8,5,5,5,5,6,7,9,7,8,5,6,5,8,7,8,0,8,9,8,9,8,8,6,7,6,8,7,6,9,5,8,6,6,7,7,7,8,8,7,7
5,9,9,5,5,5,9,6,8,6,6,5,9,7,7,9,8,7,9,7,8,6,9,6,9,8,0,9,7,6,9,5,9,7,5,9,8,9,6,7,6,8,6,8,8,9,8,7,9,5
7,8,5,9,5,8,9,5,7,5,6,5,7,9,8,5,6,8,8,7,8,9,7,5,8,8,7,0,7,6,6,5,6,9,6,8,5,9,5,6,6,5,8,7,5,5,5,6,6,5
7,8,5,8,7,7,8,6,5,6,6,6,6,8,5,5,9,6,5,6,7,6,6,6,6,6,9,7,0,6,9,7,7,5,7,8,8,5,8,7,9,5,9,8,9,9,5,9,9,7
5,5,9,5,9,7,6,7,8,6,5,7,6,5,6,8,9,5,9,9,6,9,6,8,6,6,7,7,6,0,6,5,7,9,9,5,8,8,6,5,9,7,6,6,6,7,6,8,9,7
6,5,5,9,5,5,6,9,5,9,8,9,8,5,7,5,7,7,6,9,8,9,7,9,5,7,5,8,5,6,0,9,7,8,5,5,5,5,8,9,9,9,9,8,7,7,9,8,6,8
5,9,8,7,9,9,6,7,5,9,7,5,8,9,8,9,5,6,8,9,6,5,9,8,6,9,9,5,9,6,5,0,8,8,9,9,7,6,9,8,5,8,8,9,8,6,9,6,9,9
8,6,8,5,7,7,5,9,5,6,9,5,6,8,9,8,9,6,8,9,6,7,5,7,7,5,8,5,6,6,7,8,0,9,6,5,9,7,8,6,7,9,7,5,8,9,5,7,9,5
9,7,7,7,5,7,5,6,6,7,6,8,9,8,9,8,6,6,5,7,9,6,6,9,6,5,9,7,7,8,7,8,8,0,5,6,8,9,5,9,8,9,8,6,5,5,8,9,8,6
5,7,9,7,7,6,8,6,7,6,9,8,8,9,7,5,8,9,9,7,5,8,6,6,7,7,5,9,5,9,8,6,5,5,0,6,5,7,5,6,8,8,7,7,9,9,9,6,9,8
5,6,8,5,6,5,6,6,7,5,5,6,8,6,7,7,8,8,8,7,7,7,7,8,5,8,8,6,6,7,7,6,5,6,9,0,8,9,5,8,9,5,9,5,5,6,7,5,6,9
6,6,5,8,7,6,8,8,5,5,7,7,5,9,5,7,8,6,6,6,9,8,7,9,8,6,7,7,7,7,7,8,7,7,5,5,0,6,8,7,5,6,9,9,5,5,7,5,9,9
7,7,6,8,9,9,8,9,5,9,5,8,5,6,7,7,9,5,7,9,9,5,5,8,6,9,5,8,6,9,6,6,7,7,5,9,5,0,5,7,8,7,6,5,8,6,6,6,7,6
8,6,6,7,5,5,6,6,8,6,9,8,9,8,6,8,9,5,7,6,7,6,8,7,9,6,8,5,7,6,5,8,7,7,7,8,9,8,0,7,7,8,8,7,8,7,9,8,8,9
9,6,5,8,6,8,6,7,9,8,8,7,6,9,6,6,6,5,7,5,8,9,5,8,9,7,9,8,9,9,9,8,9,5,7,9,9,5,5,0,8,5,5,9,5,8,5,6,8,6
7,6,9,5,7,5,5,6,7,8,9,9,8,7,9,8,5,7,5,7,6,7,6,9,8,9,8,9,5,5,9,5,5,7,7,8,5,7,7,5,0,6,8,6,6,6,9,7,7,9
7,8,8,5,6,5,9,5,9,7,8,7,5,6,6,9,8,8,5,9,6,7,7,9,5,5,7,5,9,7,9,6,5,9,7,7,6,9,8,6,8,0,7,5,5,9,7,6,7,5
7,8,5,7,8,8,9,5,8,5,6,8,8,5,6,7,6,7,5,8,9,8,8,9,8,6,9,6,6,5,8,8,9,5,7,9,8,9,7,6,8,6,0,7,9,7,8,9,6,9
8,7,5,5,9,5,9,9,6,8,6,9,7,9,7,6,7,8,8,8,7,9,6,5,9,9,7,5,8,7,5,7,7,7,8,8,8,8,5,9,8,5,7,0,6,5,7,5,6,5
8,9,5,6,8,7,8,5,9,6,9,7,8,5,9,7,9,7,9,6,9,8,9,8,8,5,7,6,5,9,6,8,5,5,5,7,9,6,8,5,9,7,8,6,0,5,7,9,9,7
8,6,5,6,5,5,9,9,7,7,8,9,7,5,5,9,5,6,8,9,6,8,8,8,9,6,7,9,8,7,6,5,7,9,6,8,6,7,5,9,6,7,7,8,5,0,5,7,6,7
7,9,5,5,9,6,5,8,6,7,9,8,9,6,9,6,7,7,8,9,7,7,8,6,9,8,8,5,9,8,8,9,5,6,5,7,5,5,8,7,6,9,9,5,5,5,0,6,6,7
6,7,8,9,7,5,9,6,8,5,5,7,9,8,8,8,9,8,7,5,7,5,7,8,5,8,7,7,7,5,9,7,7,8,7,5,9,5,8,6,6,5,7,9,8,5,6,0,6,6
6,5,7,8,5,5,5,5,5,9,9,7,6,9,7,6,7,9,6,5,8,9,9,9,6,8,6,8,7,5,9,6,6,6,5,5,7,9,6,7,6,9,9,6,9,8,5,6,0,9
7,5,6,9,5,7,7,6,7,6,6,9,7,8,9,9,7,6,9,8,7,9,8,7,9,8,9,9,8,5,7,8,9,9,9,5,8,6,5,8,7,8,5,7,9,8,9,6,5,0
