R=50
Pi=(18,15,19,18,19,18,15,14,17,14,17,11,17,15,11,17,13,17,18,16,16,13,10,11,12,13,10,14,12,19,14,10,17,11,17,10,10,14,13,13,11,13,15,19,10,10,13,15,17,10)
A=
1,2,0
3,6,0
7,8,0
8,9,0
9,10,36
13,14,0
14,15,35
15,16,26
16,17,0
17,18,0
18,19,36
19,20,0
21,22,28
22,23,33
23,24,0
24,25,23
26,28,37
30,32,31
31,33,0
33,35,0
35,37,27
36,38,24
38,40,0
44,46,29
46,48,21
Sij=
0,10,12,10,12,10,14,11,14,13,12,11,11,12,14,10,10,12,12,14,12,10,13,13,14,13,11,12,12,13,11,13,12,13,13,10,14,14,10,13,11,10,13,13,13,12,14,12,13,14
11,0,13,13,10,10,14,11,14,10,13,14,12,14,11,11,14,14,13,14,13,11,10,12,13,12,12,12,14,14,12,14,13,14,12,12,13,14,11,13,13,14,14,14,11,14,14,10,12,12
13,13,0,11,12,14,13,11,11,10,12,12,12,11,14,13,14,10,13,11,13,13,14,12,10,10,14,12,10,10,13,13,11,14,12,10,14,13,11,14,14,11,12,14,13,10,11,12,14,10
11,14,11,0,14,13,13,14,10,10,12,14,10,10,10,11,14,11,12,13,13,13,11,13,13,12,12,10,10,14,14,13,12,12,10,13,14,11,12,11,13,11,14,12,13,10,13,11,11,12
13,14,14,13,0,10,12,10,10,13,11,10,12,13,11,10,13,11,12,10,11,12,13,13,11,14,12,14,14,10,12,13,11,14,13,10,10,14,13,12,12,13,13,13,11,10,11,12,13,11
10,13,10,10,10,0,14,10,10,12,13,13,12,11,10,11,12,14,13,10,10,10,14,12,10,12,13,14,14,12,10,13,14,11,12,10,13,13,10,13,13,14,10,11,10,13,10,12,13,12
13,11,12,11,12,11,0,10,11,14,13,11,14,11,12,12,14,13,11,13,10,12,14,13,14,11,11,10,12,12,12,12,10,11,12,14,14,11,12,14,11,14,12,13,11,12,14,13,12,14
10,10,13,13,13,14,14,0,12,12,14,10,11,13,13,12,11,11,13,13,13,12,13,10,11,12,10,10,10,11,12,12,13,12,13,12,12,13,12,13,13,14,11,13,12,13,14,11,13,11
10,10,10,14,13,11,12,14,0,11,10,12,13,14,11,14,12,12,13,10,11,10,12,14,14,10,13,11,14,12,13,12,14,11,14,10,11,12,13,14,11,14,12,11,11,10,14,10,10,13
10,11,11,10,12,11,12,11,10,0,14,14,10,12,11,13,13,12,11,14,10,13,14,14,14,13,11,12,10,13,13,10,13,11,10,11,11,11,13,14,13,13,10,11,13,14,11,12,11,13
12,13,12,10,14,10,11,11,12,12,0,10,13,12,13,11,13,11,13,11,14,11,11,14,12,11,12,12,13,10,14,11,14,10,12,10,10,13,12,11,14,10,14,13,11,14,14,10,11,14
14,12,13,10,11,11,11,14,10,13,12,0,12,12,11,12,10,11,12,14,13,10,10,14,12,11,13,11,13,12,12,12,11,11,13,10,12,13,13,14,10,14,11,12,13,14,11,12,13,10
10,12,11,11,12,13,14,13,10,14,12,10,0,12,11,12,11,10,11,14,10,10,12,13,13,14,14,14,13,10,12,14,11,12,12,12,10,10,10,13,14,11,13,12,14,11,10,11,10,14
12,13,10,13,13,14,13,14,12,11,13,14,11,0,12,13,14,11,12,10,14,12,10,10,13,14,13,12,14,14,12,14,13,14,13,13,14,14,12,14,12,14,11,13,13,10,14,10,10,14
14,14,12,11,11,12,11,13,12,13,14,12,13,10,0,10,12,14,10,12,14,14,10,14,13,12,14,11,12,11,12,14,12,11,10,14,12,11,12,12,11,11,10,11,13,14,10,10,10,12
10,10,14,13,11,10,14,10,14,13,11,10,14,12,14,0,14,12,11,13,11,12,11,12,12,11,12,13,13,10,13,12,14,10,14,10,12,10,14,10,14,14,12,11,13,11,10,12,13,12
14,12,14,11,14,10,14,12,11,11,13,11,11,14,11,11,0,11,10,10,11,12,13,12,10,13,11,10,10,14,11,10,10,10,10,11,11,12,12,10,14,11,14,14,13,11,13,12,12,10
11,14,10,12,11,14,10,10,13,12,13,14,14,13,10,11,13,0,11,11,13,14,13,14,14,10,10,12,14,14,14,10,14,12,14,12,11,10,12,13,10,10,11,14,14,12,14,11,11,13
11,13,11,11,14,10,12,10,11,11,11,12,11,10,14,12,14,12,0,14,10,14,10,10,12,10,12,12,14,14,11,11,13,11,10,12,10,14,12,12,14,14,10,13,11,12,13,13,10,10
12,13,12,12,10,14,11,13,13,11,12,12,13,11,10,10,12,10,10,0,13,13,12,11,14,10,10,13,11,13,10,11,13,12,14,11,12,14,10,11,11,10,12,10,11,10,11,11,14,13
11,14,12,13,12,11,14,12,12,12,14,10,14,14,12,14,13,10,13,14,0,12,10,11,14,13,12,10,12,14,13,13,14,14,13,12,11,14,10,10,12,12,10,11,13,11,11,11,13,12
12,11,10,12,14,11,10,12,12,14,14,11,12,12,13,13,10,10,11,12,11,0,14,13,10,11,11,12,14,13,13,12,10,12,14,12,12,13,11,14,11,11,13,11,10,10,11,10,12,12
14,11,10,10,11,10,12,13,10,11,13,14,11,13,14,11,13,13,12,14,11,10,0,13,10,14,10,12,13,12,14,10,11,14,11,14,11,11,10,11,14,10,13,13,10,11,12,14,14,11
14,12,12,13,12,11,14,12,14,11,10,13,13,11,10,10,11,14,10,14,12,10,13,0,12,13,14,13,12,13,14,11,10,12,12,13,12,13,13,11,14,10,14,12,14,10,10,11,12,13
14,10,13,14,10,13,13,14,14,10,12,13,12,13,10,14,10,10,11,12,12,12,13,12,0,10,14,13,13,13,12,12,13,10,13,13,14,13,11,12,13,14,13,14,13,13,11,13,10,11
10,10,10,14,14,10,12,12,10,13,10,10,10,10,11,12,14,12,13,10,11,10,13,12,13,0,13,14,13,14,13,13,11,12,11,13,12,11,14,10,13,11,11,12,12,12,13,13,12,12
10,14,14,10,10,10,14,11,13,11,11,10,14,12,12,14,13,12,14,12,13,11,14,11,14,13,0,14,12,11,14,10,14,12,10,14,13,14,11,12,11,13,11,13,13,14,13,12,14,10
12,13,10,14,10,13,14,10,12,10,11,10,12,14,13,10,11,13,13,12,13,14,12,10,13,13,12,0,12,11,11,10,11,14,11,13,10,14,10,11,11,10,13,12,10,10,10,11,11,10
12,13,10,13,12,12,13,11,10,11,11,11,11,13,10,10,14,11,10,11,12,11,11,11,11,11,14,12,0,11,14,12,12,10,12,13,13,10,13,12,14,10,14,13,14,14,10,14,14,12
10,10,14,10,14,12,11,12,13,11,10,12,11,10,11,13,14,10,14,14,11,14,11,13,11,11,12,12,11,0,11,10,12,14,14,10,13,13,11,10,14,12,11,11,11,12,11,13,14,12
11,10,10,14,10,10,11,14,10,14,13,14,13,10,12,10,12,12,11,14,13,14,12,14,10,12,10,13,10,11,0,14,12,13,10,10,10,10,13,14,14,14,14,13,12,12,14,13,11,13
10,14,13,12,14,14,11,12,10,14,12,10,13,14,13,14,10,11,13,14,11,10,14,13,11,14,14,10,14,11,10,0,13,13,14,14,12,11,14,13,10,13,13,14,13,11,14,11,14,14
13,11,13,10,12,12,10,14,10,11,14,10,11,13,14,13,14,11,13,14,11,12,10,12,12,10,13,10,11,11,12,13,0,14,11,10,14,12,13,11,12,14,12,10,13,14,10,12,14,10
14,12,12,12,10,12,10,11,11,12,11,13,14,13,14,13,11,11,10,12,14,11,11,14,11,10,14,12,12,13,12,13,13,0,10,11,13,14,10,14,13,14,13,11,10,10,13,14,13,11
10,12,14,12,12,11,13,11,12,11,14,13,13,14,12,10,13,14,14,12,10,13,11,11,12,12,10,14,10,14,13,11,10,10,0,11,10,12,10,11,13,13,12,12,14,14,14,11,14,13
10,11,13,10,11,10,11,11,12,10,10,11,13,11,12,12,13,13,13,12,12,12,12,13,10,13,13,11,11,12,12,11,10,11,14,0,13,14,10,13,14,10,14,10,10,11,12,10,11,14
11,11,10,13,12,11,13,13,10,10,12,12,10,14,10,12,13,11,11,11,14,13,12,14,13,11,12,12,12,12,12,13,12,12,10,10,0,11,13,12,10,11,14,14,10,10,12,10,14,14
12,12,11,13,14,14,13,14,10,14,10,13,10,11,12,12,14,10,12,14,14,10,10,13,11,14,10,13,11,14,11,11,12,12,10,14,10,0,10,12,13,12,11,10,13,11,11,11,12,11
13,11,11,12,10,10,11,11,13,11,14,13,14,13,11,13,14,10,12,11,12,11,13,12,14,11,13,10,12,11,10,13,12,12,12,13,14,13,0,12,12,13,13,12,13,12,14,13,13,14
14,11,10,13,11,13,11,12,14,13,13,12,11,14,11,11,11,10,12,10,13,14,10,13,14,12,14,13,14,14,14,13,14,10,12,14,14,10,10,0,13,10,10,14,10,13,10,11,13,11
12,11,14,10,12,10,10,11,12,13,14,14,13,12,14,13,10,12,10,12,11,12,11,14,13,14,13,14,10,10,14,10,10,12,12,13,10,12,12,10,0,11,13,11,11,11,14,12,12,14
12,13,13,10,11,10,14,10,14,12,13,12,10,11,11,14,13,13,10,14,11,12,12,14,10,10,12,10,14,12,14,11,10,14,12,12,11,14,13,11,13,0,12,10,10,14,12,11,12,10
12,13,10,12,13,13,14,10,13,10,11,13,13,10,11,12,11,12,10,13,14,13,13,14,13,11,14,11,11,10,13,13,14,10,12,14,13,14,12,11,13,11,0,12,14,12,13,14,11,14
13,12,10,10,14,10,14,14,11,13,11,14,12,14,12,11,12,13,13,13,12,14,11,10,14,14,12,10,13,12,10,12,12,12,13,13,13,13,10,14,13,10,12,0,11,10,12,10,11,10
13,14,10,11,13,12,13,10,14,11,14,12,13,10,14,12,14,12,14,11,14,13,14,13,13,10,12,11,10,14,11,13,10,10,10,12,14,11,13,10,14,12,13,11,0,10,12,14,14,12
13,11,10,11,10,10,14,14,12,12,13,14,12,10,10,14,10,11,13,14,11,13,13,13,14,11,12,14,13,12,11,10,12,14,11,13,11,12,10,14,11,12,12,13,10,0,10,12,11,12
12,14,10,10,14,11,10,13,11,12,14,13,14,11,14,11,12,12,13,14,12,12,13,11,14,13,13,10,14,13,13,14,10,11,10,12,10,10,13,12,11,14,14,10,10,10,0,11,11,12
11,12,13,14,12,10,14,11,13,10,10,12,14,13,13,13,14,13,12,10,12,10,12,13,10,13,12,12,12,10,14,12,12,13,12,10,14,10,13,11,11,10,12,14,13,10,11,0,11,11
11,10,12,13,10,10,10,10,10,14,14,12,11,14,12,11,12,14,11,10,13,14,14,14,11,13,11,13,12,10,14,11,11,11,10,10,12,14,11,12,11,14,14,11,14,13,10,11,0,14
12,10,11,14,10,12,12,11,12,11,11,14,12,13,14,14,12,11,14,13,12,14,13,12,14,13,14,14,13,10,12,13,14,14,14,10,13,11,10,13,12,13,10,12,14,13,14,11,10,0
