R=50
Pi=(22,26,28,21,25,21,22,29,23,23,25,28,26,20,20,29,21,28,27,24,22,25,24,20,29,24,25,25,23,24,22,22,25,20,26,28,25,24,28,26,28,25,28,26,24,24,23,25,24,26)
A=
1,2,45
2,3,57
3,5,59
8,9,0
9,10,0
10,12,41
15,16,42
16,17,0
17,18,53
18,19,59
19,21,48
20,22,59
21,23,46
22,24,0
23,25,0
24,26,0
27,29,0
31,33,46
33,35,0
34,36,45
37,39,0
38,40,0
39,41,0
41,43,0
46,48,56
Sij=
0,12,11,10,13,10,10,14,14,11,13,12,13,14,12,12,11,14,12,10,10,11,10,10,12,11,13,12,12,11,10,13,13,12,13,13,12,11,13,12,14,13,10,10,13,14,14,14,12,12
14,0,10,10,11,10,12,11,10,13,12,12,13,11,13,11,14,13,11,11,14,10,10,10,14,11,11,10,14,12,12,11,13,10,10,11,10,13,12,11,10,11,12,12,11,14,11,11,12,14
14,10,0,13,13,12,12,14,14,10,10,13,11,11,13,11,10,14,13,11,11,11,11,11,14,10,13,12,12,14,14,14,10,13,10,12,11,13,10,12,12,12,10,12,11,12,14,14,13,11
10,10,13,0,14,11,12,13,14,13,12,14,14,11,14,10,10,13,13,11,10,14,11,14,10,13,13,10,13,10,11,11,13,13,11,14,14,11,10,12,12,14,12,10,12,12,13,10,11,11
10,13,11,13,0,13,11,13,10,12,11,12,12,14,14,12,11,11,10,10,10,11,14,13,11,13,11,12,11,11,12,10,13,13,12,14,12,14,10,10,14,10,13,14,13,14,10,14,12,13
10,11,13,10,11,0,10,11,10,10,14,11,13,12,14,14,11,14,13,12,14,14,11,10,14,10,14,12,14,14,11,13,11,14,13,10,11,11,13,12,11,12,12,14,11,14,11,13,14,14
12,10,11,12,13,13,0,14,10,14,14,11,12,11,10,14,10,14,13,13,13,13,14,10,10,10,11,11,12,14,10,14,11,13,10,11,10,11,14,11,14,11,10,12,13,11,14,11,12,10
10,14,12,14,11,10,13,0,14,10,11,11,12,11,11,14,10,10,14,11,13,13,14,10,12,13,11,13,12,12,14,11,10,14,12,14,10,11,11,11,10,13,10,10,12,14,12,10,14,12
13,11,14,10,13,11,10,13,0,14,10,14,12,10,12,11,10,11,13,13,11,13,13,13,12,10,14,12,13,13,12,11,10,14,14,14,13,11,10,10,11,13,12,11,10,11,12,13,13,14
12,13,14,12,12,14,14,12,12,0,14,14,13,12,10,11,14,14,13,10,13,12,13,10,12,12,12,11,11,12,10,13,11,14,13,10,14,12,13,11,10,14,10,14,11,11,12,11,11,10
11,12,14,12,14,11,13,12,11,10,0,10,13,12,10,12,11,13,13,13,14,12,12,10,11,10,13,11,14,14,11,14,11,14,11,11,12,13,13,10,12,12,12,10,13,11,11,11,10,12
10,13,13,12,12,12,13,11,13,12,10,0,10,14,12,10,10,13,14,11,13,14,12,14,13,11,12,10,11,12,10,13,12,10,12,14,13,10,13,11,14,12,10,14,10,14,11,13,14,10
12,12,12,10,12,12,12,13,14,11,10,12,0,11,14,13,13,13,14,11,13,12,14,10,12,12,10,13,12,14,14,14,13,11,11,14,12,11,11,13,14,12,10,11,12,11,11,10,11,11
12,11,12,11,10,13,13,12,10,13,11,14,14,0,14,10,11,11,11,10,10,10,12,11,10,11,11,11,13,12,10,10,14,12,11,11,13,11,11,10,13,11,14,10,13,11,10,13,10,10
10,14,10,10,11,10,14,14,12,14,14,11,14,14,0,14,12,11,12,12,12,11,14,14,10,12,13,11,12,12,13,11,12,11,12,11,10,14,14,11,10,12,13,14,11,10,11,11,14,10
10,10,13,10,13,14,10,10,10,13,12,14,12,11,14,0,13,11,10,11,12,14,12,12,10,12,14,12,10,12,14,10,12,11,11,12,13,13,12,12,13,11,10,14,11,14,11,10,12,10
13,14,11,10,11,11,12,13,12,12,14,11,10,12,10,12,0,14,12,11,14,10,10,13,12,13,11,13,13,10,11,11,14,10,10,14,10,13,12,14,14,14,10,10,10,13,12,11,13,14
13,14,13,13,13,14,12,10,13,11,14,12,14,12,10,11,14,0,11,14,12,14,13,12,13,11,14,10,14,13,14,11,10,10,13,11,12,13,10,12,11,11,10,14,10,14,11,14,12,10
13,13,10,11,10,14,14,11,14,12,13,13,12,11,14,10,14,12,0,10,10,12,12,13,14,12,10,14,14,12,13,14,10,12,14,14,10,10,13,14,14,11,11,13,13,14,13,14,13,10
14,10,14,14,12,12,10,14,11,14,14,14,10,13,11,12,12,10,12,0,12,13,10,10,12,10,13,11,14,10,14,14,11,11,13,13,12,10,10,10,12,13,10,13,14,14,10,10,13,11
10,11,12,11,11,12,14,10,11,13,13,11,11,14,11,14,13,13,12,10,0,14,12,12,14,10,13,12,11,10,12,10,13,13,13,10,13,11,14,10,11,13,12,13,12,12,11,12,11,11
14,11,12,13,12,12,13,14,12,10,13,14,12,14,13,12,10,13,13,13,13,0,13,13,12,11,11,12,13,14,12,14,10,10,14,11,11,13,14,10,11,11,14,14,14,12,11,10,12,14
10,12,12,14,12,13,11,12,14,11,10,14,14,14,10,11,12,14,13,12,12,13,0,10,12,12,12,13,13,14,10,10,10,14,13,14,10,11,11,12,10,14,14,14,13,14,11,11,14,13
12,14,12,12,14,12,11,11,14,12,10,10,12,12,13,11,10,10,11,10,10,14,10,0,11,12,13,13,14,12,13,10,10,13,10,11,10,13,12,14,11,12,13,11,14,12,10,12,11,10
11,14,11,10,14,13,12,14,10,10,11,14,12,14,11,11,10,11,12,11,13,13,12,10,0,10,12,11,12,11,14,11,11,12,13,10,14,14,10,13,11,14,11,12,12,13,11,14,13,10
12,11,13,14,10,12,13,11,11,14,11,12,10,12,11,14,10,11,14,14,11,12,10,12,10,0,11,11,10,10,12,13,12,13,12,14,12,12,11,12,10,11,12,13,10,12,14,13,14,11
12,12,14,10,14,13,10,11,10,13,13,11,13,11,13,11,13,13,13,13,13,11,13,14,14,12,0,14,14,14,10,11,13,12,13,12,14,13,12,13,13,13,10,12,12,14,14,13,11,14
13,13,10,10,11,13,11,14,10,11,11,14,10,11,10,12,10,14,14,14,14,12,11,10,10,14,12,0,14,10,10,14,14,12,10,11,12,10,12,11,10,10,14,13,11,12,13,12,13,12
10,14,14,13,12,14,11,12,10,10,11,10,12,13,14,11,11,11,10,10,12,11,12,13,14,13,14,14,0,14,12,11,11,13,12,10,11,10,10,10,10,10,14,10,11,14,14,13,11,13
14,10,11,12,13,14,13,11,11,14,14,14,11,12,13,14,10,11,14,13,13,11,11,11,10,10,12,11,11,0,13,14,14,13,10,10,11,10,14,10,13,11,14,13,11,11,10,13,12,11
12,14,13,14,12,10,13,14,10,11,12,11,11,14,13,10,14,11,11,12,11,14,10,10,11,11,13,13,14,14,0,14,12,10,10,14,14,11,10,10,10,11,11,14,12,13,11,10,10,14
10,11,14,11,10,10,13,13,12,12,11,11,10,10,11,12,14,10,11,10,14,14,14,10,10,10,10,14,13,12,14,0,11,13,13,14,12,14,10,10,14,10,10,13,12,14,13,11,11,13
10,13,10,13,14,10,11,11,14,10,14,14,13,10,10,12,14,12,11,11,13,12,13,10,11,14,13,10,12,10,11,14,0,14,11,12,13,13,12,14,12,12,10,10,10,11,10,12,10,13
14,14,11,14,10,10,12,14,10,12,14,12,10,14,13,13,14,10,12,12,11,13,12,13,14,13,12,12,13,14,11,12,12,0,12,12,11,10,14,14,11,10,14,13,10,10,10,11,11,11
11,11,10,14,12,12,10,12,12,10,11,12,14,10,11,10,11,14,13,12,12,12,14,11,11,12,12,10,11,13,13,12,11,11,0,12,12,11,12,10,10,11,13,13,14,12,13,10,13,12
14,13,10,13,14,13,13,11,13,13,14,10,10,10,14,11,14,11,13,13,13,14,14,13,13,10,13,14,10,13,13,12,13,13,12,0,10,13,14,12,12,13,11,12,14,11,10,11,13,14
12,13,11,11,14,13,14,14,11,14,13,10,14,10,14,10,12,11,11,13,14,13,10,14,10,14,12,12,10,12,13,13,10,10,12,10,0,11,10,14,14,12,10,11,14,13,12,14,10,12
13,13,13,10,14,10,14,12,12,11,10,11,12,13,13,11,14,14,14,13,14,14,11,12,11,11,13,12,11,10,13,14,11,10,11,13,14,0,13,10,14,13,13,13,14,13,13,10,12,12
12,13,12,10,12,13,14,12,11,13,13,12,12,11,12,12,10,10,11,12,10,12,11,14,14,14,11,11,11,13,13,11,10,14,13,11,11,14,0,14,12,12,11,12,10,12,12,11,11,10
12,13,13,13,14,12,10,12,13,11,12,11,12,10,13,14,12,11,12,13,10,11,11,10,14,14,13,14,10,11,11,13,14,10,14,14,10,12,11,0,12,12,13,12,13,11,10,14,10,14
10,10,11,14,13,14,10,12,12,13,10,13,10,12,11,14,14,12,12,11,14,14,14,10,14,10,12,13,12,14,14,14,13,10,14,11,10,13,11,11,0,13,11,12,13,10,13,12,11,10
13,12,13,12,14,14,11,10,11,14,13,12,12,14,13,14,10,10,10,12,10,13,10,10,11,12,12,11,10,14,11,13,10,12,14,11,10,12,13,10,13,0,10,14,14,13,13,11,12,14
13,10,12,11,14,10,10,11,12,11,11,12,10,14,12,12,10,11,14,10,11,14,13,12,14,14,10,14,10,12,12,11,14,11,11,13,13,11,11,12,14,10,0,13,10,11,12,12,10,12
11,13,11,11,11,13,14,11,10,11,14,14,10,10,14,14,10,12,13,13,13,14,13,14,12,11,10,10,13,10,11,11,14,12,14,14,10,10,13,13,11,11,12,0,14,12,12,13,14,13
11,10,14,14,12,14,12,14,11,13,10,12,14,13,10,14,13,10,13,11,14,13,10,14,10,11,11,12,13,12,10,13,10,11,11,14,11,12,12,12,12,10,13,11,0,12,11,12,12,12
14,13,12,14,13,13,12,10,10,13,11,12,14,10,14,13,12,11,12,12,10,12,10,13,10,14,14,14,14,11,14,13,13,14,14,13,13,13,12,13,13,14,11,13,10,0,10,12,14,14
12,10,14,10,10,11,11,13,13,13,14,14,13,10,13,14,13,13,10,11,10,10,13,14,14,13,11,11,12,12,10,11,10,10,11,10,14,12,13,13,12,10,14,14,12,13,0,10,13,12
13,12,11,12,12,14,12,11,10,11,11,10,10,10,11,13,12,14,12,14,12,10,10,10,11,14,14,11,14,11,10,12,12,13,13,10,13,14,12,10,14,14,14,11,11,12,11,0,14,13
10,10,14,12,14,14,13,11,11,10,13,10,10,12,14,11,14,12,11,12,10,14,12,11,12,14,13,11,14,14,14,12,14,13,13,10,10,14,13,13,10,13,12,14,13,10,13,11,0,14
10,12,14,10,12,12,11,12,12,10,14,11,12,11,11,10,11,10,12,13,13,10,14,14,13,11,12,12,13,13,11,11,11,11,14,12,14,12,11,10,12,13,13,14,14,12,12,11,10,0
