R=50
Pi=(13,12,12,16,14,19,11,19,15,11,19,13,10,10,14,11,19,10,18,12,14,10,18,17,11,17,12,17,19,11,10,17,13,11,13,19,11,17,11,17,13,11,19,18,15,11,10,15,16,18)
A=
1,2,39
2,3,0
4,5,29
5,6,0
6,7,24
8,9,39
9,10,36
11,13,0
15,16,20
16,17,31
17,18,0
18,19,0
19,20,0
20,22,0
23,24,0
24,25,38
26,27,34
27,28,35
28,29,38
29,31,0
35,36,0
36,37,39
41,43,0
44,46,0
45,47,35
Sij=
0,8,7,7,5,5,7,5,9,9,8,9,8,7,6,9,5,9,6,9,8,6,6,8,8,9,9,5,9,8,6,9,6,9,7,7,7,8,9,8,8,8,7,7,6,8,5,5,8,7
7,0,5,9,7,8,6,7,8,8,6,6,7,6,6,7,9,7,8,9,9,7,6,9,7,5,5,8,9,7,5,8,8,7,6,5,6,5,8,6,6,5,8,9,8,7,6,6,6,9
6,5,0,7,5,8,9,5,5,7,6,7,8,7,5,8,8,7,5,9,5,6,9,9,7,8,9,8,7,6,9,9,9,7,9,5,5,6,7,8,6,5,5,7,6,9,7,7,7,6
9,5,6,0,6,6,8,7,6,9,7,9,6,8,8,7,7,8,5,7,9,8,6,5,7,8,5,5,6,7,8,5,6,6,5,6,9,8,7,5,6,8,9,6,5,8,5,6,7,5
9,6,7,9,0,7,8,7,5,9,8,6,7,6,8,6,6,8,9,7,7,8,9,5,5,6,6,8,5,5,8,7,8,8,6,8,6,8,6,8,7,8,9,9,9,9,8,7,5,9
8,5,5,8,5,0,6,5,5,7,8,6,9,7,9,5,5,7,9,5,5,9,8,6,6,5,8,9,9,5,5,7,9,8,6,6,8,7,9,8,9,7,6,6,8,7,7,6,9,9
9,7,9,7,9,9,0,5,8,9,8,6,6,5,5,6,6,6,6,5,8,6,8,7,6,5,7,8,6,7,9,8,6,5,5,6,7,8,7,8,6,6,9,8,6,6,8,7,5,9
7,5,6,5,5,7,6,0,9,7,7,6,5,8,5,5,5,9,5,9,9,8,8,9,7,9,7,7,5,6,5,6,5,7,7,5,8,6,6,9,8,9,8,5,5,6,5,7,8,7
6,6,7,7,6,5,9,5,0,8,6,8,5,6,8,7,5,6,7,6,5,6,8,8,5,6,9,5,7,9,5,8,5,8,7,9,9,9,7,6,6,6,7,8,9,6,8,8,5,8
9,5,7,5,8,6,7,7,6,0,6,7,5,6,6,7,7,8,6,8,8,8,6,8,6,5,8,9,5,8,9,7,5,5,9,9,5,5,9,9,6,7,6,7,5,9,6,5,6,5
7,8,6,5,6,9,8,6,6,9,0,9,6,7,8,7,8,6,9,6,6,7,7,8,7,7,6,6,9,7,7,9,8,8,5,6,5,6,5,8,9,6,8,9,9,9,9,9,7,9
7,7,6,8,9,7,9,5,9,7,5,0,8,9,9,9,5,6,8,7,6,6,7,6,6,6,9,9,8,8,7,8,6,8,9,5,9,7,9,8,7,6,5,6,7,8,6,7,9,9
9,8,5,7,6,7,9,5,5,7,9,8,0,6,6,7,9,8,9,9,8,9,7,7,5,5,5,6,6,9,8,5,7,9,8,8,8,7,9,7,6,6,8,7,7,8,8,5,9,9
8,9,6,8,6,5,6,6,5,6,5,6,8,0,6,6,6,7,9,8,7,8,6,9,7,7,6,5,9,9,6,6,9,6,6,5,8,9,9,8,8,7,7,7,7,6,9,8,7,6
6,6,9,6,6,5,7,9,9,5,9,9,7,6,0,9,5,6,9,6,6,7,7,8,5,5,5,5,8,6,5,8,8,8,8,8,5,7,8,5,5,8,9,5,9,8,9,9,6,8
7,5,9,6,5,8,8,7,8,6,5,9,8,7,8,0,7,6,5,8,7,9,7,7,9,5,7,8,6,9,6,6,5,9,5,9,5,8,6,8,5,9,7,9,7,9,6,5,6,6
7,7,8,5,8,9,9,7,5,6,8,9,7,8,6,9,0,5,5,7,8,8,8,9,7,8,7,6,8,5,5,9,7,7,5,7,9,7,9,6,6,5,7,7,9,9,5,7,8,7
7,9,5,7,7,8,8,8,6,7,5,7,5,7,9,6,5,0,6,7,6,7,7,5,9,5,8,5,6,9,7,7,5,8,6,7,6,8,9,9,6,9,6,5,7,5,9,9,5,7
8,8,8,5,6,5,5,9,6,6,9,7,6,8,9,9,5,8,0,9,9,8,8,6,7,5,7,6,6,7,8,6,9,5,8,6,8,8,9,7,5,7,7,7,7,5,8,7,7,5
7,9,5,9,5,9,9,7,6,9,9,9,8,6,7,5,5,7,8,0,6,6,5,5,6,9,7,6,6,9,7,7,5,8,5,9,9,5,9,5,9,7,6,7,9,7,6,8,5,9
7,9,6,8,6,9,6,8,9,5,8,7,8,7,9,7,9,6,7,6,0,8,9,5,7,9,9,5,8,5,8,7,8,6,6,7,7,5,6,6,6,8,5,6,9,6,6,8,8,7
7,8,5,5,8,5,7,8,9,9,6,9,7,8,5,7,5,6,6,5,6,0,7,7,9,6,8,8,7,6,5,7,6,7,6,8,5,7,7,7,6,9,9,6,6,5,7,5,6,6
7,6,5,7,7,6,5,6,6,9,5,7,5,6,9,7,5,7,6,9,5,9,0,8,8,5,6,7,5,5,8,9,8,6,6,9,9,6,8,9,5,8,9,6,7,6,9,8,7,7
9,9,9,8,7,5,7,8,6,7,5,8,9,5,7,9,6,5,9,7,9,6,6,0,7,6,6,6,8,5,7,5,7,9,8,6,9,9,5,9,5,7,6,9,6,9,6,8,8,9
7,5,8,9,9,7,8,8,7,6,5,9,9,7,9,6,8,8,5,8,8,5,6,5,0,8,5,8,6,9,7,5,7,7,8,7,6,6,8,5,6,8,6,6,8,8,5,7,8,9
5,6,7,8,5,6,7,8,7,5,9,8,6,8,5,5,8,6,5,5,7,9,9,8,9,0,5,6,8,7,7,8,7,5,7,9,6,8,8,7,7,9,8,8,7,5,7,6,7,6
8,5,8,7,8,6,6,6,8,9,5,9,8,6,5,7,6,8,9,9,8,7,9,9,7,5,0,9,5,7,7,6,8,9,7,9,7,9,5,6,5,7,5,5,9,6,8,6,7,8
9,9,9,6,8,7,5,5,8,9,8,7,5,8,5,8,6,5,6,6,8,8,6,6,9,6,8,0,7,9,8,9,9,7,7,7,8,7,6,5,9,8,6,5,5,8,8,7,6,9
6,5,7,9,5,9,6,8,7,7,7,8,8,6,5,5,8,5,8,5,7,6,9,9,6,8,7,7,0,6,8,6,9,7,7,8,7,6,9,6,7,6,5,9,9,8,5,9,5,9
9,9,7,8,5,7,5,5,8,7,7,7,8,6,9,6,8,6,6,7,7,8,9,8,5,9,7,6,5,0,6,5,8,7,8,6,8,8,5,6,9,8,7,8,6,9,5,8,8,5
8,9,9,8,7,6,5,5,9,7,6,5,8,5,6,6,8,9,5,5,5,7,7,5,6,9,5,5,7,9,0,5,5,8,5,6,6,6,5,9,6,5,8,9,7,9,9,9,6,6
9,5,5,7,8,5,5,6,8,6,8,5,5,7,9,7,5,6,8,9,9,5,7,9,8,9,7,8,5,5,7,0,9,9,8,7,9,9,8,5,5,5,9,8,9,6,5,9,5,9
9,8,7,6,7,7,9,7,6,8,8,7,7,6,7,9,8,6,7,5,5,8,7,6,7,8,9,6,8,8,8,9,0,7,8,5,7,9,8,7,6,7,6,8,9,6,7,8,8,5
5,7,8,7,9,9,6,6,6,8,9,7,7,9,7,5,9,5,8,6,5,9,5,9,6,7,8,9,8,9,9,9,6,0,6,8,5,9,7,7,8,8,6,8,9,8,8,9,6,5
9,7,7,5,6,9,5,7,9,6,7,5,7,7,6,8,9,5,6,6,7,5,6,7,9,7,9,6,5,6,7,7,7,8,0,9,6,6,9,9,7,7,7,5,5,5,8,6,8,6
5,8,8,8,9,8,8,5,5,5,9,5,9,6,8,9,9,8,8,8,5,7,5,6,9,9,9,5,6,6,6,6,6,9,9,0,7,9,8,8,5,5,5,6,8,5,6,8,6,6
6,5,5,8,9,6,8,8,6,9,5,9,7,9,9,8,7,9,9,6,5,5,6,5,7,7,9,5,6,5,7,5,8,8,9,5,0,6,8,6,8,6,9,7,9,7,6,7,6,7
9,7,7,8,9,6,6,9,9,5,7,6,7,6,6,7,9,6,9,9,8,7,9,7,5,5,5,8,7,7,6,9,8,8,6,8,9,0,6,8,6,8,6,6,7,8,6,8,8,5
6,8,5,8,6,8,7,7,5,7,8,5,8,7,7,9,7,8,8,9,7,8,7,7,7,5,7,6,6,9,9,7,7,7,5,9,6,6,0,7,5,9,5,9,9,5,6,5,8,8
8,6,8,9,8,7,8,5,8,5,5,6,6,6,5,8,6,8,5,7,8,7,6,6,8,5,7,9,8,7,6,5,8,7,8,8,5,7,9,0,9,7,8,8,5,6,8,8,9,8
5,9,7,9,6,5,5,9,7,5,7,5,9,7,5,9,5,8,9,8,7,8,8,9,6,9,9,9,5,9,5,7,8,5,8,7,8,5,7,6,0,7,8,7,7,6,8,8,6,7
6,5,9,9,6,5,6,5,8,8,6,6,5,9,8,5,5,7,8,8,8,5,5,5,7,5,9,6,6,7,7,6,8,7,9,8,5,8,7,9,7,0,7,9,6,6,5,6,9,9
7,5,6,9,7,9,5,5,9,6,5,6,9,9,5,5,9,8,8,9,9,9,7,9,8,6,6,5,8,9,7,9,9,7,8,7,5,7,5,8,9,8,0,6,7,6,8,7,7,9
5,7,6,8,9,5,7,8,6,6,6,8,9,6,9,8,6,7,7,5,8,5,7,7,9,5,5,8,5,8,5,8,8,6,7,7,6,5,9,6,6,9,8,0,5,8,5,9,6,6
8,5,5,9,6,6,5,9,8,8,9,9,9,7,8,5,7,9,8,8,7,7,5,7,6,9,8,6,6,8,8,5,8,6,6,7,9,9,7,5,7,7,7,6,0,5,7,6,6,5
5,6,6,6,7,8,6,9,8,8,6,7,9,8,9,5,8,5,8,5,5,5,7,6,7,6,5,5,8,7,9,8,7,5,6,7,7,9,6,7,5,7,6,5,6,0,8,8,8,7
6,6,6,8,5,9,9,8,5,8,6,8,6,6,5,9,8,9,8,7,7,7,9,9,5,5,7,9,7,5,9,8,6,7,6,6,7,9,6,6,6,8,7,5,9,8,0,9,6,5
6,7,8,9,6,9,8,6,6,7,5,6,9,6,5,9,8,7,8,9,9,6,8,8,7,5,8,5,9,9,7,6,6,9,5,7,5,8,5,8,7,9,5,6,6,9,7,0,7,6
5,6,6,5,6,5,9,8,5,7,5,5,7,7,6,5,8,5,5,5,7,8,9,7,9,6,5,5,7,7,7,8,6,8,9,8,5,5,9,8,6,8,5,6,9,7,9,7,0,9
6,7,9,6,6,9,6,7,8,5,9,5,8,6,7,5,6,9,8,8,8,9,8,5,6,9,8,7,8,7,7,6,7,6,5,9,7,7,9,9,7,6,7,9,9,8,7,7,7,0
