R=50
Pi=(24,24,20,24,22,24,29,29,20,25,29,24,28,21,22,26,26,25,29,27,20,20,25,21,25,23,26,22,20,23,25,28,29,22,27,21,24,25,28,20,24,22,22,22,26,27,23,25,20,24)
A=
1,2,31
2,3,0
3,4,0
4,5,28
5,6,35
6,7,0
7,8,0
8,9,38
9,10,0
13,15,0
16,17,0
17,18,0
18,19,0
20,23,26
24,25,0
25,26,37
26,27,0
27,28,37
32,33,0
33,34,29
35,37,32
40,42,29
43,45,28
45,47,30
48,50,31
Sij=
0,8,5,7,9,9,9,8,7,8,7,9,8,7,5,5,5,7,8,8,8,5,6,9,8,9,9,7,8,6,9,8,7,8,8,8,7,6,8,7,9,9,6,8,6,5,9,7,8,5
7,0,5,5,5,7,6,7,5,9,5,9,7,5,5,9,9,7,5,9,7,8,9,9,5,8,8,9,7,7,8,5,7,8,8,9,8,7,6,5,6,5,6,7,8,8,7,9,5,9
6,7,0,8,7,6,6,7,6,5,7,8,7,9,8,5,5,7,9,7,6,5,7,5,5,7,6,7,7,6,7,6,9,8,7,5,5,6,9,6,6,6,7,6,9,6,8,5,7,6
8,6,7,0,6,9,9,9,6,8,5,9,9,5,5,8,5,9,8,6,7,5,8,7,7,6,5,8,5,6,8,8,5,9,5,8,6,8,7,9,8,6,8,7,9,7,6,5,7,8
8,7,5,8,0,5,5,9,8,5,5,9,6,8,5,5,6,8,5,5,7,6,7,6,8,8,6,7,6,7,9,9,9,6,6,7,6,8,6,9,5,8,7,7,7,5,7,7,7,7
8,9,6,5,9,0,7,6,5,6,5,8,8,8,5,6,5,9,5,6,7,8,7,6,6,9,8,9,9,9,7,5,9,9,8,9,5,8,8,6,9,6,5,7,6,6,6,5,6,6
6,5,7,5,5,8,0,5,7,9,5,6,7,6,6,8,9,8,9,9,6,5,7,6,8,7,6,7,5,5,5,8,8,7,8,7,7,8,9,9,5,8,7,8,7,9,6,9,9,8
6,7,7,6,5,5,9,0,9,8,8,8,6,5,7,9,7,8,5,8,8,6,6,8,5,9,7,8,8,8,9,5,6,8,6,8,7,5,7,6,7,8,7,9,6,5,9,7,9,9
5,6,6,6,5,6,5,8,0,7,6,7,7,5,6,9,7,6,7,8,9,6,7,5,9,6,9,9,6,7,9,5,5,9,9,8,7,9,5,7,9,7,8,8,5,9,5,8,5,5
8,8,6,9,9,7,8,5,7,0,9,6,7,9,6,7,6,7,7,6,8,7,8,6,5,9,6,7,8,5,9,5,6,8,5,9,6,8,6,9,6,5,6,6,5,5,7,8,7,5
8,6,7,6,7,8,9,7,5,9,0,7,9,9,5,7,9,9,8,8,7,5,8,6,8,9,8,6,6,5,9,6,8,5,8,7,8,8,9,6,7,9,9,8,6,6,7,5,5,9
6,6,8,9,5,9,5,9,8,7,9,0,6,7,7,5,8,8,9,6,7,8,6,9,7,6,7,6,9,5,7,7,7,5,7,8,8,8,9,9,8,7,8,9,7,6,5,6,7,8
8,7,7,9,7,5,5,7,5,7,8,8,0,5,9,6,9,7,6,5,8,6,9,9,5,7,5,5,7,6,5,5,5,9,5,7,9,5,7,7,6,8,6,8,6,6,9,6,8,7
8,9,8,6,8,6,8,8,7,6,7,5,7,0,5,9,7,7,9,5,7,7,9,9,9,8,5,5,6,7,9,8,9,6,5,8,6,6,9,5,9,8,6,7,5,5,6,5,5,8
9,8,5,6,6,9,8,9,9,8,8,5,7,5,0,7,8,7,8,7,7,8,5,8,8,5,8,5,6,9,9,6,9,5,8,7,5,7,8,5,5,9,6,7,6,6,8,6,5,5
6,7,8,7,8,9,9,5,6,5,7,9,7,5,5,0,6,8,5,9,7,7,5,9,8,7,7,6,8,7,7,6,7,5,6,7,6,8,7,6,8,8,9,6,7,7,6,7,6,6
9,7,8,7,7,7,5,7,5,9,5,8,6,8,9,8,0,5,8,5,7,9,8,6,8,5,9,7,9,6,5,6,5,9,6,7,9,8,5,7,8,6,8,7,7,6,9,6,6,6
9,6,7,6,9,7,6,6,9,6,8,5,5,6,9,7,5,0,8,9,6,5,5,5,6,6,5,5,5,8,7,6,7,6,8,7,9,9,8,5,9,5,8,8,9,8,8,6,7,8
5,6,6,7,5,6,9,6,5,9,9,6,6,7,7,5,5,8,0,7,8,5,7,6,8,5,5,6,6,5,7,7,9,8,7,8,6,9,5,5,6,8,7,9,8,6,7,9,5,5
9,8,5,8,8,7,7,9,8,7,5,9,7,5,7,7,9,8,9,0,8,6,5,5,7,6,5,8,8,7,7,7,5,6,5,6,9,7,6,9,9,6,6,6,8,5,6,5,6,7
6,6,8,5,6,9,8,8,7,6,7,9,9,6,5,9,9,8,7,9,0,7,9,8,8,9,7,9,9,7,7,9,5,6,5,5,5,8,5,9,5,7,6,5,9,7,5,6,9,5
8,6,7,7,7,9,7,7,5,5,8,9,9,6,5,7,7,8,8,5,5,0,6,8,9,6,6,6,8,9,6,9,6,9,8,8,5,6,7,8,6,8,8,8,9,5,6,7,5,5
6,9,7,8,8,5,7,7,8,6,6,8,8,7,8,6,7,9,6,7,9,5,0,9,9,6,7,6,7,9,9,5,8,5,8,8,7,7,8,6,8,6,7,8,6,6,8,9,5,5
8,7,6,6,8,5,6,5,7,6,6,8,9,8,9,6,7,7,5,9,5,9,9,0,8,7,6,7,6,8,8,8,7,5,7,6,6,8,6,7,7,6,7,9,6,9,9,6,9,9
5,9,6,9,6,9,8,8,7,8,6,8,9,6,9,8,8,8,7,7,7,7,5,9,0,8,7,8,9,7,8,8,5,7,7,8,8,7,8,9,7,7,8,6,8,6,8,7,5,5
8,6,6,8,6,6,8,8,6,5,8,5,9,5,8,5,6,5,6,8,5,5,9,8,9,0,5,9,5,7,8,9,5,8,8,9,7,6,6,6,6,5,5,5,8,5,7,8,8,7
7,9,7,5,6,5,7,6,7,8,6,7,7,5,7,5,8,6,5,5,6,8,9,9,5,8,0,9,5,6,8,7,7,5,8,5,8,7,9,6,8,6,6,9,7,5,8,7,5,7
7,7,5,7,7,5,8,9,8,5,8,5,7,9,9,6,8,6,8,5,9,8,9,5,7,9,5,0,9,7,8,7,5,9,7,9,6,6,9,8,8,6,8,9,8,8,7,8,6,5
5,6,6,9,9,8,9,7,5,5,8,5,9,7,9,8,8,6,5,5,7,9,9,8,5,8,5,9,0,5,6,9,5,9,9,6,7,5,5,9,8,5,8,6,9,9,7,6,6,9
5,5,6,7,5,7,6,7,8,9,6,8,9,7,8,6,7,6,5,6,7,8,7,6,7,5,9,8,5,0,8,7,6,9,9,5,6,8,8,8,6,5,5,6,6,8,5,5,6,7
8,7,6,6,5,7,7,7,9,5,5,8,7,6,9,6,9,9,9,7,7,7,9,7,8,6,7,6,5,8,0,7,9,7,6,7,5,5,5,8,7,7,8,9,7,8,8,7,8,6
9,8,5,5,9,5,5,8,9,7,9,5,5,7,5,8,5,5,6,9,9,5,8,5,7,9,8,8,6,9,5,0,8,8,9,6,9,6,9,7,5,6,7,6,7,9,7,6,6,8
9,7,7,6,8,7,8,9,5,7,5,6,6,6,5,7,5,6,6,6,5,6,6,7,5,7,6,9,6,5,5,7,0,7,9,7,6,7,7,5,6,7,9,6,6,7,8,9,6,6
9,9,5,5,5,8,7,6,5,5,5,6,9,8,9,7,7,9,7,8,9,5,8,5,9,9,5,5,9,5,6,8,5,0,8,6,6,9,6,7,6,5,9,7,6,5,5,7,6,6
8,9,9,7,7,7,9,5,9,5,6,7,6,6,9,8,7,6,6,6,8,7,5,7,6,7,9,8,7,5,9,6,9,8,0,5,5,7,5,7,6,7,5,9,6,5,8,9,7,7
7,7,9,6,9,8,6,8,6,6,5,7,5,8,9,6,9,8,7,5,9,5,6,8,5,8,7,7,9,6,7,8,6,5,9,0,7,5,9,9,5,9,6,5,9,7,8,6,7,5
9,6,9,6,6,7,6,5,5,6,5,5,9,9,5,8,6,5,9,8,6,6,5,8,7,6,7,9,7,6,6,7,9,6,5,5,0,7,7,5,7,7,7,9,8,8,9,5,7,5
6,5,8,6,8,9,8,5,5,9,5,5,7,8,9,5,8,6,7,9,9,5,9,5,6,6,9,6,7,5,7,6,5,9,6,5,8,0,5,5,7,6,9,7,7,9,7,5,8,5
8,5,8,8,8,6,5,6,8,5,7,9,7,8,5,6,9,9,8,7,8,7,8,5,9,7,9,8,6,5,8,6,5,5,8,9,8,8,0,6,7,5,8,9,5,8,8,9,5,6
6,5,8,7,6,7,5,6,7,8,6,6,7,5,7,6,6,8,6,9,5,7,5,7,5,6,9,7,8,7,6,7,9,6,5,9,5,8,9,0,8,8,8,6,9,5,6,8,8,7
8,6,9,8,5,5,8,5,5,6,9,7,8,8,5,7,8,7,5,5,8,5,7,9,7,6,7,6,6,6,9,8,5,9,9,5,7,9,8,6,0,7,9,9,7,9,6,9,9,6
7,7,8,7,8,9,8,9,5,6,8,7,6,8,8,7,6,6,9,8,9,5,8,8,9,8,8,5,5,9,5,7,7,5,8,9,5,6,7,5,6,0,5,7,8,9,8,5,5,6
9,8,5,5,5,6,7,9,5,8,5,5,7,9,5,5,6,9,5,5,9,7,5,9,8,7,8,7,5,9,5,7,7,9,6,5,5,7,7,9,6,9,0,5,7,6,9,8,6,6
8,8,8,9,5,6,6,8,5,6,8,7,9,9,5,7,7,8,8,8,9,9,8,7,6,8,5,7,7,7,8,9,7,6,7,5,6,7,7,7,9,7,9,0,5,9,6,6,5,9
5,8,6,9,7,7,8,5,6,7,6,6,8,6,8,7,8,5,8,7,5,6,5,5,5,8,7,9,7,8,5,6,9,8,7,8,7,5,9,9,8,5,5,5,0,5,6,5,6,5
8,5,5,8,7,9,9,8,5,8,9,5,8,7,7,6,5,6,5,9,5,5,8,6,8,8,9,5,9,5,9,8,5,8,9,7,5,8,7,9,7,9,6,6,5,0,9,5,8,8
8,9,5,5,6,5,7,7,9,9,9,9,8,9,9,9,6,9,9,8,9,6,6,9,5,6,6,9,6,5,9,8,6,7,6,5,8,7,8,8,6,5,5,8,7,9,0,9,9,6
6,9,5,5,9,8,6,8,5,9,5,8,8,5,8,5,5,8,6,8,9,6,8,5,6,6,9,6,8,6,5,7,6,7,5,6,9,8,6,8,9,7,8,7,8,9,7,0,9,6
8,7,6,7,6,7,5,5,9,9,8,9,5,9,9,9,8,7,6,5,7,5,7,7,8,9,6,8,6,6,6,8,9,9,5,9,9,9,9,9,9,6,9,8,7,8,8,8,0,8
8,5,7,6,8,9,7,9,8,9,7,6,7,9,8,8,9,9,5,8,5,9,8,7,6,5,6,5,8,9,9,5,7,9,7,6,9,6,5,5,7,9,6,5,7,8,7,6,6,0
