R=50
Pi=(28,29,25,24,20,20,26,24,24,27,22,25,23,25,27,25,25,24,27,28,23,28,26,24,20,20,23,21,26,23,26,25,29,20,20,29,23,21,20,22,25,28,24,27,20,23,26,25,25,27)
A=
1,2,0
2,3,25
4,5,39
5,6,0
6,7,0
7,8,31
9,10,0
11,12,24
12,13,22
14,15,29
17,18,0
19,20,0
20,21,31
22,23,0
23,24,0
24,26,0
28,29,34
30,31,32
31,32,33
33,34,36
34,35,33
35,36,0
36,37,0
37,38,0
46,48,34
Sij=
0,6,6,7,9,7,5,8,7,6,7,6,5,8,7,8,5,7,9,7,5,5,9,6,7,5,8,9,8,8,9,5,6,7,7,5,8,9,8,6,7,9,6,5,8,7,9,9,5,7
5,0,5,9,5,5,8,6,5,5,8,8,6,9,8,7,7,5,7,6,7,9,6,8,8,9,6,8,9,8,9,6,8,8,6,8,8,5,5,7,8,8,8,8,9,7,6,9,7,8
5,7,0,6,8,8,7,9,6,6,5,8,9,7,6,5,7,5,7,8,5,8,6,9,9,7,8,5,7,9,6,8,6,6,6,7,7,9,9,5,8,9,7,9,5,8,8,6,6,7
7,6,8,0,5,6,9,9,7,7,5,5,6,6,7,5,6,6,8,6,9,8,7,5,6,5,6,6,7,9,5,8,7,9,5,6,9,9,6,9,6,8,9,7,9,5,6,7,9,9
8,6,5,5,0,7,9,5,6,7,5,9,8,6,8,6,6,7,7,5,5,5,6,5,8,9,6,9,5,6,6,8,8,6,8,5,8,8,6,6,6,6,7,7,5,5,7,6,5,5
7,7,8,6,9,0,8,6,6,6,5,6,9,9,9,5,7,5,7,7,8,8,8,5,5,9,9,8,9,5,8,6,9,8,9,9,9,9,7,7,5,8,7,6,6,5,6,6,8,7
8,9,5,9,7,7,0,8,6,8,7,9,5,7,5,8,8,7,6,9,5,5,7,8,5,7,9,5,6,9,9,8,7,9,6,7,8,6,5,5,7,5,8,6,9,7,5,6,6,8
8,8,9,6,7,6,5,0,6,5,6,8,6,6,7,8,8,6,5,5,8,9,6,6,6,7,9,7,6,8,7,6,7,8,8,6,6,9,6,7,9,6,7,5,8,6,5,8,6,8
6,6,5,5,8,8,6,6,0,8,9,8,9,9,7,8,9,5,8,8,6,7,9,5,8,5,7,7,6,8,9,6,5,6,8,7,6,6,7,5,5,9,9,5,6,8,5,7,5,7
8,6,7,5,9,6,6,5,7,0,9,6,5,5,8,8,8,7,7,6,5,7,7,8,7,7,6,7,8,8,9,5,5,7,8,9,7,8,9,6,7,5,5,9,7,9,9,9,5,7
8,5,7,5,9,5,5,7,5,8,0,8,8,8,7,7,9,5,8,7,8,5,9,7,6,9,9,6,8,5,8,7,6,6,6,5,8,8,9,7,7,8,5,8,6,7,8,7,8,6
8,8,6,7,7,6,8,8,6,6,5,0,8,7,7,6,5,6,6,6,6,9,5,6,5,9,5,5,5,6,8,5,7,8,6,7,9,5,9,9,5,6,5,6,7,7,8,6,7,6
5,6,6,5,6,7,7,6,6,7,6,5,0,8,6,7,5,7,5,5,5,7,9,7,7,6,5,8,8,9,8,5,9,8,8,5,7,9,6,7,9,9,7,9,6,7,5,8,8,9
6,9,8,5,7,9,6,8,9,9,6,8,8,0,7,7,6,7,7,9,6,9,6,6,7,5,5,9,5,5,9,6,6,5,9,7,8,7,8,5,9,9,8,9,7,6,6,5,5,6
9,5,7,9,7,9,9,8,5,9,7,5,5,8,0,9,8,9,8,9,5,9,9,8,6,5,7,6,6,9,6,9,9,8,8,6,8,8,7,7,9,7,9,7,9,8,8,8,5,5
8,6,7,6,5,7,5,7,5,9,9,8,8,9,8,0,9,7,6,7,6,6,5,6,5,9,7,9,7,9,8,6,9,5,6,5,9,7,7,8,5,6,6,7,8,8,6,9,5,8
9,5,6,5,8,8,8,5,7,7,7,7,7,7,7,7,0,5,7,6,8,8,7,9,8,6,5,9,7,7,7,7,8,9,8,5,8,9,8,6,8,7,9,9,5,6,7,8,8,5
5,7,9,7,6,9,6,6,8,8,8,8,5,7,9,5,9,0,8,8,7,8,7,7,5,8,6,9,7,9,7,9,7,6,6,7,9,8,5,8,9,8,7,6,9,8,9,6,6,5
5,7,9,9,5,6,8,5,8,9,9,5,8,6,6,9,6,7,0,9,5,9,6,8,5,9,8,6,6,7,7,9,5,7,7,9,5,9,7,5,5,9,9,9,5,8,9,5,5,5
5,7,7,7,6,5,8,8,8,9,7,9,6,7,6,5,8,7,6,0,7,6,9,8,6,8,6,5,7,7,7,5,8,6,5,6,9,7,8,5,7,5,6,6,8,8,5,7,6,8
5,9,6,9,7,9,6,9,5,8,5,9,6,5,6,8,8,8,5,6,0,6,8,5,6,8,6,9,8,5,8,8,9,8,8,7,7,9,9,8,6,5,5,6,5,5,7,9,6,9
9,9,6,6,5,6,6,9,9,5,5,9,7,9,7,9,6,6,7,8,9,0,9,9,9,9,5,5,6,9,6,5,7,8,8,5,8,6,7,7,6,5,7,9,8,8,7,7,6,9
5,9,6,7,7,5,9,5,7,7,5,5,9,9,8,9,8,6,9,8,9,7,0,8,8,5,7,6,9,5,6,6,7,9,7,9,6,9,9,5,8,5,7,9,5,7,5,5,8,5
8,9,5,8,7,9,7,6,7,7,5,8,9,5,5,5,7,6,7,5,7,5,8,0,5,5,7,7,8,7,6,9,6,8,8,6,6,6,8,6,7,6,5,7,7,9,9,5,6,8
5,5,9,8,7,8,8,6,9,7,5,7,9,8,5,7,9,5,5,9,8,9,8,9,0,9,8,6,7,5,6,6,7,5,9,7,6,9,7,5,5,7,5,6,5,6,9,6,7,6
9,5,9,9,6,5,5,6,9,9,8,7,6,5,8,6,7,7,5,5,9,8,6,9,5,0,7,8,7,7,8,9,7,9,5,6,6,7,7,8,9,7,9,5,8,6,7,6,5,7
9,8,7,6,7,7,6,8,9,8,9,6,8,8,6,9,6,8,5,9,7,9,5,8,6,8,0,5,7,8,8,8,6,7,5,8,9,7,5,6,8,9,7,8,8,9,7,8,5,9
8,5,9,5,5,5,9,7,8,9,9,7,8,9,5,5,8,8,8,5,6,7,5,6,7,9,9,0,5,7,9,9,9,9,8,5,8,8,5,7,9,8,7,8,6,7,5,5,8,7
7,5,8,5,5,7,6,9,7,7,5,5,9,5,8,5,9,7,5,9,7,7,7,6,8,6,9,8,0,9,8,6,9,6,8,9,8,6,8,9,5,9,8,5,8,6,8,9,6,9
5,7,8,9,8,5,5,8,6,7,8,8,7,9,8,6,6,9,5,5,5,9,6,8,9,5,8,6,9,0,5,9,7,7,9,9,6,8,9,7,7,9,5,9,5,6,6,6,9,7
6,9,9,8,6,9,5,6,5,9,8,6,9,8,5,8,5,6,8,5,7,8,6,6,7,6,9,9,5,6,0,8,8,9,9,7,6,9,8,6,9,8,5,8,9,9,5,9,6,9
7,5,5,8,8,9,8,7,7,5,9,5,5,5,8,6,5,7,5,6,8,8,7,9,8,6,7,9,7,7,6,0,6,7,5,8,6,7,9,5,9,8,8,6,7,6,9,7,5,9
7,9,8,9,5,5,9,8,6,5,6,6,8,5,5,8,8,7,5,6,6,9,5,7,5,7,5,6,9,7,9,9,0,7,5,9,8,8,6,6,9,8,8,6,9,8,7,5,7,6
9,8,7,7,8,7,8,8,6,9,8,5,8,8,8,6,7,9,8,6,6,5,6,5,6,7,8,7,5,8,7,7,7,0,9,5,9,7,6,8,7,5,9,7,7,8,9,5,9,7
8,6,8,6,6,5,8,6,6,5,5,9,5,8,7,6,6,7,8,8,9,9,5,5,6,6,6,7,9,7,7,7,9,5,0,6,6,9,5,6,9,6,7,5,6,8,7,9,5,9
6,6,6,6,5,8,9,5,7,5,5,8,6,7,8,8,8,5,5,7,5,6,6,5,9,7,6,8,9,7,8,6,5,7,7,0,6,5,5,8,7,6,6,7,5,6,5,5,5,7
7,9,7,9,8,8,9,5,5,7,8,6,6,5,9,6,8,7,8,9,7,7,7,6,8,5,9,8,5,9,8,7,6,6,7,7,0,6,6,7,8,8,5,5,8,5,5,5,5,7
8,7,8,6,5,9,9,6,5,6,7,9,5,9,6,8,5,9,5,8,7,5,7,5,9,6,7,7,9,6,7,5,8,6,7,6,5,0,5,5,6,7,5,5,5,9,9,7,6,8
5,9,6,9,7,5,7,5,8,6,9,7,7,7,9,8,7,6,9,6,9,7,9,9,8,5,6,5,6,5,5,8,5,8,9,6,6,5,0,5,5,9,6,7,9,5,9,5,8,5
6,7,7,7,9,9,7,5,7,6,6,9,7,8,7,5,5,6,8,7,8,7,6,5,9,7,8,5,5,8,9,5,8,9,5,8,7,6,6,0,9,7,6,9,9,9,5,7,7,5
8,5,8,7,5,7,8,6,7,8,7,6,6,9,8,7,6,6,8,8,8,7,9,9,8,5,7,8,6,6,8,9,5,5,6,8,6,8,7,6,0,6,7,5,8,9,8,5,6,5
7,7,9,9,9,6,5,5,8,8,9,5,5,9,6,9,7,5,6,8,5,6,8,8,6,6,6,7,6,5,5,5,6,8,8,8,8,5,6,8,5,0,7,7,9,8,6,6,7,9
8,7,8,9,7,9,6,9,5,8,7,5,8,9,8,7,9,9,7,5,7,5,6,8,7,7,8,8,8,5,9,5,8,8,7,7,7,5,8,8,7,9,0,8,7,9,8,6,8,9
7,8,7,8,6,6,7,5,9,6,5,6,8,5,5,8,6,7,5,6,5,9,8,6,8,8,8,7,9,9,9,5,9,8,6,7,6,6,6,6,9,7,8,0,9,7,7,8,8,7
8,7,5,6,7,8,7,9,6,9,8,7,5,5,9,6,9,6,9,8,8,7,9,5,8,6,7,6,8,8,6,9,5,9,6,7,9,9,7,9,9,7,5,6,0,8,9,9,7,8
8,8,5,9,9,9,6,7,9,7,5,6,5,5,8,8,8,7,5,8,7,7,5,9,9,9,5,6,8,7,9,7,5,8,5,9,6,5,5,5,5,9,9,6,7,0,8,9,6,7
8,9,6,9,8,5,6,8,6,5,5,8,9,9,6,8,8,5,7,5,8,6,7,7,9,8,8,7,8,6,5,9,9,9,9,7,7,7,7,7,8,6,5,5,9,6,0,5,9,7
7,8,8,7,5,8,6,6,9,9,9,7,8,9,9,9,5,9,5,5,8,6,5,8,9,6,6,6,7,8,8,8,8,5,6,8,7,7,8,5,7,6,7,8,7,5,5,0,7,6
5,8,7,9,9,8,5,8,5,7,9,6,5,9,6,6,6,8,8,7,5,7,8,6,5,7,7,9,7,5,8,6,9,9,6,9,6,8,8,6,5,9,7,9,8,8,6,6,0,6
7,6,6,6,9,5,8,5,5,9,7,5,6,5,9,9,8,7,5,7,7,5,8,9,7,7,6,9,8,7,6,5,6,8,5,9,6,9,9,9,7,9,5,8,6,5,8,8,8,0
