R=50
Pi=(13,12,12,16,14,19,11,19,15,11,19,13,10,10,14,11,19,10,18,12,14,10,18,17,11,17,12,17,19,11,10,17,13,11,13,19,11,17,11,17,13,11,19,18,15,11,10,15,16,18)
A=
1,2,59
2,3,0
4,5,49
5,6,0
6,7,44
8,9,59
9,10,56
11,13,0
15,16,40
16,17,51
17,18,0
18,19,0
19,20,0
20,22,0
23,24,0
24,25,58
26,27,54
27,28,55
28,29,58
29,31,0
35,36,0
36,37,59
41,43,0
44,46,0
45,47,55
Sij=
0,13,12,12,10,10,12,10,14,14,13,14,13,12,11,14,10,14,11,14,13,11,11,13,13,14,14,10,14,13,11,14,11,14,12,12,12,13,14,13,13,13,12,12,11,13,10,10,13,12
12,0,10,14,12,13,11,12,13,13,11,11,12,11,11,12,14,12,13,14,14,12,11,14,12,10,10,13,14,12,10,13,13,12,11,10,11,10,13,11,11,10,13,14,13,12,11,11,11,14
11,10,0,12,10,13,14,10,10,12,11,12,13,12,10,13,13,12,10,14,10,11,14,14,12,13,14,13,12,11,14,14,14,12,14,10,10,11,12,13,11,10,10,12,11,14,12,12,12,11
14,10,11,0,11,11,13,12,11,14,12,14,11,13,13,12,12,13,10,12,14,13,11,10,12,13,10,10,11,12,13,10,11,11,10,11,14,13,12,10,11,13,14,11,10,13,10,11,12,10
14,11,12,14,0,12,13,12,10,14,13,11,12,11,13,11,11,13,14,12,12,13,14,10,10,11,11,13,10,10,13,12,13,13,11,13,11,13,11,13,12,13,14,14,14,14,13,12,10,14
13,10,10,13,10,0,11,10,10,12,13,11,14,12,14,10,10,12,14,10,10,14,13,11,11,10,13,14,14,10,10,12,14,13,11,11,13,12,14,13,14,12,11,11,13,12,12,11,14,14
14,12,14,12,14,14,0,10,13,14,13,11,11,10,10,11,11,11,11,10,13,11,13,12,11,10,12,13,11,12,14,13,11,10,10,11,12,13,12,13,11,11,14,13,11,11,13,12,10,14
12,10,11,10,10,12,11,0,14,12,12,11,10,13,10,10,10,14,10,14,14,13,13,14,12,14,12,12,10,11,10,11,10,12,12,10,13,11,11,14,13,14,13,10,10,11,10,12,13,12
11,11,12,12,11,10,14,10,0,13,11,13,10,11,13,12,10,11,12,11,10,11,13,13,10,11,14,10,12,14,10,13,10,13,12,14,14,14,12,11,11,11,12,13,14,11,13,13,10,13
14,10,12,10,13,11,12,12,11,0,11,12,10,11,11,12,12,13,11,13,13,13,11,13,11,10,13,14,10,13,14,12,10,10,14,14,10,10,14,14,11,12,11,12,10,14,11,10,11,10
12,13,11,10,11,14,13,11,11,14,0,14,11,12,13,12,13,11,14,11,11,12,12,13,12,12,11,11,14,12,12,14,13,13,10,11,10,11,10,13,14,11,13,14,14,14,14,14,12,14
12,12,11,13,14,12,14,10,14,12,10,0,13,14,14,14,10,11,13,12,11,11,12,11,11,11,14,14,13,13,12,13,11,13,14,10,14,12,14,13,12,11,10,11,12,13,11,12,14,14
14,13,10,12,11,12,14,10,10,12,14,13,0,11,11,12,14,13,14,14,13,14,12,12,10,10,10,11,11,14,13,10,12,14,13,13,13,12,14,12,11,11,13,12,12,13,13,10,14,14
13,14,11,13,11,10,11,11,10,11,10,11,13,0,11,11,11,12,14,13,12,13,11,14,12,12,11,10,14,14,11,11,14,11,11,10,13,14,14,13,13,12,12,12,12,11,14,13,12,11
11,11,14,11,11,10,12,14,14,10,14,14,12,11,0,14,10,11,14,11,11,12,12,13,10,10,10,10,13,11,10,13,13,13,13,13,10,12,13,10,10,13,14,10,14,13,14,14,11,13
12,10,14,11,10,13,13,12,13,11,10,14,13,12,13,0,12,11,10,13,12,14,12,12,14,10,12,13,11,14,11,11,10,14,10,14,10,13,11,13,10,14,12,14,12,14,11,10,11,11
12,12,13,10,13,14,14,12,10,11,13,14,12,13,11,14,0,10,10,12,13,13,13,14,12,13,12,11,13,10,10,14,12,12,10,12,14,12,14,11,11,10,12,12,14,14,10,12,13,12
12,14,10,12,12,13,13,13,11,12,10,12,10,12,14,11,10,0,11,12,11,12,12,10,14,10,13,10,11,14,12,12,10,13,11,12,11,13,14,14,11,14,11,10,12,10,14,14,10,12
13,13,13,10,11,10,10,14,11,11,14,12,11,13,14,14,10,13,0,14,14,13,13,11,12,10,12,11,11,12,13,11,14,10,13,11,13,13,14,12,10,12,12,12,12,10,13,12,12,10
12,14,10,14,10,14,14,12,11,14,14,14,13,11,12,10,10,12,13,0,11,11,10,10,11,14,12,11,11,14,12,12,10,13,10,14,14,10,14,10,14,12,11,12,14,12,11,13,10,14
12,14,11,13,11,14,11,13,14,10,13,12,13,12,14,12,14,11,12,11,0,13,14,10,12,14,14,10,13,10,13,12,13,11,11,12,12,10,11,11,11,13,10,11,14,11,11,13,13,12
12,13,10,10,13,10,12,13,14,14,11,14,12,13,10,12,10,11,11,10,11,0,12,12,14,11,13,13,12,11,10,12,11,12,11,13,10,12,12,12,11,14,14,11,11,10,12,10,11,11
12,11,10,12,12,11,10,11,11,14,10,12,10,11,14,12,10,12,11,14,10,14,0,13,13,10,11,12,10,10,13,14,13,11,11,14,14,11,13,14,10,13,14,11,12,11,14,13,12,12
14,14,14,13,12,10,12,13,11,12,10,13,14,10,12,14,11,10,14,12,14,11,11,0,12,11,11,11,13,10,12,10,12,14,13,11,14,14,10,14,10,12,11,14,11,14,11,13,13,14
12,10,13,14,14,12,13,13,12,11,10,14,14,12,14,11,13,13,10,13,13,10,11,10,0,13,10,13,11,14,12,10,12,12,13,12,11,11,13,10,11,13,11,11,13,13,10,12,13,14
10,11,12,13,10,11,12,13,12,10,14,13,11,13,10,10,13,11,10,10,12,14,14,13,14,0,10,11,13,12,12,13,12,10,12,14,11,13,13,12,12,14,13,13,12,10,12,11,12,11
13,10,13,12,13,11,11,11,13,14,10,14,13,11,10,12,11,13,14,14,13,12,14,14,12,10,0,14,10,12,12,11,13,14,12,14,12,14,10,11,10,12,10,10,14,11,13,11,12,13
14,14,14,11,13,12,10,10,13,14,13,12,10,13,10,13,11,10,11,11,13,13,11,11,14,11,13,0,12,14,13,14,14,12,12,12,13,12,11,10,14,13,11,10,10,13,13,12,11,14
11,10,12,14,10,14,11,13,12,12,12,13,13,11,10,10,13,10,13,10,12,11,14,14,11,13,12,12,0,11,13,11,14,12,12,13,12,11,14,11,12,11,10,14,14,13,10,14,10,14
14,14,12,13,10,12,10,10,13,12,12,12,13,11,14,11,13,11,11,12,12,13,14,13,10,14,12,11,10,0,11,10,13,12,13,11,13,13,10,11,14,13,12,13,11,14,10,13,13,10
13,14,14,13,12,11,10,10,14,12,11,10,13,10,11,11,13,14,10,10,10,12,12,10,11,14,10,10,12,14,0,10,10,13,10,11,11,11,10,14,11,10,13,14,12,14,14,14,11,11
14,10,10,12,13,10,10,11,13,11,13,10,10,12,14,12,10,11,13,14,14,10,12,14,13,14,12,13,10,10,12,0,14,14,13,12,14,14,13,10,10,10,14,13,14,11,10,14,10,14
14,13,12,11,12,12,14,12,11,13,13,12,12,11,12,14,13,11,12,10,10,13,12,11,12,13,14,11,13,13,13,14,0,12,13,10,12,14,13,12,11,12,11,13,14,11,12,13,13,10
10,12,13,12,14,14,11,11,11,13,14,12,12,14,12,10,14,10,13,11,10,14,10,14,11,12,13,14,13,14,14,14,11,0,11,13,10,14,12,12,13,13,11,13,14,13,13,14,11,10
14,12,12,10,11,14,10,12,14,11,12,10,12,12,11,13,14,10,11,11,12,10,11,12,14,12,14,11,10,11,12,12,12,13,0,14,11,11,14,14,12,12,12,10,10,10,13,11,13,11
10,13,13,13,14,13,13,10,10,10,14,10,14,11,13,14,14,13,13,13,10,12,10,11,14,14,14,10,11,11,11,11,11,14,14,0,12,14,13,13,10,10,10,11,13,10,11,13,11,11
11,10,10,13,14,11,13,13,11,14,10,14,12,14,14,13,12,14,14,11,10,10,11,10,12,12,14,10,11,10,12,10,13,13,14,10,0,11,13,11,13,11,14,12,14,12,11,12,11,12
14,12,12,13,14,11,11,14,14,10,12,11,12,11,11,12,14,11,14,14,13,12,14,12,10,10,10,13,12,12,11,14,13,13,11,13,14,0,11,13,11,13,11,11,12,13,11,13,13,10
11,13,10,13,11,13,12,12,10,12,13,10,13,12,12,14,12,13,13,14,12,13,12,12,12,10,12,11,11,14,14,12,12,12,10,14,11,11,0,12,10,14,10,14,14,10,11,10,13,13
13,11,13,14,13,12,13,10,13,10,10,11,11,11,10,13,11,13,10,12,13,12,11,11,13,10,12,14,13,12,11,10,13,12,13,13,10,12,14,0,14,12,13,13,10,11,13,13,14,13
10,14,12,14,11,10,10,14,12,10,12,10,14,12,10,14,10,13,14,13,12,13,13,14,11,14,14,14,10,14,10,12,13,10,13,12,13,10,12,11,0,12,13,12,12,11,13,13,11,12
11,10,14,14,11,10,11,10,13,13,11,11,10,14,13,10,10,12,13,13,13,10,10,10,12,10,14,11,11,12,12,11,13,12,14,13,10,13,12,14,12,0,12,14,11,11,10,11,14,14
12,10,11,14,12,14,10,10,14,11,10,11,14,14,10,10,14,13,13,14,14,14,12,14,13,11,11,10,13,14,12,14,14,12,13,12,10,12,10,13,14,13,0,11,12,11,13,12,12,14
10,12,11,13,14,10,12,13,11,11,11,13,14,11,14,13,11,12,12,10,13,10,12,12,14,10,10,13,10,13,10,13,13,11,12,12,11,10,14,11,11,14,13,0,10,13,10,14,11,11
13,10,10,14,11,11,10,14,13,13,14,14,14,12,13,10,12,14,13,13,12,12,10,12,11,14,13,11,11,13,13,10,13,11,11,12,14,14,12,10,12,12,12,11,0,10,12,11,11,10
10,11,11,11,12,13,11,14,13,13,11,12,14,13,14,10,13,10,13,10,10,10,12,11,12,11,10,10,13,12,14,13,12,10,11,12,12,14,11,12,10,12,11,10,11,0,13,13,13,12
11,11,11,13,10,14,14,13,10,13,11,13,11,11,10,14,13,14,13,12,12,12,14,14,10,10,12,14,12,10,14,13,11,12,11,11,12,14,11,11,11,13,12,10,14,13,0,14,11,10
11,12,13,14,11,14,13,11,11,12,10,11,14,11,10,14,13,12,13,14,14,11,13,13,12,10,13,10,14,14,12,11,11,14,10,12,10,13,10,13,12,14,10,11,11,14,12,0,12,11
10,11,11,10,11,10,14,13,10,12,10,10,12,12,11,10,13,10,10,10,12,13,14,12,14,11,10,10,12,12,12,13,11,13,14,13,10,10,14,13,11,13,10,11,14,12,14,12,0,14
11,12,14,11,11,14,11,12,13,10,14,10,13,11,12,10,11,14,13,13,13,14,13,10,11,14,13,12,13,12,12,11,12,11,10,14,12,12,14,14,12,11,12,14,14,13,12,12,12,0
