R=50
Pi=(18,15,19,18,19,18,15,14,17,14,17,11,17,15,11,17,13,17,18,16,16,13,10,11,12,13,10,14,12,19,14,10,17,11,17,10,10,14,13,13,11,13,15,19,10,10,13,15,17,10)
A=
1,2,0
3,6,0
7,8,0
8,9,0
9,10,36
13,14,0
14,15,35
15,16,26
16,17,0
17,18,0
18,19,36
19,20,0
21,22,28
22,23,33
23,24,0
24,25,23
26,28,37
30,32,31
31,33,0
33,35,0
35,37,27
36,38,24
38,40,0
44,46,29
46,48,21
Sij=
0,5,7,5,7,5,9,6,9,8,7,6,6,7,9,5,5,7,7,9,7,5,8,8,9,8,6,7,7,8,6,8,7,8,8,5,9,9,5,8,6,5,8,8,8,7,9,7,8,9
6,0,8,8,5,5,9,6,9,5,8,9,7,9,6,6,9,9,8,9,8,6,5,7,8,7,7,7,9,9,7,9,8,9,7,7,8,9,6,8,8,9,9,9,6,9,9,5,7,7
8,8,0,6,7,9,8,6,6,5,7,7,7,6,9,8,9,5,8,6,8,8,9,7,5,5,9,7,5,5,8,8,6,9,7,5,9,8,6,9,9,6,7,9,8,5,6,7,9,5
6,9,6,0,9,8,8,9,5,5,7,9,5,5,5,6,9,6,7,8,8,8,6,8,8,7,7,5,5,9,9,8,7,7,5,8,9,6,7,6,8,6,9,7,8,5,8,6,6,7
8,9,9,8,0,5,7,5,5,8,6,5,7,8,6,5,8,6,7,5,6,7,8,8,6,9,7,9,9,5,7,8,6,9,8,5,5,9,8,7,7,8,8,8,6,5,6,7,8,6
5,8,5,5,5,0,9,5,5,7,8,8,7,6,5,6,7,9,8,5,5,5,9,7,5,7,8,9,9,7,5,8,9,6,7,5,8,8,5,8,8,9,5,6,5,8,5,7,8,7
8,6,7,6,7,6,0,5,6,9,8,6,9,6,7,7,9,8,6,8,5,7,9,8,9,6,6,5,7,7,7,7,5,6,7,9,9,6,7,9,6,9,7,8,6,7,9,8,7,9
5,5,8,8,8,9,9,0,7,7,9,5,6,8,8,7,6,6,8,8,8,7,8,5,6,7,5,5,5,6,7,7,8,7,8,7,7,8,7,8,8,9,6,8,7,8,9,6,8,6
5,5,5,9,8,6,7,9,0,6,5,7,8,9,6,9,7,7,8,5,6,5,7,9,9,5,8,6,9,7,8,7,9,6,9,5,6,7,8,9,6,9,7,6,6,5,9,5,5,8
5,6,6,5,7,6,7,6,5,0,9,9,5,7,6,8,8,7,6,9,5,8,9,9,9,8,6,7,5,8,8,5,8,6,5,6,6,6,8,9,8,8,5,6,8,9,6,7,6,8
7,8,7,5,9,5,6,6,7,7,0,5,8,7,8,6,8,6,8,6,9,6,6,9,7,6,7,7,8,5,9,6,9,5,7,5,5,8,7,6,9,5,9,8,6,9,9,5,6,9
9,7,8,5,6,6,6,9,5,8,7,0,7,7,6,7,5,6,7,9,8,5,5,9,7,6,8,6,8,7,7,7,6,6,8,5,7,8,8,9,5,9,6,7,8,9,6,7,8,5
5,7,6,6,7,8,9,8,5,9,7,5,0,7,6,7,6,5,6,9,5,5,7,8,8,9,9,9,8,5,7,9,6,7,7,7,5,5,5,8,9,6,8,7,9,6,5,6,5,9
7,8,5,8,8,9,8,9,7,6,8,9,6,0,7,8,9,6,7,5,9,7,5,5,8,9,8,7,9,9,7,9,8,9,8,8,9,9,7,9,7,9,6,8,8,5,9,5,5,9
9,9,7,6,6,7,6,8,7,8,9,7,8,5,0,5,7,9,5,7,9,9,5,9,8,7,9,6,7,6,7,9,7,6,5,9,7,6,7,7,6,6,5,6,8,9,5,5,5,7
5,5,9,8,6,5,9,5,9,8,6,5,9,7,9,0,9,7,6,8,6,7,6,7,7,6,7,8,8,5,8,7,9,5,9,5,7,5,9,5,9,9,7,6,8,6,5,7,8,7
9,7,9,6,9,5,9,7,6,6,8,6,6,9,6,6,0,6,5,5,6,7,8,7,5,8,6,5,5,9,6,5,5,5,5,6,6,7,7,5,9,6,9,9,8,6,8,7,7,5
6,9,5,7,6,9,5,5,8,7,8,9,9,8,5,6,8,0,6,6,8,9,8,9,9,5,5,7,9,9,9,5,9,7,9,7,6,5,7,8,5,5,6,9,9,7,9,6,6,8
6,8,6,6,9,5,7,5,6,6,6,7,6,5,9,7,9,7,0,9,5,9,5,5,7,5,7,7,9,9,6,6,8,6,5,7,5,9,7,7,9,9,5,8,6,7,8,8,5,5
7,8,7,7,5,9,6,8,8,6,7,7,8,6,5,5,7,5,5,0,8,8,7,6,9,5,5,8,6,8,5,6,8,7,9,6,7,9,5,6,6,5,7,5,6,5,6,6,9,8
6,9,7,8,7,6,9,7,7,7,9,5,9,9,7,9,8,5,8,9,0,7,5,6,9,8,7,5,7,9,8,8,9,9,8,7,6,9,5,5,7,7,5,6,8,6,6,6,8,7
7,6,5,7,9,6,5,7,7,9,9,6,7,7,8,8,5,5,6,7,6,0,9,8,5,6,6,7,9,8,8,7,5,7,9,7,7,8,6,9,6,6,8,6,5,5,6,5,7,7
9,6,5,5,6,5,7,8,5,6,8,9,6,8,9,6,8,8,7,9,6,5,0,8,5,9,5,7,8,7,9,5,6,9,6,9,6,6,5,6,9,5,8,8,5,6,7,9,9,6
9,7,7,8,7,6,9,7,9,6,5,8,8,6,5,5,6,9,5,9,7,5,8,0,7,8,9,8,7,8,9,6,5,7,7,8,7,8,8,6,9,5,9,7,9,5,5,6,7,8
9,5,8,9,5,8,8,9,9,5,7,8,7,8,5,9,5,5,6,7,7,7,8,7,0,5,9,8,8,8,7,7,8,5,8,8,9,8,6,7,8,9,8,9,8,8,6,8,5,6
5,5,5,9,9,5,7,7,5,8,5,5,5,5,6,7,9,7,8,5,6,5,8,7,8,0,8,9,8,9,8,8,6,7,6,8,7,6,9,5,8,6,6,7,7,7,8,8,7,7
5,9,9,5,5,5,9,6,8,6,6,5,9,7,7,9,8,7,9,7,8,6,9,6,9,8,0,9,7,6,9,5,9,7,5,9,8,9,6,7,6,8,6,8,8,9,8,7,9,5
7,8,5,9,5,8,9,5,7,5,6,5,7,9,8,5,6,8,8,7,8,9,7,5,8,8,7,0,7,6,6,5,6,9,6,8,5,9,5,6,6,5,8,7,5,5,5,6,6,5
7,8,5,8,7,7,8,6,5,6,6,6,6,8,5,5,9,6,5,6,7,6,6,6,6,6,9,7,0,6,9,7,7,5,7,8,8,5,8,7,9,5,9,8,9,9,5,9,9,7
5,5,9,5,9,7,6,7,8,6,5,7,6,5,6,8,9,5,9,9,6,9,6,8,6,6,7,7,6,0,6,5,7,9,9,5,8,8,6,5,9,7,6,6,6,7,6,8,9,7
6,5,5,9,5,5,6,9,5,9,8,9,8,5,7,5,7,7,6,9,8,9,7,9,5,7,5,8,5,6,0,9,7,8,5,5,5,5,8,9,9,9,9,8,7,7,9,8,6,8
5,9,8,7,9,9,6,7,5,9,7,5,8,9,8,9,5,6,8,9,6,5,9,8,6,9,9,5,9,6,5,0,8,8,9,9,7,6,9,8,5,8,8,9,8,6,9,6,9,9
8,6,8,5,7,7,5,9,5,6,9,5,6,8,9,8,9,6,8,9,6,7,5,7,7,5,8,5,6,6,7,8,0,9,6,5,9,7,8,6,7,9,7,5,8,9,5,7,9,5
9,7,7,7,5,7,5,6,6,7,6,8,9,8,9,8,6,6,5,7,9,6,6,9,6,5,9,7,7,8,7,8,8,0,5,6,8,9,5,9,8,9,8,6,5,5,8,9,8,6
5,7,9,7,7,6,8,6,7,6,9,8,8,9,7,5,8,9,9,7,5,8,6,6,7,7,5,9,5,9,8,6,5,5,0,6,5,7,5,6,8,8,7,7,9,9,9,6,9,8
5,6,8,5,6,5,6,6,7,5,5,6,8,6,7,7,8,8,8,7,7,7,7,8,5,8,8,6,6,7,7,6,5,6,9,0,8,9,5,8,9,5,9,5,5,6,7,5,6,9
6,6,5,8,7,6,8,8,5,5,7,7,5,9,5,7,8,6,6,6,9,8,7,9,8,6,7,7,7,7,7,8,7,7,5,5,0,6,8,7,5,6,9,9,5,5,7,5,9,9
7,7,6,8,9,9,8,9,5,9,5,8,5,6,7,7,9,5,7,9,9,5,5,8,6,9,5,8,6,9,6,6,7,7,5,9,5,0,5,7,8,7,6,5,8,6,6,6,7,6
8,6,6,7,5,5,6,6,8,6,9,8,9,8,6,8,9,5,7,6,7,6,8,7,9,6,8,5,7,6,5,8,7,7,7,8,9,8,0,7,7,8,8,7,8,7,9,8,8,9
9,6,5,8,6,8,6,7,9,8,8,7,6,9,6,6,6,5,7,5,8,9,5,8,9,7,9,8,9,9,9,8,9,5,7,9,9,5,5,0,8,5,5,9,5,8,5,6,8,6
7,6,9,5,7,5,5,6,7,8,9,9,8,7,9,8,5,7,5,7,6,7,6,9,8,9,8,9,5,5,9,5,5,7,7,8,5,7,7,5,0,6,8,6,6,6,9,7,7,9
7,8,8,5,6,5,9,5,9,7,8,7,5,6,6,9,8,8,5,9,6,7,7,9,5,5,7,5,9,7,9,6,5,9,7,7,6,9,8,6,8,0,7,5,5,9,7,6,7,5
7,8,5,7,8,8,9,5,8,5,6,8,8,5,6,7,6,7,5,8,9,8,8,9,8,6,9,6,6,5,8,8,9,5,7,9,8,9,7,6,8,6,0,7,9,7,8,9,6,9
8,7,5,5,9,5,9,9,6,8,6,9,7,9,7,6,7,8,8,8,7,9,6,5,9,9,7,5,8,7,5,7,7,7,8,8,8,8,5,9,8,5,7,0,6,5,7,5,6,5
8,9,5,6,8,7,8,5,9,6,9,7,8,5,9,7,9,7,9,6,9,8,9,8,8,5,7,6,5,9,6,8,5,5,5,7,9,6,8,5,9,7,8,6,0,5,7,9,9,7
8,6,5,6,5,5,9,9,7,7,8,9,7,5,5,9,5,6,8,9,6,8,8,8,9,6,7,9,8,7,6,5,7,9,6,8,6,7,5,9,6,7,7,8,5,0,5,7,6,7
7,9,5,5,9,6,5,8,6,7,9,8,9,6,9,6,7,7,8,9,7,7,8,6,9,8,8,5,9,8,8,9,5,6,5,7,5,5,8,7,6,9,9,5,5,5,0,6,6,7
6,7,8,9,7,5,9,6,8,5,5,7,9,8,8,8,9,8,7,5,7,5,7,8,5,8,7,7,7,5,9,7,7,8,7,5,9,5,8,6,6,5,7,9,8,5,6,0,6,6
6,5,7,8,5,5,5,5,5,9,9,7,6,9,7,6,7,9,6,5,8,9,9,9,6,8,6,8,7,5,9,6,6,6,5,5,7,9,6,7,6,9,9,6,9,8,5,6,0,9
7,5,6,9,5,7,7,6,7,6,6,9,7,8,9,9,7,6,9,8,7,9,8,7,9,8,9,9,8,5,7,8,9,9,9,5,8,6,5,8,7,8,5,7,9,8,9,6,5,0
