R=50
Pi=(18,19,15,14,10,10,16,14,14,17,12,15,13,15,17,15,15,14,17,18,13,18,16,14,10,10,13,11,16,13,16,15,19,10,10,19,13,11,10,12,15,18,14,17,10,13,16,15,15,17)
A=
1,2,0
2,3,45
4,5,59
5,6,0
6,7,0
7,8,51
9,10,0
11,12,44
12,13,42
14,15,49
17,18,0
19,20,0
20,21,51
22,23,0
23,24,0
24,26,0
28,29,54
30,31,52
31,32,53
33,34,56
34,35,53
35,36,0
36,37,0
37,38,0
46,48,54
Sij=
0,6,6,7,9,7,5,8,7,6,7,6,5,8,7,8,5,7,9,7,5,5,9,6,7,5,8,9,8,8,9,5,6,7,7,5,8,9,8,6,7,9,6,5,8,7,9,9,5,7
5,0,5,9,5,5,8,6,5,5,8,8,6,9,8,7,7,5,7,6,7,9,6,8,8,9,6,8,9,8,9,6,8,8,6,8,8,5,5,7,8,8,8,8,9,7,6,9,7,8
5,7,0,6,8,8,7,9,6,6,5,8,9,7,6,5,7,5,7,8,5,8,6,9,9,7,8,5,7,9,6,8,6,6,6,7,7,9,9,5,8,9,7,9,5,8,8,6,6,7
7,6,8,0,5,6,9,9,7,7,5,5,6,6,7,5,6,6,8,6,9,8,7,5,6,5,6,6,7,9,5,8,7,9,5,6,9,9,6,9,6,8,9,7,9,5,6,7,9,9
8,6,5,5,0,7,9,5,6,7,5,9,8,6,8,6,6,7,7,5,5,5,6,5,8,9,6,9,5,6,6,8,8,6,8,5,8,8,6,6,6,6,7,7,5,5,7,6,5,5
7,7,8,6,9,0,8,6,6,6,5,6,9,9,9,5,7,5,7,7,8,8,8,5,5,9,9,8,9,5,8,6,9,8,9,9,9,9,7,7,5,8,7,6,6,5,6,6,8,7
8,9,5,9,7,7,0,8,6,8,7,9,5,7,5,8,8,7,6,9,5,5,7,8,5,7,9,5,6,9,9,8,7,9,6,7,8,6,5,5,7,5,8,6,9,7,5,6,6,8
8,8,9,6,7,6,5,0,6,5,6,8,6,6,7,8,8,6,5,5,8,9,6,6,6,7,9,7,6,8,7,6,7,8,8,6,6,9,6,7,9,6,7,5,8,6,5,8,6,8
6,6,5,5,8,8,6,6,0,8,9,8,9,9,7,8,9,5,8,8,6,7,9,5,8,5,7,7,6,8,9,6,5,6,8,7,6,6,7,5,5,9,9,5,6,8,5,7,5,7
8,6,7,5,9,6,6,5,7,0,9,6,5,5,8,8,8,7,7,6,5,7,7,8,7,7,6,7,8,8,9,5,5,7,8,9,7,8,9,6,7,5,5,9,7,9,9,9,5,7
8,5,7,5,9,5,5,7,5,8,0,8,8,8,7,7,9,5,8,7,8,5,9,7,6,9,9,6,8,5,8,7,6,6,6,5,8,8,9,7,7,8,5,8,6,7,8,7,8,6
8,8,6,7,7,6,8,8,6,6,5,0,8,7,7,6,5,6,6,6,6,9,5,6,5,9,5,5,5,6,8,5,7,8,6,7,9,5,9,9,5,6,5,6,7,7,8,6,7,6
5,6,6,5,6,7,7,6,6,7,6,5,0,8,6,7,5,7,5,5,5,7,9,7,7,6,5,8,8,9,8,5,9,8,8,5,7,9,6,7,9,9,7,9,6,7,5,8,8,9
6,9,8,5,7,9,6,8,9,9,6,8,8,0,7,7,6,7,7,9,6,9,6,6,7,5,5,9,5,5,9,6,6,5,9,7,8,7,8,5,9,9,8,9,7,6,6,5,5,6
9,5,7,9,7,9,9,8,5,9,7,5,5,8,0,9,8,9,8,9,5,9,9,8,6,5,7,6,6,9,6,9,9,8,8,6,8,8,7,7,9,7,9,7,9,8,8,8,5,5
8,6,7,6,5,7,5,7,5,9,9,8,8,9,8,0,9,7,6,7,6,6,5,6,5,9,7,9,7,9,8,6,9,5,6,5,9,7,7,8,5,6,6,7,8,8,6,9,5,8
9,5,6,5,8,8,8,5,7,7,7,7,7,7,7,7,0,5,7,6,8,8,7,9,8,6,5,9,7,7,7,7,8,9,8,5,8,9,8,6,8,7,9,9,5,6,7,8,8,5
5,7,9,7,6,9,6,6,8,8,8,8,5,7,9,5,9,0,8,8,7,8,7,7,5,8,6,9,7,9,7,9,7,6,6,7,9,8,5,8,9,8,7,6,9,8,9,6,6,5
5,7,9,9,5,6,8,5,8,9,9,5,8,6,6,9,6,7,0,9,5,9,6,8,5,9,8,6,6,7,7,9,5,7,7,9,5,9,7,5,5,9,9,9,5,8,9,5,5,5
5,7,7,7,6,5,8,8,8,9,7,9,6,7,6,5,8,7,6,0,7,6,9,8,6,8,6,5,7,7,7,5,8,6,5,6,9,7,8,5,7,5,6,6,8,8,5,7,6,8
5,9,6,9,7,9,6,9,5,8,5,9,6,5,6,8,8,8,5,6,0,6,8,5,6,8,6,9,8,5,8,8,9,8,8,7,7,9,9,8,6,5,5,6,5,5,7,9,6,9
9,9,6,6,5,6,6,9,9,5,5,9,7,9,7,9,6,6,7,8,9,0,9,9,9,9,5,5,6,9,6,5,7,8,8,5,8,6,7,7,6,5,7,9,8,8,7,7,6,9
5,9,6,7,7,5,9,5,7,7,5,5,9,9,8,9,8,6,9,8,9,7,0,8,8,5,7,6,9,5,6,6,7,9,7,9,6,9,9,5,8,5,7,9,5,7,5,5,8,5
8,9,5,8,7,9,7,6,7,7,5,8,9,5,5,5,7,6,7,5,7,5,8,0,5,5,7,7,8,7,6,9,6,8,8,6,6,6,8,6,7,6,5,7,7,9,9,5,6,8
5,5,9,8,7,8,8,6,9,7,5,7,9,8,5,7,9,5,5,9,8,9,8,9,0,9,8,6,7,5,6,6,7,5,9,7,6,9,7,5,5,7,5,6,5,6,9,6,7,6
9,5,9,9,6,5,5,6,9,9,8,7,6,5,8,6,7,7,5,5,9,8,6,9,5,0,7,8,7,7,8,9,7,9,5,6,6,7,7,8,9,7,9,5,8,6,7,6,5,7
9,8,7,6,7,7,6,8,9,8,9,6,8,8,6,9,6,8,5,9,7,9,5,8,6,8,0,5,7,8,8,8,6,7,5,8,9,7,5,6,8,9,7,8,8,9,7,8,5,9
8,5,9,5,5,5,9,7,8,9,9,7,8,9,5,5,8,8,8,5,6,7,5,6,7,9,9,0,5,7,9,9,9,9,8,5,8,8,5,7,9,8,7,8,6,7,5,5,8,7
7,5,8,5,5,7,6,9,7,7,5,5,9,5,8,5,9,7,5,9,7,7,7,6,8,6,9,8,0,9,8,6,9,6,8,9,8,6,8,9,5,9,8,5,8,6,8,9,6,9
5,7,8,9,8,5,5,8,6,7,8,8,7,9,8,6,6,9,5,5,5,9,6,8,9,5,8,6,9,0,5,9,7,7,9,9,6,8,9,7,7,9,5,9,5,6,6,6,9,7
6,9,9,8,6,9,5,6,5,9,8,6,9,8,5,8,5,6,8,5,7,8,6,6,7,6,9,9,5,6,0,8,8,9,9,7,6,9,8,6,9,8,5,8,9,9,5,9,6,9
7,5,5,8,8,9,8,7,7,5,9,5,5,5,8,6,5,7,5,6,8,8,7,9,8,6,7,9,7,7,6,0,6,7,5,8,6,7,9,5,9,8,8,6,7,6,9,7,5,9
7,9,8,9,5,5,9,8,6,5,6,6,8,5,5,8,8,7,5,6,6,9,5,7,5,7,5,6,9,7,9,9,0,7,5,9,8,8,6,6,9,8,8,6,9,8,7,5,7,6
9,8,7,7,8,7,8,8,6,9,8,5,8,8,8,6,7,9,8,6,6,5,6,5,6,7,8,7,5,8,7,7,7,0,9,5,9,7,6,8,7,5,9,7,7,8,9,5,9,7
8,6,8,6,6,5,8,6,6,5,5,9,5,8,7,6,6,7,8,8,9,9,5,5,6,6,6,7,9,7,7,7,9,5,0,6,6,9,5,6,9,6,7,5,6,8,7,9,5,9
6,6,6,6,5,8,9,5,7,5,5,8,6,7,8,8,8,5,5,7,5,6,6,5,9,7,6,8,9,7,8,6,5,7,7,0,6,5,5,8,7,6,6,7,5,6,5,5,5,7
7,9,7,9,8,8,9,5,5,7,8,6,6,5,9,6,8,7,8,9,7,7,7,6,8,5,9,8,5,9,8,7,6,6,7,7,0,6,6,7,8,8,5,5,8,5,5,5,5,7
8,7,8,6,5,9,9,6,5,6,7,9,5,9,6,8,5,9,5,8,7,5,7,5,9,6,7,7,9,6,7,5,8,6,7,6,5,0,5,5,6,7,5,5,5,9,9,7,6,8
5,9,6,9,7,5,7,5,8,6,9,7,7,7,9,8,7,6,9,6,9,7,9,9,8,5,6,5,6,5,5,8,5,8,9,6,6,5,0,5,5,9,6,7,9,5,9,5,8,5
6,7,7,7,9,9,7,5,7,6,6,9,7,8,7,5,5,6,8,7,8,7,6,5,9,7,8,5,5,8,9,5,8,9,5,8,7,6,6,0,9,7,6,9,9,9,5,7,7,5
8,5,8,7,5,7,8,6,7,8,7,6,6,9,8,7,6,6,8,8,8,7,9,9,8,5,7,8,6,6,8,9,5,5,6,8,6,8,7,6,0,6,7,5,8,9,8,5,6,5
7,7,9,9,9,6,5,5,8,8,9,5,5,9,6,9,7,5,6,8,5,6,8,8,6,6,6,7,6,5,5,5,6,8,8,8,8,5,6,8,5,0,7,7,9,8,6,6,7,9
8,7,8,9,7,9,6,9,5,8,7,5,8,9,8,7,9,9,7,5,7,5,6,8,7,7,8,8,8,5,9,5,8,8,7,7,7,5,8,8,7,9,0,8,7,9,8,6,8,9
7,8,7,8,6,6,7,5,9,6,5,6,8,5,5,8,6,7,5,6,5,9,8,6,8,8,8,7,9,9,9,5,9,8,6,7,6,6,6,6,9,7,8,0,9,7,7,8,8,7
8,7,5,6,7,8,7,9,6,9,8,7,5,5,9,6,9,6,9,8,8,7,9,5,8,6,7,6,8,8,6,9,5,9,6,7,9,9,7,9,9,7,5,6,0,8,9,9,7,8
8,8,5,9,9,9,6,7,9,7,5,6,5,5,8,8,8,7,5,8,7,7,5,9,9,9,5,6,8,7,9,7,5,8,5,9,6,5,5,5,5,9,9,6,7,0,8,9,6,7
8,9,6,9,8,5,6,8,6,5,5,8,9,9,6,8,8,5,7,5,8,6,7,7,9,8,8,7,8,6,5,9,9,9,9,7,7,7,7,7,8,6,5,5,9,6,0,5,9,7
7,8,8,7,5,8,6,6,9,9,9,7,8,9,9,9,5,9,5,5,8,6,5,8,9,6,6,6,7,8,8,8,8,5,6,8,7,7,8,5,7,6,7,8,7,5,5,0,7,6
5,8,7,9,9,8,5,8,5,7,9,6,5,9,6,6,6,8,8,7,5,7,8,6,5,7,7,9,7,5,8,6,9,9,6,9,6,8,8,6,5,9,7,9,8,8,6,6,0,6
7,6,6,6,9,5,8,5,5,9,7,5,6,5,9,9,8,7,5,7,7,5,8,9,7,7,6,9,8,7,6,5,6,8,5,9,6,9,9,9,7,9,5,8,6,5,8,8,8,0
