R=50
Pi=(22,26,28,21,25,21,22,29,23,23,25,28,26,20,20,29,21,28,27,24,22,25,24,20,29,24,25,25,23,24,22,22,25,20,26,28,25,24,28,26,28,25,28,26,24,24,23,25,24,26)
A=
1,2,25
2,3,37
3,5,39
8,9,0
9,10,0
10,12,21
15,16,22
16,17,0
17,18,33
18,19,39
19,21,28
20,22,39
21,23,26
22,24,0
23,25,0
24,26,0
27,29,0
31,33,26
33,35,0
34,36,25
37,39,0
38,40,0
39,41,0
41,43,0
46,48,36
Sij=
0,7,6,5,8,5,5,9,9,6,8,7,8,9,7,7,6,9,7,5,5,6,5,5,7,6,8,7,7,6,5,8,8,7,8,8,7,6,8,7,9,8,5,5,8,9,9,9,7,7
9,0,5,5,6,5,7,6,5,8,7,7,8,6,8,6,9,8,6,6,9,5,5,5,9,6,6,5,9,7,7,6,8,5,5,6,5,8,7,6,5,6,7,7,6,9,6,6,7,9
9,5,0,8,8,7,7,9,9,5,5,8,6,6,8,6,5,9,8,6,6,6,6,6,9,5,8,7,7,9,9,9,5,8,5,7,6,8,5,7,7,7,5,7,6,7,9,9,8,6
5,5,8,0,9,6,7,8,9,8,7,9,9,6,9,5,5,8,8,6,5,9,6,9,5,8,8,5,8,5,6,6,8,8,6,9,9,6,5,7,7,9,7,5,7,7,8,5,6,6
5,8,6,8,0,8,6,8,5,7,6,7,7,9,9,7,6,6,5,5,5,6,9,8,6,8,6,7,6,6,7,5,8,8,7,9,7,9,5,5,9,5,8,9,8,9,5,9,7,8
5,6,8,5,6,0,5,6,5,5,9,6,8,7,9,9,6,9,8,7,9,9,6,5,9,5,9,7,9,9,6,8,6,9,8,5,6,6,8,7,6,7,7,9,6,9,6,8,9,9
7,5,6,7,8,8,0,9,5,9,9,6,7,6,5,9,5,9,8,8,8,8,9,5,5,5,6,6,7,9,5,9,6,8,5,6,5,6,9,6,9,6,5,7,8,6,9,6,7,5
5,9,7,9,6,5,8,0,9,5,6,6,7,6,6,9,5,5,9,6,8,8,9,5,7,8,6,8,7,7,9,6,5,9,7,9,5,6,6,6,5,8,5,5,7,9,7,5,9,7
8,6,9,5,8,6,5,8,0,9,5,9,7,5,7,6,5,6,8,8,6,8,8,8,7,5,9,7,8,8,7,6,5,9,9,9,8,6,5,5,6,8,7,6,5,6,7,8,8,9
7,8,9,7,7,9,9,7,7,0,9,9,8,7,5,6,9,9,8,5,8,7,8,5,7,7,7,6,6,7,5,8,6,9,8,5,9,7,8,6,5,9,5,9,6,6,7,6,6,5
6,7,9,7,9,6,8,7,6,5,0,5,8,7,5,7,6,8,8,8,9,7,7,5,6,5,8,6,9,9,6,9,6,9,6,6,7,8,8,5,7,7,7,5,8,6,6,6,5,7
5,8,8,7,7,7,8,6,8,7,5,0,5,9,7,5,5,8,9,6,8,9,7,9,8,6,7,5,6,7,5,8,7,5,7,9,8,5,8,6,9,7,5,9,5,9,6,8,9,5
7,7,7,5,7,7,7,8,9,6,5,7,0,6,9,8,8,8,9,6,8,7,9,5,7,7,5,8,7,9,9,9,8,6,6,9,7,6,6,8,9,7,5,6,7,6,6,5,6,6
7,6,7,6,5,8,8,7,5,8,6,9,9,0,9,5,6,6,6,5,5,5,7,6,5,6,6,6,8,7,5,5,9,7,6,6,8,6,6,5,8,6,9,5,8,6,5,8,5,5
5,9,5,5,6,5,9,9,7,9,9,6,9,9,0,9,7,6,7,7,7,6,9,9,5,7,8,6,7,7,8,6,7,6,7,6,5,9,9,6,5,7,8,9,6,5,6,6,9,5
5,5,8,5,8,9,5,5,5,8,7,9,7,6,9,0,8,6,5,6,7,9,7,7,5,7,9,7,5,7,9,5,7,6,6,7,8,8,7,7,8,6,5,9,6,9,6,5,7,5
8,9,6,5,6,6,7,8,7,7,9,6,5,7,5,7,0,9,7,6,9,5,5,8,7,8,6,8,8,5,6,6,9,5,5,9,5,8,7,9,9,9,5,5,5,8,7,6,8,9
8,9,8,8,8,9,7,5,8,6,9,7,9,7,5,6,9,0,6,9,7,9,8,7,8,6,9,5,9,8,9,6,5,5,8,6,7,8,5,7,6,6,5,9,5,9,6,9,7,5
8,8,5,6,5,9,9,6,9,7,8,8,7,6,9,5,9,7,0,5,5,7,7,8,9,7,5,9,9,7,8,9,5,7,9,9,5,5,8,9,9,6,6,8,8,9,8,9,8,5
9,5,9,9,7,7,5,9,6,9,9,9,5,8,6,7,7,5,7,0,7,8,5,5,7,5,8,6,9,5,9,9,6,6,8,8,7,5,5,5,7,8,5,8,9,9,5,5,8,6
5,6,7,6,6,7,9,5,6,8,8,6,6,9,6,9,8,8,7,5,0,9,7,7,9,5,8,7,6,5,7,5,8,8,8,5,8,6,9,5,6,8,7,8,7,7,6,7,6,6
9,6,7,8,7,7,8,9,7,5,8,9,7,9,8,7,5,8,8,8,8,0,8,8,7,6,6,7,8,9,7,9,5,5,9,6,6,8,9,5,6,6,9,9,9,7,6,5,7,9
5,7,7,9,7,8,6,7,9,6,5,9,9,9,5,6,7,9,8,7,7,8,0,5,7,7,7,8,8,9,5,5,5,9,8,9,5,6,6,7,5,9,9,9,8,9,6,6,9,8
7,9,7,7,9,7,6,6,9,7,5,5,7,7,8,6,5,5,6,5,5,9,5,0,6,7,8,8,9,7,8,5,5,8,5,6,5,8,7,9,6,7,8,6,9,7,5,7,6,5
6,9,6,5,9,8,7,9,5,5,6,9,7,9,6,6,5,6,7,6,8,8,7,5,0,5,7,6,7,6,9,6,6,7,8,5,9,9,5,8,6,9,6,7,7,8,6,9,8,5
7,6,8,9,5,7,8,6,6,9,6,7,5,7,6,9,5,6,9,9,6,7,5,7,5,0,6,6,5,5,7,8,7,8,7,9,7,7,6,7,5,6,7,8,5,7,9,8,9,6
7,7,9,5,9,8,5,6,5,8,8,6,8,6,8,6,8,8,8,8,8,6,8,9,9,7,0,9,9,9,5,6,8,7,8,7,9,8,7,8,8,8,5,7,7,9,9,8,6,9
8,8,5,5,6,8,6,9,5,6,6,9,5,6,5,7,5,9,9,9,9,7,6,5,5,9,7,0,9,5,5,9,9,7,5,6,7,5,7,6,5,5,9,8,6,7,8,7,8,7
5,9,9,8,7,9,6,7,5,5,6,5,7,8,9,6,6,6,5,5,7,6,7,8,9,8,9,9,0,9,7,6,6,8,7,5,6,5,5,5,5,5,9,5,6,9,9,8,6,8
9,5,6,7,8,9,8,6,6,9,9,9,6,7,8,9,5,6,9,8,8,6,6,6,5,5,7,6,6,0,8,9,9,8,5,5,6,5,9,5,8,6,9,8,6,6,5,8,7,6
7,9,8,9,7,5,8,9,5,6,7,6,6,9,8,5,9,6,6,7,6,9,5,5,6,6,8,8,9,9,0,9,7,5,5,9,9,6,5,5,5,6,6,9,7,8,6,5,5,9
5,6,9,6,5,5,8,8,7,7,6,6,5,5,6,7,9,5,6,5,9,9,9,5,5,5,5,9,8,7,9,0,6,8,8,9,7,9,5,5,9,5,5,8,7,9,8,6,6,8
5,8,5,8,9,5,6,6,9,5,9,9,8,5,5,7,9,7,6,6,8,7,8,5,6,9,8,5,7,5,6,9,0,9,6,7,8,8,7,9,7,7,5,5,5,6,5,7,5,8
9,9,6,9,5,5,7,9,5,7,9,7,5,9,8,8,9,5,7,7,6,8,7,8,9,8,7,7,8,9,6,7,7,0,7,7,6,5,9,9,6,5,9,8,5,5,5,6,6,6
6,6,5,9,7,7,5,7,7,5,6,7,9,5,6,5,6,9,8,7,7,7,9,6,6,7,7,5,6,8,8,7,6,6,0,7,7,6,7,5,5,6,8,8,9,7,8,5,8,7
9,8,5,8,9,8,8,6,8,8,9,5,5,5,9,6,9,6,8,8,8,9,9,8,8,5,8,9,5,8,8,7,8,8,7,0,5,8,9,7,7,8,6,7,9,6,5,6,8,9
7,8,6,6,9,8,9,9,6,9,8,5,9,5,9,5,7,6,6,8,9,8,5,9,5,9,7,7,5,7,8,8,5,5,7,5,0,6,5,9,9,7,5,6,9,8,7,9,5,7
8,8,8,5,9,5,9,7,7,6,5,6,7,8,8,6,9,9,9,8,9,9,6,7,6,6,8,7,6,5,8,9,6,5,6,8,9,0,8,5,9,8,8,8,9,8,8,5,7,7
7,8,7,5,7,8,9,7,6,8,8,7,7,6,7,7,5,5,6,7,5,7,6,9,9,9,6,6,6,8,8,6,5,9,8,6,6,9,0,9,7,7,6,7,5,7,7,6,6,5
7,8,8,8,9,7,5,7,8,6,7,6,7,5,8,9,7,6,7,8,5,6,6,5,9,9,8,9,5,6,6,8,9,5,9,9,5,7,6,0,7,7,8,7,8,6,5,9,5,9
5,5,6,9,8,9,5,7,7,8,5,8,5,7,6,9,9,7,7,6,9,9,9,5,9,5,7,8,7,9,9,9,8,5,9,6,5,8,6,6,0,8,6,7,8,5,8,7,6,5
8,7,8,7,9,9,6,5,6,9,8,7,7,9,8,9,5,5,5,7,5,8,5,5,6,7,7,6,5,9,6,8,5,7,9,6,5,7,8,5,8,0,5,9,9,8,8,6,7,9
8,5,7,6,9,5,5,6,7,6,6,7,5,9,7,7,5,6,9,5,6,9,8,7,9,9,5,9,5,7,7,6,9,6,6,8,8,6,6,7,9,5,0,8,5,6,7,7,5,7
6,8,6,6,6,8,9,6,5,6,9,9,5,5,9,9,5,7,8,8,8,9,8,9,7,6,5,5,8,5,6,6,9,7,9,9,5,5,8,8,6,6,7,0,9,7,7,8,9,8
6,5,9,9,7,9,7,9,6,8,5,7,9,8,5,9,8,5,8,6,9,8,5,9,5,6,6,7,8,7,5,8,5,6,6,9,6,7,7,7,7,5,8,6,0,7,6,7,7,7
9,8,7,9,8,8,7,5,5,8,6,7,9,5,9,8,7,6,7,7,5,7,5,8,5,9,9,9,9,6,9,8,8,9,9,8,8,8,7,8,8,9,6,8,5,0,5,7,9,9
7,5,9,5,5,6,6,8,8,8,9,9,8,5,8,9,8,8,5,6,5,5,8,9,9,8,6,6,7,7,5,6,5,5,6,5,9,7,8,8,7,5,9,9,7,8,0,5,8,7
8,7,6,7,7,9,7,6,5,6,6,5,5,5,6,8,7,9,7,9,7,5,5,5,6,9,9,6,9,6,5,7,7,8,8,5,8,9,7,5,9,9,9,6,6,7,6,0,9,8
5,5,9,7,9,9,8,6,6,5,8,5,5,7,9,6,9,7,6,7,5,9,7,6,7,9,8,6,9,9,9,7,9,8,8,5,5,9,8,8,5,8,7,9,8,5,8,6,0,9
5,7,9,5,7,7,6,7,7,5,9,6,7,6,6,5,6,5,7,8,8,5,9,9,8,6,7,7,8,8,6,6,6,6,9,7,9,7,6,5,7,8,8,9,9,7,7,6,5,0
