R=50
Pi=(24,24,20,24,22,24,29,29,20,25,29,24,28,21,22,26,26,25,29,27,20,20,25,21,25,23,26,22,20,23,25,28,29,22,27,21,24,25,28,20,24,22,22,22,26,27,23,25,20,24)
A=
1,2,31
2,3,0
3,4,0
4,5,28
5,6,35
6,7,0
7,8,0
8,9,38
9,10,0
13,15,0
16,17,0
17,18,0
18,19,0
20,23,26
24,25,0
25,26,37
26,27,0
27,28,37
32,33,0
33,34,29
35,37,32
40,42,29
43,45,28
45,47,30
48,50,31
Sij=
0,13,10,12,14,14,14,13,12,13,12,14,13,12,10,10,10,12,13,13,13,10,11,14,13,14,14,12,13,11,14,13,12,13,13,13,12,11,13,12,14,14,11,13,11,10,14,12,13,10
12,0,10,10,10,12,11,12,10,14,10,14,12,10,10,14,14,12,10,14,12,13,14,14,10,13,13,14,12,12,13,10,12,13,13,14,13,12,11,10,11,10,11,12,13,13,12,14,10,14
11,12,0,13,12,11,11,12,11,10,12,13,12,14,13,10,10,12,14,12,11,10,12,10,10,12,11,12,12,11,12,11,14,13,12,10,10,11,14,11,11,11,12,11,14,11,13,10,12,11
13,11,12,0,11,14,14,14,11,13,10,14,14,10,10,13,10,14,13,11,12,10,13,12,12,11,10,13,10,11,13,13,10,14,10,13,11,13,12,14,13,11,13,12,14,12,11,10,12,13
13,12,10,13,0,10,10,14,13,10,10,14,11,13,10,10,11,13,10,10,12,11,12,11,13,13,11,12,11,12,14,14,14,11,11,12,11,13,11,14,10,13,12,12,12,10,12,12,12,12
13,14,11,10,14,0,12,11,10,11,10,13,13,13,10,11,10,14,10,11,12,13,12,11,11,14,13,14,14,14,12,10,14,14,13,14,10,13,13,11,14,11,10,12,11,11,11,10,11,11
11,10,12,10,10,13,0,10,12,14,10,11,12,11,11,13,14,13,14,14,11,10,12,11,13,12,11,12,10,10,10,13,13,12,13,12,12,13,14,14,10,13,12,13,12,14,11,14,14,13
11,12,12,11,10,10,14,0,14,13,13,13,11,10,12,14,12,13,10,13,13,11,11,13,10,14,12,13,13,13,14,10,11,13,11,13,12,10,12,11,12,13,12,14,11,10,14,12,14,14
10,11,11,11,10,11,10,13,0,12,11,12,12,10,11,14,12,11,12,13,14,11,12,10,14,11,14,14,11,12,14,10,10,14,14,13,12,14,10,12,14,12,13,13,10,14,10,13,10,10
13,13,11,14,14,12,13,10,12,0,14,11,12,14,11,12,11,12,12,11,13,12,13,11,10,14,11,12,13,10,14,10,11,13,10,14,11,13,11,14,11,10,11,11,10,10,12,13,12,10
13,11,12,11,12,13,14,12,10,14,0,12,14,14,10,12,14,14,13,13,12,10,13,11,13,14,13,11,11,10,14,11,13,10,13,12,13,13,14,11,12,14,14,13,11,11,12,10,10,14
11,11,13,14,10,14,10,14,13,12,14,0,11,12,12,10,13,13,14,11,12,13,11,14,12,11,12,11,14,10,12,12,12,10,12,13,13,13,14,14,13,12,13,14,12,11,10,11,12,13
13,12,12,14,12,10,10,12,10,12,13,13,0,10,14,11,14,12,11,10,13,11,14,14,10,12,10,10,12,11,10,10,10,14,10,12,14,10,12,12,11,13,11,13,11,11,14,11,13,12
13,14,13,11,13,11,13,13,12,11,12,10,12,0,10,14,12,12,14,10,12,12,14,14,14,13,10,10,11,12,14,13,14,11,10,13,11,11,14,10,14,13,11,12,10,10,11,10,10,13
14,13,10,11,11,14,13,14,14,13,13,10,12,10,0,12,13,12,13,12,12,13,10,13,13,10,13,10,11,14,14,11,14,10,13,12,10,12,13,10,10,14,11,12,11,11,13,11,10,10
11,12,13,12,13,14,14,10,11,10,12,14,12,10,10,0,11,13,10,14,12,12,10,14,13,12,12,11,13,12,12,11,12,10,11,12,11,13,12,11,13,13,14,11,12,12,11,12,11,11
14,12,13,12,12,12,10,12,10,14,10,13,11,13,14,13,0,10,13,10,12,14,13,11,13,10,14,12,14,11,10,11,10,14,11,12,14,13,10,12,13,11,13,12,12,11,14,11,11,11
14,11,12,11,14,12,11,11,14,11,13,10,10,11,14,12,10,0,13,14,11,10,10,10,11,11,10,10,10,13,12,11,12,11,13,12,14,14,13,10,14,10,13,13,14,13,13,11,12,13
10,11,11,12,10,11,14,11,10,14,14,11,11,12,12,10,10,13,0,12,13,10,12,11,13,10,10,11,11,10,12,12,14,13,12,13,11,14,10,10,11,13,12,14,13,11,12,14,10,10
14,13,10,13,13,12,12,14,13,12,10,14,12,10,12,12,14,13,14,0,13,11,10,10,12,11,10,13,13,12,12,12,10,11,10,11,14,12,11,14,14,11,11,11,13,10,11,10,11,12
11,11,13,10,11,14,13,13,12,11,12,14,14,11,10,14,14,13,12,14,0,12,14,13,13,14,12,14,14,12,12,14,10,11,10,10,10,13,10,14,10,12,11,10,14,12,10,11,14,10
13,11,12,12,12,14,12,12,10,10,13,14,14,11,10,12,12,13,13,10,10,0,11,13,14,11,11,11,13,14,11,14,11,14,13,13,10,11,12,13,11,13,13,13,14,10,11,12,10,10
11,14,12,13,13,10,12,12,13,11,11,13,13,12,13,11,12,14,11,12,14,10,0,14,14,11,12,11,12,14,14,10,13,10,13,13,12,12,13,11,13,11,12,13,11,11,13,14,10,10
13,12,11,11,13,10,11,10,12,11,11,13,14,13,14,11,12,12,10,14,10,14,14,0,13,12,11,12,11,13,13,13,12,10,12,11,11,13,11,12,12,11,12,14,11,14,14,11,14,14
10,14,11,14,11,14,13,13,12,13,11,13,14,11,14,13,13,13,12,12,12,12,10,14,0,13,12,13,14,12,13,13,10,12,12,13,13,12,13,14,12,12,13,11,13,11,13,12,10,10
13,11,11,13,11,11,13,13,11,10,13,10,14,10,13,10,11,10,11,13,10,10,14,13,14,0,10,14,10,12,13,14,10,13,13,14,12,11,11,11,11,10,10,10,13,10,12,13,13,12
12,14,12,10,11,10,12,11,12,13,11,12,12,10,12,10,13,11,10,10,11,13,14,14,10,13,0,14,10,11,13,12,12,10,13,10,13,12,14,11,13,11,11,14,12,10,13,12,10,12
12,12,10,12,12,10,13,14,13,10,13,10,12,14,14,11,13,11,13,10,14,13,14,10,12,14,10,0,14,12,13,12,10,14,12,14,11,11,14,13,13,11,13,14,13,13,12,13,11,10
10,11,11,14,14,13,14,12,10,10,13,10,14,12,14,13,13,11,10,10,12,14,14,13,10,13,10,14,0,10,11,14,10,14,14,11,12,10,10,14,13,10,13,11,14,14,12,11,11,14
10,10,11,12,10,12,11,12,13,14,11,13,14,12,13,11,12,11,10,11,12,13,12,11,12,10,14,13,10,0,13,12,11,14,14,10,11,13,13,13,11,10,10,11,11,13,10,10,11,12
13,12,11,11,10,12,12,12,14,10,10,13,12,11,14,11,14,14,14,12,12,12,14,12,13,11,12,11,10,13,0,12,14,12,11,12,10,10,10,13,12,12,13,14,12,13,13,12,13,11
14,13,10,10,14,10,10,13,14,12,14,10,10,12,10,13,10,10,11,14,14,10,13,10,12,14,13,13,11,14,10,0,13,13,14,11,14,11,14,12,10,11,12,11,12,14,12,11,11,13
14,12,12,11,13,12,13,14,10,12,10,11,11,11,10,12,10,11,11,11,10,11,11,12,10,12,11,14,11,10,10,12,0,12,14,12,11,12,12,10,11,12,14,11,11,12,13,14,11,11
14,14,10,10,10,13,12,11,10,10,10,11,14,13,14,12,12,14,12,13,14,10,13,10,14,14,10,10,14,10,11,13,10,0,13,11,11,14,11,12,11,10,14,12,11,10,10,12,11,11
13,14,14,12,12,12,14,10,14,10,11,12,11,11,14,13,12,11,11,11,13,12,10,12,11,12,14,13,12,10,14,11,14,13,0,10,10,12,10,12,11,12,10,14,11,10,13,14,12,12
12,12,14,11,14,13,11,13,11,11,10,12,10,13,14,11,14,13,12,10,14,10,11,13,10,13,12,12,14,11,12,13,11,10,14,0,12,10,14,14,10,14,11,10,14,12,13,11,12,10
14,11,14,11,11,12,11,10,10,11,10,10,14,14,10,13,11,10,14,13,11,11,10,13,12,11,12,14,12,11,11,12,14,11,10,10,0,12,12,10,12,12,12,14,13,13,14,10,12,10
11,10,13,11,13,14,13,10,10,14,10,10,12,13,14,10,13,11,12,14,14,10,14,10,11,11,14,11,12,10,12,11,10,14,11,10,13,0,10,10,12,11,14,12,12,14,12,10,13,10
13,10,13,13,13,11,10,11,13,10,12,14,12,13,10,11,14,14,13,12,13,12,13,10,14,12,14,13,11,10,13,11,10,10,13,14,13,13,0,11,12,10,13,14,10,13,13,14,10,11
11,10,13,12,11,12,10,11,12,13,11,11,12,10,12,11,11,13,11,14,10,12,10,12,10,11,14,12,13,12,11,12,14,11,10,14,10,13,14,0,13,13,13,11,14,10,11,13,13,12
13,11,14,13,10,10,13,10,10,11,14,12,13,13,10,12,13,12,10,10,13,10,12,14,12,11,12,11,11,11,14,13,10,14,14,10,12,14,13,11,0,12,14,14,12,14,11,14,14,11
12,12,13,12,13,14,13,14,10,11,13,12,11,13,13,12,11,11,14,13,14,10,13,13,14,13,13,10,10,14,10,12,12,10,13,14,10,11,12,10,11,0,10,12,13,14,13,10,10,11
14,13,10,10,10,11,12,14,10,13,10,10,12,14,10,10,11,14,10,10,14,12,10,14,13,12,13,12,10,14,10,12,12,14,11,10,10,12,12,14,11,14,0,10,12,11,14,13,11,11
13,13,13,14,10,11,11,13,10,11,13,12,14,14,10,12,12,13,13,13,14,14,13,12,11,13,10,12,12,12,13,14,12,11,12,10,11,12,12,12,14,12,14,0,10,14,11,11,10,14
10,13,11,14,12,12,13,10,11,12,11,11,13,11,13,12,13,10,13,12,10,11,10,10,10,13,12,14,12,13,10,11,14,13,12,13,12,10,14,14,13,10,10,10,0,10,11,10,11,10
13,10,10,13,12,14,14,13,10,13,14,10,13,12,12,11,10,11,10,14,10,10,13,11,13,13,14,10,14,10,14,13,10,13,14,12,10,13,12,14,12,14,11,11,10,0,14,10,13,13
13,14,10,10,11,10,12,12,14,14,14,14,13,14,14,14,11,14,14,13,14,11,11,14,10,11,11,14,11,10,14,13,11,12,11,10,13,12,13,13,11,10,10,13,12,14,0,14,14,11
11,14,10,10,14,13,11,13,10,14,10,13,13,10,13,10,10,13,11,13,14,11,13,10,11,11,14,11,13,11,10,12,11,12,10,11,14,13,11,13,14,12,13,12,13,14,12,0,14,11
13,12,11,12,11,12,10,10,14,14,13,14,10,14,14,14,13,12,11,10,12,10,12,12,13,14,11,13,11,11,11,13,14,14,10,14,14,14,14,14,14,11,14,13,12,13,13,13,0,13
13,10,12,11,13,14,12,14,13,14,12,11,12,14,13,13,14,14,10,13,10,14,13,12,11,10,11,10,13,14,14,10,12,14,12,11,14,11,10,10,12,14,11,10,12,13,12,11,11,0
