R=50
Pi=(19,11,13,12,18,15,14,14,19,12,11,17,11,16,15,10,12,19,18,14,18,18,13,18,14,16,18,16,17,15,11,15,15,11,14,11,16,18,17,14,16,19,16,11,11,18,10,15,19,12)
A=
1,2,0
2,3,38
3,5,0
7,8,0
8,9,0
10,11,37
12,14,36
15,17,0
16,18,34
18,20,0
19,21,0
20,22,23
23,25,35
27,29,24
28,30,20
30,32,0
33,35,34
35,37,27
37,39,32
38,40,0
40,42,0
41,43,0
43,45,0
45,47,31
46,48,23
Sij=
0,6,6,9,9,8,5,8,7,9,8,5,7,8,6,9,5,9,8,7,7,8,6,9,8,5,7,7,5,8,9,7,7,9,8,8,6,7,9,5,5,6,5,8,7,8,7,6,7,7
6,0,8,6,8,5,7,5,7,5,8,6,8,7,9,5,6,8,7,9,8,7,8,9,7,7,6,8,8,7,9,8,6,9,8,6,6,5,8,9,6,7,8,6,5,9,7,8,6,8
6,5,0,9,6,9,9,8,8,8,6,8,9,6,5,5,5,5,8,9,7,8,5,9,8,8,5,8,6,8,8,9,7,6,5,5,9,9,5,5,8,7,7,6,7,5,7,6,8,6
5,9,9,0,8,9,9,5,5,6,8,9,5,7,5,5,6,6,7,6,9,5,6,9,8,6,9,6,9,7,7,5,9,5,9,8,8,9,8,7,6,5,8,7,7,5,7,5,7,5
5,9,5,9,0,8,5,8,9,6,7,9,7,6,8,8,7,5,5,7,6,6,7,7,9,5,9,7,8,7,7,8,8,9,8,7,7,5,9,7,9,5,9,8,6,7,8,8,5,8
9,5,7,7,5,0,9,8,7,6,8,8,8,9,6,9,8,6,8,7,6,6,7,5,8,8,6,7,8,5,6,7,5,6,9,8,6,6,6,8,9,8,9,9,5,8,6,5,7,9
7,6,5,6,9,7,0,7,9,9,8,9,6,9,6,9,6,8,6,5,8,7,7,9,9,8,7,7,8,5,9,7,5,9,9,8,9,6,9,7,7,5,7,7,7,8,7,8,7,9
8,5,9,5,9,6,9,0,6,5,7,6,5,9,9,9,6,8,7,5,8,5,5,8,8,7,7,5,5,7,5,6,8,9,8,6,8,7,5,9,7,8,7,5,6,6,6,6,7,7
5,9,5,8,9,8,8,6,0,6,7,7,6,9,9,5,6,7,5,5,8,5,8,7,7,8,9,7,9,6,7,5,6,7,8,6,5,5,5,5,9,7,7,6,8,7,5,9,8,5
5,8,5,5,9,6,7,6,8,0,9,5,6,9,5,8,6,6,9,5,7,9,5,7,5,5,5,8,6,9,9,8,9,9,8,6,9,9,5,8,6,9,8,7,5,5,8,8,7,7
7,6,6,8,5,6,9,5,5,5,0,9,7,5,7,8,6,5,7,5,8,9,6,6,5,9,8,5,7,6,5,7,6,6,8,6,7,6,5,8,7,6,8,9,9,8,9,9,6,9
9,9,5,8,8,8,6,5,5,9,7,0,6,7,8,9,8,7,5,6,5,5,9,9,9,7,7,6,6,6,7,9,9,9,8,7,6,6,7,8,5,5,7,6,6,5,6,9,9,5
6,5,8,7,5,8,9,5,6,5,5,6,0,9,9,8,5,8,6,8,6,8,7,9,6,5,9,8,8,8,9,6,8,7,5,5,6,5,6,8,5,7,6,9,6,7,9,6,8,7
5,6,9,5,7,7,8,5,6,6,5,5,5,0,6,7,9,7,9,8,8,6,9,7,8,8,8,7,7,7,9,6,8,5,5,7,7,6,7,9,8,6,5,8,9,8,9,6,9,7
7,5,9,7,9,6,6,9,6,7,8,5,5,7,0,7,5,7,5,5,9,9,7,5,5,5,6,6,5,7,5,8,6,7,5,5,8,6,6,5,9,6,8,5,9,5,8,5,7,5
9,5,9,6,5,7,9,5,9,7,7,9,5,6,6,0,9,7,7,9,7,9,8,5,9,5,7,5,7,5,9,6,6,8,9,8,9,8,5,7,8,6,8,6,9,7,9,5,7,9
5,8,6,5,5,6,5,5,5,6,7,6,6,9,9,5,0,6,6,5,7,7,5,6,9,6,5,5,6,6,6,5,7,8,8,9,6,5,5,8,7,8,9,8,8,9,6,9,9,7
8,6,8,9,9,6,5,6,6,9,9,6,8,8,8,5,9,0,8,7,9,8,5,6,7,8,9,8,7,7,9,5,6,5,9,8,5,7,8,8,6,9,9,9,5,8,6,5,5,9
8,9,7,6,9,8,8,9,5,6,5,8,8,8,6,8,8,5,0,8,9,8,7,6,5,6,9,8,6,5,9,7,9,7,7,9,5,8,9,6,6,9,5,7,6,7,8,6,6,7
7,5,5,6,5,6,5,8,7,5,5,5,7,9,6,9,6,6,5,0,9,6,5,8,9,7,5,7,5,5,7,8,8,7,8,8,8,6,7,6,5,8,7,6,8,6,5,7,6,5
7,6,6,5,6,6,6,6,5,9,5,8,9,8,9,7,6,7,9,6,0,7,7,9,9,9,5,9,9,5,8,6,7,6,5,7,6,6,7,5,7,6,6,5,7,5,7,8,9,6
5,9,8,8,5,7,5,6,6,5,6,6,7,6,7,8,7,7,9,5,7,0,6,8,7,6,9,6,6,6,8,7,7,5,7,9,9,8,9,5,7,7,9,9,6,9,5,8,9,8
9,7,9,8,8,8,9,5,5,6,5,6,8,5,8,8,8,6,9,7,8,9,0,8,7,7,8,7,6,6,7,6,6,7,7,7,5,8,8,7,8,9,8,7,7,5,5,8,9,6
8,5,8,9,6,5,9,9,7,5,9,6,7,8,7,9,9,9,5,8,7,9,9,0,9,5,8,9,7,5,6,6,5,7,5,8,7,8,6,5,7,7,6,6,7,7,7,6,9,9
8,5,6,7,6,9,9,5,8,8,8,5,7,8,5,9,9,8,7,5,5,6,7,8,0,8,5,5,8,7,7,8,6,9,8,7,6,5,7,6,6,8,6,9,8,7,6,5,7,6
8,7,9,9,9,8,7,7,7,9,6,8,5,8,6,5,6,6,8,6,8,9,7,7,6,0,6,9,6,9,6,6,5,7,7,8,9,8,7,5,9,9,8,7,7,9,7,7,7,8
8,5,5,6,6,7,9,5,6,8,7,9,6,8,6,7,6,5,8,5,6,6,8,6,9,6,0,5,6,9,7,8,8,6,8,6,6,6,8,6,9,8,9,7,9,7,9,8,5,6
5,8,7,9,7,6,6,6,8,6,9,7,7,5,9,9,8,8,8,7,5,5,7,8,8,6,7,0,9,9,8,5,8,9,5,9,8,5,9,9,6,9,9,7,7,6,7,5,8,7
9,8,6,5,8,5,9,6,8,5,5,9,7,7,5,6,6,7,7,6,5,9,9,8,6,7,5,8,0,5,6,5,5,9,6,9,5,8,7,6,9,5,7,6,8,8,7,6,7,7
5,5,5,8,7,7,5,9,7,8,5,5,5,6,6,9,9,5,6,7,5,7,8,5,7,5,8,7,5,0,9,9,6,8,5,9,6,5,7,6,9,9,5,6,8,6,9,9,5,9
9,9,7,5,9,7,8,6,5,6,6,8,7,8,7,9,9,6,5,7,5,9,7,8,7,8,9,6,9,8,0,7,6,8,7,6,5,6,5,9,7,5,9,5,5,5,5,6,7,8
9,7,8,9,8,9,9,6,9,8,6,8,6,6,6,9,9,5,5,7,7,7,8,7,7,6,5,9,7,7,6,0,6,6,8,5,6,8,7,9,7,6,9,7,7,7,9,8,7,8
5,5,5,5,9,5,6,9,5,6,6,8,5,9,6,6,9,6,8,6,5,5,7,5,7,5,8,5,5,9,8,7,0,7,6,6,6,5,5,7,7,9,6,7,5,7,8,6,9,5
5,7,7,5,6,7,5,8,5,8,8,7,5,8,6,8,9,6,9,8,5,6,9,9,6,7,8,7,6,7,8,9,8,0,9,9,7,5,7,6,8,6,8,5,7,8,9,8,8,6
7,8,7,7,6,5,9,8,8,9,9,9,7,6,7,9,9,9,6,9,8,8,7,9,5,7,6,5,6,5,6,8,5,6,0,9,9,6,7,7,8,5,8,6,8,7,8,8,7,8
8,9,5,7,8,7,8,5,8,6,8,9,8,7,8,7,5,8,5,6,7,7,7,6,7,8,5,7,9,7,7,8,9,7,8,0,6,6,6,6,8,5,8,8,5,8,9,6,6,7
5,6,5,7,5,5,5,7,9,5,5,7,6,6,6,9,5,9,5,8,7,6,9,6,7,5,9,9,6,7,7,6,8,9,8,5,0,6,5,9,7,7,8,7,6,6,5,9,7,6
6,8,9,6,7,5,9,7,8,5,9,6,5,6,6,7,8,9,7,7,5,7,9,5,8,6,8,9,8,5,6,6,6,7,9,8,7,0,5,5,8,9,7,8,5,5,6,7,7,5
8,7,6,7,9,6,9,9,9,8,6,7,9,9,7,8,7,9,7,6,7,5,8,8,8,7,7,8,9,5,6,9,5,8,9,7,5,9,0,7,6,5,9,8,7,9,6,9,8,5
6,7,7,9,5,7,8,9,7,8,6,8,5,5,8,6,7,6,6,9,9,8,8,6,5,6,8,6,6,9,7,8,9,8,7,8,9,9,5,0,5,6,8,7,5,5,8,9,9,9
5,7,5,8,9,5,8,8,5,8,9,9,6,7,8,6,8,9,7,7,5,7,7,6,5,7,6,6,7,6,7,6,9,7,5,7,7,9,9,7,0,9,9,8,5,5,6,5,5,8
9,7,9,7,7,8,7,9,8,8,6,9,6,6,9,6,8,9,8,7,6,9,8,9,9,7,6,8,6,5,8,7,5,7,8,8,8,8,7,9,7,0,7,8,6,8,7,7,8,9
9,7,6,6,8,7,9,8,9,8,9,7,9,8,8,9,9,9,9,7,5,7,9,7,9,9,8,5,7,5,7,9,8,9,6,8,6,5,6,9,8,9,0,8,5,7,6,8,9,5
6,9,8,8,5,8,6,7,9,7,9,8,9,6,8,6,9,9,9,6,5,8,8,7,9,8,6,9,9,5,7,5,9,5,5,6,9,6,7,6,9,5,7,0,8,7,6,9,8,9
9,7,7,9,7,5,8,5,5,8,7,7,7,8,8,9,9,9,8,6,7,6,8,6,8,6,9,5,5,5,8,8,7,9,5,7,9,6,6,5,7,6,8,7,0,9,9,6,6,8
8,8,6,5,7,7,7,9,6,5,6,5,7,5,9,5,8,9,8,8,6,9,7,8,8,8,5,8,5,6,9,9,8,7,6,7,6,7,5,6,8,7,8,5,5,0,5,5,6,9
7,6,9,8,8,7,9,5,8,7,8,7,9,9,9,6,6,7,9,8,7,8,5,8,7,5,8,5,7,7,7,8,9,8,7,5,9,6,9,5,7,6,8,5,6,9,0,8,8,9
8,8,8,5,7,6,9,6,5,5,8,8,8,8,5,5,5,8,5,6,8,7,5,7,9,6,5,5,5,6,8,6,5,5,8,9,9,7,6,7,8,9,8,5,6,6,8,0,8,7
5,6,6,8,6,6,6,8,5,5,6,5,8,5,9,7,7,8,8,9,6,5,7,6,8,8,9,9,9,6,8,8,7,8,5,5,7,7,8,9,7,5,8,7,9,6,9,8,0,9
7,8,8,5,8,6,9,8,9,5,8,6,7,9,8,7,8,8,5,5,8,5,9,9,8,7,5,6,5,7,7,8,5,9,6,7,5,7,8,6,5,6,7,7,5,7,9,6,9,0
