R=50
Pi=(23,28,26,20,23,26,20,29,28,28,24,29,24,21,28,24,28,23,28,20,27,25,21,24,23,20,29,20,24,27,27,22,21,21,20,20,28,21,25,29,28,26,21,20,25,29,27,25,28,21)
A=
1,2,43
3,4,42
4,5,0
5,6,0
6,7,48
7,8,0
8,9,0
9,10,48
10,11,56
11,12,0
12,13,0
13,14,0
15,16,49
17,18,0
25,26,44
36,38,0
38,40,59
39,41,41
40,42,0
41,43,0
43,45,49
45,47,44
46,48,0
47,49,47
48,50,49
Sij=
0,11,14,13,14,11,11,11,10,13,11,12,12,14,10,14,12,11,12,12,13,14,12,11,11,11,10,10,10,10,12,14,11,10,13,14,11,11,10,13,10,10,11,12,13,12,11,11,12,10
11,0,11,10,14,13,12,13,13,11,13,10,10,10,14,11,12,11,12,10,10,13,10,11,14,12,12,12,14,12,14,14,14,13,10,14,11,13,12,11,10,11,12,10,11,12,14,10,12,11
11,11,0,14,10,11,11,10,10,11,12,11,14,13,10,12,14,11,12,10,10,14,14,13,10,10,14,10,10,14,12,13,12,10,12,11,12,14,14,12,13,13,11,12,10,10,10,12,11,12
12,10,11,0,10,11,12,12,12,14,10,11,10,10,10,13,13,13,13,11,14,10,14,12,10,11,12,13,11,13,14,14,12,13,13,11,11,11,12,14,10,13,14,10,14,10,13,12,10,13
11,12,11,11,0,12,12,13,13,11,14,14,13,10,13,14,10,14,12,12,13,11,12,11,14,10,11,10,13,13,14,13,14,12,13,12,12,12,10,11,11,13,13,14,13,14,12,13,10,11
13,11,10,10,12,0,11,13,10,12,10,10,11,14,10,12,11,10,10,12,11,11,13,13,10,11,14,13,12,13,14,13,12,14,12,14,13,12,13,14,11,14,11,10,10,10,14,13,13,12
11,14,11,10,14,14,0,10,12,10,14,12,13,10,12,12,12,13,11,12,10,13,13,11,11,11,11,14,12,13,10,11,10,14,10,11,10,11,12,10,12,14,10,12,13,12,12,13,13,13
12,12,12,11,12,13,13,0,12,10,14,12,14,12,14,14,13,11,13,10,11,11,10,10,11,14,11,13,11,13,13,13,13,11,14,11,12,14,14,12,11,12,12,11,12,12,12,11,11,12
10,10,14,12,11,11,11,11,0,10,11,11,10,11,14,11,11,14,13,13,13,12,14,12,11,14,13,14,14,13,14,12,10,11,14,12,13,13,11,14,13,14,10,13,12,10,10,11,13,10
11,13,13,13,13,14,11,12,13,0,12,13,11,12,13,11,14,11,14,12,12,13,12,12,14,14,13,11,10,10,10,14,12,11,13,12,10,13,12,12,14,10,10,10,13,11,11,11,12,11
12,14,10,14,11,12,13,10,13,13,0,14,13,10,12,12,13,10,10,13,10,10,11,13,11,12,11,12,12,14,13,13,11,14,13,12,10,13,13,14,11,14,10,14,13,12,11,10,12,12
14,10,10,13,11,11,11,10,14,11,14,0,14,10,11,14,10,13,14,11,10,11,10,12,10,12,11,10,11,10,13,10,10,10,14,14,13,12,13,12,12,11,10,13,11,10,11,13,14,14
13,14,12,13,12,11,14,12,14,10,10,11,0,14,10,10,10,14,14,11,11,11,12,14,11,14,13,11,11,11,10,10,13,10,11,12,13,13,12,12,13,10,10,12,12,11,11,11,14,13
10,10,12,11,12,13,10,10,10,14,13,14,13,0,11,13,10,11,10,13,13,11,12,11,11,13,10,10,10,11,10,12,12,12,13,10,10,13,11,12,12,11,13,12,13,14,13,12,13,14
12,14,11,13,11,11,13,14,10,13,11,12,10,13,0,10,11,11,12,14,11,13,12,10,12,10,11,12,14,13,12,14,13,11,11,14,10,11,13,10,11,12,11,12,13,10,10,11,10,12
11,12,11,12,12,10,10,14,13,13,14,13,13,10,13,0,13,13,11,14,13,14,14,13,11,12,13,12,14,11,11,14,10,12,12,11,14,13,11,14,10,14,10,13,14,11,13,14,10,14
10,12,14,12,11,12,12,14,14,14,14,12,10,13,12,13,0,14,11,11,13,13,14,11,12,13,14,14,11,13,10,14,14,12,10,11,13,10,13,10,14,14,14,14,11,14,13,13,12,10
10,12,12,12,12,11,10,11,12,13,12,13,11,11,14,10,14,0,10,10,12,14,12,10,11,11,14,13,10,14,12,10,10,11,10,12,12,12,11,14,14,10,12,13,14,12,11,12,13,14
11,14,12,13,10,11,12,11,10,10,12,12,10,11,14,13,11,11,0,11,13,11,13,13,10,11,11,11,14,11,13,10,11,10,10,12,12,12,12,11,13,14,10,11,10,12,11,14,10,14
10,11,10,11,14,13,13,11,11,11,13,14,13,14,12,10,10,11,10,0,13,12,11,13,14,12,13,10,11,12,13,14,12,11,10,11,11,14,10,10,12,14,10,10,10,13,13,11,11,13
14,11,10,14,12,11,14,12,10,14,10,12,11,14,13,12,10,13,13,13,0,10,10,10,10,12,14,11,10,13,10,13,12,14,13,12,11,14,12,13,13,11,14,13,11,10,10,12,11,12
13,12,10,12,12,12,14,11,14,11,13,10,14,14,10,10,13,12,13,11,11,0,12,13,10,10,11,11,11,13,10,12,11,14,13,14,12,13,14,11,10,13,10,10,10,10,12,12,14,13
10,11,12,14,14,10,10,14,14,12,11,10,12,12,13,14,11,11,10,10,12,12,0,13,10,12,13,11,12,13,14,12,13,12,13,13,13,10,11,14,12,13,13,13,11,10,10,11,13,11
11,13,10,11,14,11,12,13,11,12,11,14,13,10,10,14,12,13,13,13,14,13,14,0,11,13,11,13,14,12,10,12,12,13,10,12,10,12,11,12,12,10,10,13,14,13,13,10,12,12
11,13,11,12,14,12,12,13,13,13,13,12,13,11,11,14,13,11,12,13,14,12,10,10,0,11,13,14,10,10,13,14,10,10,11,10,11,10,14,13,13,14,12,13,13,14,14,12,14,12
14,14,12,12,14,13,13,12,10,10,10,13,12,13,10,14,12,11,12,10,14,14,13,12,14,0,13,12,14,12,10,11,10,14,13,10,13,12,13,11,12,11,14,14,13,12,10,12,13,12
14,12,13,10,13,12,10,10,14,12,10,11,14,10,14,14,10,13,13,13,11,11,13,14,14,14,0,10,14,14,14,14,10,13,11,13,13,13,10,10,10,10,12,13,10,11,11,11,14,14
14,12,11,13,10,11,12,13,13,10,13,12,10,10,14,13,14,12,12,11,11,10,14,12,13,12,13,0,13,13,13,12,12,11,14,10,11,12,11,13,10,10,14,10,14,11,13,14,11,13
11,12,14,14,12,13,14,13,13,10,12,12,14,10,14,13,11,10,11,10,12,10,12,13,12,11,12,14,0,14,11,10,13,11,10,11,11,13,13,14,11,10,13,14,11,10,13,11,13,10
11,10,12,13,11,10,11,14,10,12,10,10,14,13,12,10,14,10,13,14,13,10,12,11,14,10,14,11,11,0,13,13,14,14,14,13,10,12,10,10,10,10,11,12,11,13,10,11,14,11
10,11,12,12,13,11,11,13,10,13,11,10,14,13,12,13,11,11,10,10,11,12,13,14,13,14,11,12,10,13,0,13,14,10,10,10,11,10,12,10,12,12,12,12,12,14,14,10,13,10
13,12,14,11,13,14,12,13,13,13,14,14,13,12,11,14,12,10,14,12,11,12,13,11,12,13,14,10,11,10,14,0,13,13,12,12,11,14,12,11,10,12,13,12,13,11,12,13,14,10
12,12,13,11,10,14,10,13,13,13,10,10,12,11,12,14,10,11,11,14,10,14,14,14,14,10,13,14,10,14,14,10,0,14,10,13,13,10,12,12,12,11,13,11,14,11,10,10,11,10
14,11,11,11,10,10,13,13,14,12,10,11,11,12,13,14,14,10,12,12,14,14,12,13,13,12,11,12,14,13,13,10,11,0,14,11,13,12,13,14,10,10,10,10,10,12,11,10,10,13
14,11,14,12,14,10,14,13,12,13,12,13,10,13,11,13,14,14,11,11,10,11,11,11,12,11,14,13,12,10,11,11,11,14,0,10,11,13,12,12,13,11,14,10,14,11,11,10,12,14
11,13,12,13,14,12,13,14,13,10,12,11,11,10,11,11,10,12,10,12,10,14,12,12,13,10,10,11,11,14,10,11,12,14,11,0,12,14,13,12,12,11,11,10,11,14,11,14,13,13
12,10,14,10,14,14,11,11,14,10,13,12,11,13,14,10,11,14,12,14,13,12,12,14,12,11,13,14,10,12,11,10,11,13,13,13,0,10,10,12,10,14,11,10,12,13,14,14,13,10
11,13,11,12,14,14,10,13,14,12,12,10,12,10,11,13,13,10,13,14,10,14,10,11,12,10,12,12,14,11,12,11,14,13,13,13,10,0,13,12,13,13,10,10,12,14,14,12,10,13
14,14,14,10,14,10,12,13,14,14,14,12,13,13,13,14,11,11,13,12,13,13,10,13,10,11,10,13,12,11,13,12,11,13,10,11,13,10,0,10,13,10,10,10,13,12,11,14,11,12
13,13,13,13,13,10,11,14,10,10,13,14,13,10,13,11,11,11,14,13,11,10,10,10,14,11,12,12,11,11,13,11,13,11,14,13,14,14,13,0,13,13,11,13,10,11,14,12,10,12
11,11,10,14,13,10,12,12,12,13,11,12,13,13,14,11,11,11,12,10,14,11,11,13,11,14,10,12,10,13,10,14,11,10,14,10,13,12,10,10,0,12,10,12,11,11,11,14,13,13
13,10,12,10,14,12,10,14,11,13,13,10,14,12,13,12,12,11,12,13,14,12,13,10,11,13,14,14,10,11,10,14,12,14,11,13,12,14,11,13,14,0,10,12,14,11,10,12,12,13
13,14,10,12,14,13,11,12,12,13,11,12,10,13,10,13,13,12,14,10,10,14,12,14,14,13,13,10,13,14,10,10,11,10,11,11,10,12,12,10,10,11,0,10,10,10,10,14,12,11
11,13,12,12,11,13,14,11,10,12,10,10,10,13,12,13,10,11,14,11,13,12,10,10,14,10,14,13,12,13,13,14,11,13,12,11,12,12,14,12,12,10,14,0,14,11,10,10,12,13
11,10,14,14,10,13,13,12,12,13,11,13,10,13,12,14,11,13,11,10,11,11,12,11,12,14,13,13,11,14,14,14,11,10,11,12,14,10,10,10,13,14,10,14,0,12,13,12,11,11
10,10,11,13,11,11,10,12,12,11,11,10,14,10,13,14,11,12,10,12,14,14,10,13,10,12,12,11,13,13,13,12,11,12,10,14,13,11,14,14,10,10,11,13,14,0,10,13,13,12
14,10,11,12,13,11,10,14,13,12,14,14,14,14,14,13,14,13,12,10,13,11,10,12,10,11,14,13,11,13,10,13,14,14,13,12,12,10,12,10,14,14,14,13,14,14,0,11,10,12
10,10,11,10,12,13,13,10,13,11,12,12,12,12,14,12,10,10,10,10,11,11,14,10,12,10,14,11,12,12,11,14,14,10,11,13,13,12,11,10,10,12,13,14,10,13,12,0,11,10
11,13,14,11,14,11,14,10,10,13,12,13,11,12,11,14,12,12,12,11,10,13,12,13,14,10,13,12,10,10,14,13,12,10,10,13,11,13,14,14,11,12,13,14,13,11,13,14,0,12
14,12,10,14,10,14,13,10,10,12,14,12,11,10,10,13,14,11,10,11,12,13,14,13,12,14,12,14,13,10,12,11,14,10,11,12,14,13,11,10,12,12,10,10,14,12,10,12,13,0
