R=50
Pi=(27,24,21,29,21,23,28,24,22,20,27,20,20,25,23,22,27,22,27,20,20,23,23,27,28,28,26,29,20,26,29,29,21,20,23,28,26,27,26,20,20,22,22,24,29,25,20,24,23,24)
A=
1,2,0
2,3,50
3,4,0
4,5,56
6,7,0
7,8,47
8,9,0
11,12,0
12,14,0
13,15,50
15,17,54
16,18,0
17,19,44
18,20,57
19,21,47
20,22,45
22,24,0
23,25,47
25,27,0
34,36,0
38,40,0
40,42,48
41,43,52
43,45,0
44,46,46
Sij=
0,8,9,6,6,9,9,7,9,7,5,7,9,7,7,7,9,7,9,7,7,5,5,9,9,8,8,5,6,7,9,7,5,5,5,9,8,6,6,8,8,5,8,9,9,6,8,5,9,8
7,0,5,7,9,7,6,7,9,7,8,6,9,5,6,8,7,6,8,6,8,9,7,5,6,9,7,7,6,5,7,9,8,5,8,5,8,5,6,8,9,6,8,8,8,6,8,9,6,5
6,9,0,5,8,6,8,9,9,6,5,5,9,5,9,5,8,8,9,7,5,9,7,5,5,7,6,5,8,7,9,6,7,5,5,8,7,9,9,8,9,6,8,8,5,7,5,5,9,8
9,8,8,0,6,6,6,8,9,9,5,9,8,5,7,7,9,7,8,5,5,7,9,8,6,8,9,5,9,9,8,6,5,6,5,7,5,7,6,9,9,5,8,9,8,8,5,5,6,6
6,9,6,5,0,8,6,9,9,7,7,6,5,9,9,6,9,8,6,5,9,6,6,6,9,5,5,9,5,9,7,7,8,9,8,8,8,9,5,7,9,8,5,9,8,7,9,5,8,7
9,9,9,5,6,0,9,9,8,7,9,8,6,9,5,5,5,8,6,6,6,8,9,8,9,6,6,5,7,7,6,6,9,6,7,9,7,8,8,7,8,8,9,7,5,8,7,8,5,9
8,9,8,9,6,9,0,5,6,9,9,5,9,7,6,5,8,9,5,6,5,7,6,9,8,8,8,9,6,8,5,8,7,9,7,9,7,8,9,9,8,9,6,8,8,7,8,5,8,6
6,9,7,7,9,6,7,0,9,9,6,8,9,9,7,9,5,7,9,9,7,8,5,5,6,8,6,6,7,5,6,9,7,6,9,6,6,6,5,9,6,6,7,9,7,5,8,5,8,9
8,9,8,6,6,8,6,9,0,5,9,8,5,9,8,7,7,6,8,9,6,8,8,7,9,8,5,6,6,7,5,9,6,7,8,7,7,5,6,9,6,9,7,6,6,6,5,7,8,6
5,9,5,5,6,5,5,7,9,0,7,6,7,5,6,9,9,7,8,6,6,5,6,5,8,7,7,6,7,5,8,8,7,7,9,6,6,9,5,5,7,7,5,6,8,8,9,8,5,6
6,9,7,5,7,6,9,9,6,8,0,9,9,7,6,5,9,8,9,6,9,8,5,6,7,8,9,9,9,6,5,8,8,6,6,9,8,6,6,5,8,7,7,8,7,5,8,9,9,5
9,5,5,7,5,7,6,7,9,7,8,0,6,9,7,6,9,6,8,6,6,7,8,6,8,7,7,6,7,9,6,5,9,5,8,7,9,8,5,5,8,8,5,6,9,7,6,7,9,7
7,9,5,8,7,8,6,9,6,9,8,6,0,9,8,7,6,8,5,5,5,6,6,5,7,7,8,6,6,6,5,6,9,6,9,6,7,9,5,7,5,6,5,6,6,6,7,9,6,9
7,8,6,7,9,5,6,8,7,5,9,6,9,0,7,5,8,9,9,9,7,9,6,8,7,5,8,6,9,9,5,5,9,9,6,8,7,9,6,7,9,9,9,7,9,8,8,6,7,5
7,7,7,9,9,9,6,5,8,7,5,9,6,8,0,6,5,9,6,8,9,8,8,7,6,9,7,5,9,8,8,6,7,9,9,7,8,7,9,5,7,7,6,6,9,7,5,8,6,5
9,9,6,8,7,7,8,5,5,5,6,9,6,7,9,0,5,8,9,7,6,8,7,5,6,5,7,7,7,7,9,9,9,9,8,8,9,9,9,6,6,8,7,6,9,8,8,5,9,6
9,8,5,5,9,7,6,8,5,7,5,9,6,7,6,5,0,7,9,7,8,9,5,9,8,5,8,5,6,6,7,7,6,8,5,8,5,9,8,9,6,7,5,9,6,5,7,6,5,5
8,6,8,8,5,6,8,9,6,5,6,6,5,7,7,5,9,0,6,5,8,5,6,8,5,5,6,8,6,7,7,8,6,5,5,7,6,8,7,7,9,5,6,7,8,7,5,6,8,6
6,6,5,6,6,5,7,7,8,7,9,7,6,7,9,6,5,6,0,9,5,6,6,6,9,6,8,9,9,5,7,5,9,5,9,5,5,7,5,8,5,5,8,5,5,7,6,8,8,7
6,7,9,6,7,9,5,9,6,9,7,6,7,6,5,6,5,6,7,0,6,8,9,9,7,9,9,8,5,6,6,5,5,5,6,9,5,6,7,8,9,5,6,6,5,5,9,7,6,5
8,7,9,6,7,9,7,7,6,7,8,6,5,8,9,9,7,5,6,7,0,9,5,7,8,7,5,7,8,9,6,5,7,6,9,7,9,5,9,8,6,6,8,9,5,9,7,5,7,6
6,8,8,5,8,5,7,9,5,8,6,6,9,8,9,6,6,5,5,6,5,0,8,8,6,9,5,6,6,7,8,9,5,9,6,7,8,6,6,7,8,5,9,5,5,7,5,7,9,9
8,8,7,9,6,5,8,9,6,5,7,8,5,6,6,8,5,7,7,6,6,9,0,9,7,6,5,5,8,7,9,9,8,7,7,8,9,6,5,8,6,8,9,9,5,9,9,9,8,8
6,6,7,5,8,8,8,9,5,7,5,9,5,6,7,6,9,6,8,7,7,7,5,0,8,6,7,6,5,9,7,7,6,7,9,6,7,6,8,8,9,5,5,6,7,7,6,7,7,7
9,5,8,5,5,6,9,6,9,9,5,6,8,9,7,5,8,7,5,5,9,9,6,8,0,9,7,6,5,7,5,9,9,9,7,5,7,9,6,7,8,6,6,7,9,7,8,6,6,9
7,9,9,7,6,7,5,8,9,6,7,9,9,9,8,9,6,6,6,9,5,6,7,9,6,0,9,8,6,7,5,6,6,5,5,5,6,9,7,7,5,9,8,9,9,5,9,7,6,9
9,6,6,5,6,9,5,6,5,5,7,8,8,6,9,5,6,9,8,9,6,9,8,8,6,9,0,6,7,7,9,7,7,6,7,7,9,9,5,8,6,9,9,9,6,5,6,6,7,5
9,9,9,8,7,7,9,7,7,9,6,7,8,9,5,8,5,7,6,8,5,5,5,5,6,9,6,0,9,7,8,5,8,9,7,8,5,7,8,8,9,8,6,7,6,6,9,6,5,8
8,5,8,9,8,9,8,8,9,7,8,5,5,5,9,9,8,8,5,5,5,5,6,8,6,5,8,8,0,9,9,7,7,5,5,9,7,6,8,5,7,9,6,8,6,5,8,7,6,8
6,8,5,6,5,8,7,9,5,8,8,6,9,9,5,9,5,5,9,5,6,8,9,7,8,5,9,7,9,0,8,7,7,6,5,7,5,6,6,5,7,7,8,5,5,6,6,9,7,8
6,9,8,8,5,7,8,8,7,7,9,8,5,9,7,5,6,9,9,7,9,7,9,9,6,8,7,7,9,5,0,7,5,6,8,8,8,8,8,6,8,8,7,8,8,6,9,6,9,8
5,5,6,5,9,9,9,5,9,7,7,9,6,9,6,5,8,6,6,5,8,6,7,8,6,8,6,8,5,8,7,0,6,7,8,8,5,5,5,6,9,8,8,9,6,8,8,6,7,7
7,7,7,5,8,5,8,8,8,9,6,7,5,9,6,5,5,7,8,5,6,5,7,9,7,6,9,7,5,9,7,7,0,8,6,7,5,9,6,8,7,9,6,7,6,5,6,8,9,7
6,7,6,7,7,5,7,5,7,7,6,5,6,7,8,6,8,8,8,6,6,5,9,8,5,5,5,7,6,8,5,8,5,0,9,9,6,6,9,6,6,5,5,7,8,6,6,8,8,9
5,7,7,5,7,6,5,8,7,7,6,9,9,8,8,6,8,5,7,8,6,9,9,6,6,6,6,8,5,7,8,7,6,8,0,6,6,8,8,7,7,8,8,9,7,5,6,5,6,8
7,7,6,5,5,7,5,7,6,8,6,5,7,8,9,8,8,7,6,7,6,8,5,7,9,9,8,5,6,6,5,6,9,9,8,0,9,7,6,6,5,6,8,6,5,6,7,6,9,9
9,7,8,8,8,7,8,7,9,6,6,9,9,6,9,7,5,5,8,5,5,5,6,6,6,6,7,6,5,5,7,7,8,5,7,9,0,6,7,6,6,9,7,8,5,5,5,6,7,7
7,6,6,7,9,9,8,5,7,7,7,9,6,6,8,8,8,6,8,8,5,6,7,9,6,5,7,7,5,5,5,5,5,9,8,9,6,0,5,9,6,9,8,8,9,8,7,7,5,9
7,7,9,7,9,6,5,8,7,6,8,6,5,9,6,7,7,9,7,8,8,7,7,6,7,9,6,7,7,5,9,8,7,8,8,8,5,7,0,5,7,7,5,9,9,5,9,8,9,7
7,6,8,9,6,5,5,9,7,9,5,5,7,6,6,7,9,9,7,6,7,6,9,8,9,5,8,7,8,6,7,5,7,5,9,9,5,8,5,0,7,8,9,7,8,5,7,5,9,7
6,5,5,6,7,9,5,6,9,5,6,7,7,5,6,6,9,7,6,6,7,6,6,8,5,8,8,9,6,8,7,5,8,9,7,5,7,8,9,6,0,9,7,6,8,9,9,5,9,6
6,5,5,8,8,5,5,9,6,6,9,5,6,5,5,7,5,9,7,8,5,9,6,7,9,7,9,9,7,9,5,7,9,7,5,8,7,6,5,9,6,0,6,5,7,9,5,7,6,5
5,8,5,8,6,5,6,9,7,8,6,6,5,6,7,5,7,6,9,5,7,5,9,8,8,6,9,9,8,7,8,9,8,8,7,5,5,9,7,7,9,9,0,9,7,8,8,5,9,7
7,7,9,8,6,8,5,9,6,9,9,5,6,6,9,9,6,7,7,9,7,9,8,8,6,6,8,5,6,9,5,6,5,6,5,5,9,6,6,5,6,6,9,0,9,8,7,7,7,5
7,7,5,8,5,5,8,9,5,6,5,5,9,8,6,9,8,5,9,5,9,5,9,6,6,7,5,5,8,5,9,8,5,5,8,7,5,7,5,6,7,6,9,5,0,5,5,6,7,8
5,9,6,7,7,6,7,8,8,7,7,9,7,5,9,6,6,9,9,5,8,8,5,9,8,8,8,5,8,5,5,6,8,7,7,5,7,6,8,8,5,9,7,5,7,0,7,9,5,9
8,9,5,6,7,9,7,9,7,9,9,7,6,9,7,6,6,6,5,7,9,9,5,6,5,9,9,6,5,7,6,8,7,6,5,6,9,9,5,8,5,6,5,7,9,6,0,8,9,9
9,6,5,9,7,5,9,8,9,5,8,9,5,8,9,7,5,5,5,8,6,6,6,6,7,6,8,8,8,7,9,5,5,7,6,5,5,9,9,6,6,8,5,8,6,9,5,0,7,5
9,8,5,8,5,8,7,9,9,6,6,6,5,5,6,5,7,8,8,7,9,7,5,5,8,7,8,5,8,9,8,6,5,8,8,8,9,7,9,9,8,5,6,7,8,9,5,7,0,8
7,9,5,6,9,6,7,7,5,9,8,5,6,6,5,8,9,6,7,6,7,6,5,9,9,9,8,6,8,6,9,6,5,7,6,9,7,9,5,6,6,6,8,8,6,9,6,9,6,0
