R=50
Pi=(29,21,23,22,28,25,24,24,29,22,21,27,21,26,25,20,22,29,28,24,28,28,23,28,24,26,28,26,27,25,21,25,25,21,24,21,26,28,27,24,26,29,26,21,21,28,20,25,29,22)
A=
1,2,0
2,3,58
3,5,0
7,8,0
8,9,0
10,11,57
12,14,56
15,17,0
16,18,54
18,20,0
19,21,0
20,22,43
23,25,55
27,29,44
28,30,40
30,32,0
33,35,54
35,37,47
37,39,52
38,40,0
40,42,0
41,43,0
43,45,0
45,47,51
46,48,43
Sij=
0,11,11,14,14,13,10,13,12,14,13,10,12,13,11,14,10,14,13,12,12,13,11,14,13,10,12,12,10,13,14,12,12,14,13,13,11,12,14,10,10,11,10,13,12,13,12,11,12,12
11,0,13,11,13,10,12,10,12,10,13,11,13,12,14,10,11,13,12,14,13,12,13,14,12,12,11,13,13,12,14,13,11,14,13,11,11,10,13,14,11,12,13,11,10,14,12,13,11,13
11,10,0,14,11,14,14,13,13,13,11,13,14,11,10,10,10,10,13,14,12,13,10,14,13,13,10,13,11,13,13,14,12,11,10,10,14,14,10,10,13,12,12,11,12,10,12,11,13,11
10,14,14,0,13,14,14,10,10,11,13,14,10,12,10,10,11,11,12,11,14,10,11,14,13,11,14,11,14,12,12,10,14,10,14,13,13,14,13,12,11,10,13,12,12,10,12,10,12,10
10,14,10,14,0,13,10,13,14,11,12,14,12,11,13,13,12,10,10,12,11,11,12,12,14,10,14,12,13,12,12,13,13,14,13,12,12,10,14,12,14,10,14,13,11,12,13,13,10,13
14,10,12,12,10,0,14,13,12,11,13,13,13,14,11,14,13,11,13,12,11,11,12,10,13,13,11,12,13,10,11,12,10,11,14,13,11,11,11,13,14,13,14,14,10,13,11,10,12,14
12,11,10,11,14,12,0,12,14,14,13,14,11,14,11,14,11,13,11,10,13,12,12,14,14,13,12,12,13,10,14,12,10,14,14,13,14,11,14,12,12,10,12,12,12,13,12,13,12,14
13,10,14,10,14,11,14,0,11,10,12,11,10,14,14,14,11,13,12,10,13,10,10,13,13,12,12,10,10,12,10,11,13,14,13,11,13,12,10,14,12,13,12,10,11,11,11,11,12,12
10,14,10,13,14,13,13,11,0,11,12,12,11,14,14,10,11,12,10,10,13,10,13,12,12,13,14,12,14,11,12,10,11,12,13,11,10,10,10,10,14,12,12,11,13,12,10,14,13,10
10,13,10,10,14,11,12,11,13,0,14,10,11,14,10,13,11,11,14,10,12,14,10,12,10,10,10,13,11,14,14,13,14,14,13,11,14,14,10,13,11,14,13,12,10,10,13,13,12,12
12,11,11,13,10,11,14,10,10,10,0,14,12,10,12,13,11,10,12,10,13,14,11,11,10,14,13,10,12,11,10,12,11,11,13,11,12,11,10,13,12,11,13,14,14,13,14,14,11,14
14,14,10,13,13,13,11,10,10,14,12,0,11,12,13,14,13,12,10,11,10,10,14,14,14,12,12,11,11,11,12,14,14,14,13,12,11,11,12,13,10,10,12,11,11,10,11,14,14,10
11,10,13,12,10,13,14,10,11,10,10,11,0,14,14,13,10,13,11,13,11,13,12,14,11,10,14,13,13,13,14,11,13,12,10,10,11,10,11,13,10,12,11,14,11,12,14,11,13,12
10,11,14,10,12,12,13,10,11,11,10,10,10,0,11,12,14,12,14,13,13,11,14,12,13,13,13,12,12,12,14,11,13,10,10,12,12,11,12,14,13,11,10,13,14,13,14,11,14,12
12,10,14,12,14,11,11,14,11,12,13,10,10,12,0,12,10,12,10,10,14,14,12,10,10,10,11,11,10,12,10,13,11,12,10,10,13,11,11,10,14,11,13,10,14,10,13,10,12,10
14,10,14,11,10,12,14,10,14,12,12,14,10,11,11,0,14,12,12,14,12,14,13,10,14,10,12,10,12,10,14,11,11,13,14,13,14,13,10,12,13,11,13,11,14,12,14,10,12,14
10,13,11,10,10,11,10,10,10,11,12,11,11,14,14,10,0,11,11,10,12,12,10,11,14,11,10,10,11,11,11,10,12,13,13,14,11,10,10,13,12,13,14,13,13,14,11,14,14,12
13,11,13,14,14,11,10,11,11,14,14,11,13,13,13,10,14,0,13,12,14,13,10,11,12,13,14,13,12,12,14,10,11,10,14,13,10,12,13,13,11,14,14,14,10,13,11,10,10,14
13,14,12,11,14,13,13,14,10,11,10,13,13,13,11,13,13,10,0,13,14,13,12,11,10,11,14,13,11,10,14,12,14,12,12,14,10,13,14,11,11,14,10,12,11,12,13,11,11,12
12,10,10,11,10,11,10,13,12,10,10,10,12,14,11,14,11,11,10,0,14,11,10,13,14,12,10,12,10,10,12,13,13,12,13,13,13,11,12,11,10,13,12,11,13,11,10,12,11,10
12,11,11,10,11,11,11,11,10,14,10,13,14,13,14,12,11,12,14,11,0,12,12,14,14,14,10,14,14,10,13,11,12,11,10,12,11,11,12,10,12,11,11,10,12,10,12,13,14,11
10,14,13,13,10,12,10,11,11,10,11,11,12,11,12,13,12,12,14,10,12,0,11,13,12,11,14,11,11,11,13,12,12,10,12,14,14,13,14,10,12,12,14,14,11,14,10,13,14,13
14,12,14,13,13,13,14,10,10,11,10,11,13,10,13,13,13,11,14,12,13,14,0,13,12,12,13,12,11,11,12,11,11,12,12,12,10,13,13,12,13,14,13,12,12,10,10,13,14,11
13,10,13,14,11,10,14,14,12,10,14,11,12,13,12,14,14,14,10,13,12,14,14,0,14,10,13,14,12,10,11,11,10,12,10,13,12,13,11,10,12,12,11,11,12,12,12,11,14,14
13,10,11,12,11,14,14,10,13,13,13,10,12,13,10,14,14,13,12,10,10,11,12,13,0,13,10,10,13,12,12,13,11,14,13,12,11,10,12,11,11,13,11,14,13,12,11,10,12,11
13,12,14,14,14,13,12,12,12,14,11,13,10,13,11,10,11,11,13,11,13,14,12,12,11,0,11,14,11,14,11,11,10,12,12,13,14,13,12,10,14,14,13,12,12,14,12,12,12,13
13,10,10,11,11,12,14,10,11,13,12,14,11,13,11,12,11,10,13,10,11,11,13,11,14,11,0,10,11,14,12,13,13,11,13,11,11,11,13,11,14,13,14,12,14,12,14,13,10,11
10,13,12,14,12,11,11,11,13,11,14,12,12,10,14,14,13,13,13,12,10,10,12,13,13,11,12,0,14,14,13,10,13,14,10,14,13,10,14,14,11,14,14,12,12,11,12,10,13,12
14,13,11,10,13,10,14,11,13,10,10,14,12,12,10,11,11,12,12,11,10,14,14,13,11,12,10,13,0,10,11,10,10,14,11,14,10,13,12,11,14,10,12,11,13,13,12,11,12,12
10,10,10,13,12,12,10,14,12,13,10,10,10,11,11,14,14,10,11,12,10,12,13,10,12,10,13,12,10,0,14,14,11,13,10,14,11,10,12,11,14,14,10,11,13,11,14,14,10,14
14,14,12,10,14,12,13,11,10,11,11,13,12,13,12,14,14,11,10,12,10,14,12,13,12,13,14,11,14,13,0,12,11,13,12,11,10,11,10,14,12,10,14,10,10,10,10,11,12,13
14,12,13,14,13,14,14,11,14,13,11,13,11,11,11,14,14,10,10,12,12,12,13,12,12,11,10,14,12,12,11,0,11,11,13,10,11,13,12,14,12,11,14,12,12,12,14,13,12,13
10,10,10,10,14,10,11,14,10,11,11,13,10,14,11,11,14,11,13,11,10,10,12,10,12,10,13,10,10,14,13,12,0,12,11,11,11,10,10,12,12,14,11,12,10,12,13,11,14,10
10,12,12,10,11,12,10,13,10,13,13,12,10,13,11,13,14,11,14,13,10,11,14,14,11,12,13,12,11,12,13,14,13,0,14,14,12,10,12,11,13,11,13,10,12,13,14,13,13,11
12,13,12,12,11,10,14,13,13,14,14,14,12,11,12,14,14,14,11,14,13,13,12,14,10,12,11,10,11,10,11,13,10,11,0,14,14,11,12,12,13,10,13,11,13,12,13,13,12,13
13,14,10,12,13,12,13,10,13,11,13,14,13,12,13,12,10,13,10,11,12,12,12,11,12,13,10,12,14,12,12,13,14,12,13,0,11,11,11,11,13,10,13,13,10,13,14,11,11,12
10,11,10,12,10,10,10,12,14,10,10,12,11,11,11,14,10,14,10,13,12,11,14,11,12,10,14,14,11,12,12,11,13,14,13,10,0,11,10,14,12,12,13,12,11,11,10,14,12,11
11,13,14,11,12,10,14,12,13,10,14,11,10,11,11,12,13,14,12,12,10,12,14,10,13,11,13,14,13,10,11,11,11,12,14,13,12,0,10,10,13,14,12,13,10,10,11,12,12,10
13,12,11,12,14,11,14,14,14,13,11,12,14,14,12,13,12,14,12,11,12,10,13,13,13,12,12,13,14,10,11,14,10,13,14,12,10,14,0,12,11,10,14,13,12,14,11,14,13,10
11,12,12,14,10,12,13,14,12,13,11,13,10,10,13,11,12,11,11,14,14,13,13,11,10,11,13,11,11,14,12,13,14,13,12,13,14,14,10,0,10,11,13,12,10,10,13,14,14,14
10,12,10,13,14,10,13,13,10,13,14,14,11,12,13,11,13,14,12,12,10,12,12,11,10,12,11,11,12,11,12,11,14,12,10,12,12,14,14,12,0,14,14,13,10,10,11,10,10,13
14,12,14,12,12,13,12,14,13,13,11,14,11,11,14,11,13,14,13,12,11,14,13,14,14,12,11,13,11,10,13,12,10,12,13,13,13,13,12,14,12,0,12,13,11,13,12,12,13,14
14,12,11,11,13,12,14,13,14,13,14,12,14,13,13,14,14,14,14,12,10,12,14,12,14,14,13,10,12,10,12,14,13,14,11,13,11,10,11,14,13,14,0,13,10,12,11,13,14,10
11,14,13,13,10,13,11,12,14,12,14,13,14,11,13,11,14,14,14,11,10,13,13,12,14,13,11,14,14,10,12,10,14,10,10,11,14,11,12,11,14,10,12,0,13,12,11,14,13,14
14,12,12,14,12,10,13,10,10,13,12,12,12,13,13,14,14,14,13,11,12,11,13,11,13,11,14,10,10,10,13,13,12,14,10,12,14,11,11,10,12,11,13,12,0,14,14,11,11,13
13,13,11,10,12,12,12,14,11,10,11,10,12,10,14,10,13,14,13,13,11,14,12,13,13,13,10,13,10,11,14,14,13,12,11,12,11,12,10,11,13,12,13,10,10,0,10,10,11,14
12,11,14,13,13,12,14,10,13,12,13,12,14,14,14,11,11,12,14,13,12,13,10,13,12,10,13,10,12,12,12,13,14,13,12,10,14,11,14,10,12,11,13,10,11,14,0,13,13,14
13,13,13,10,12,11,14,11,10,10,13,13,13,13,10,10,10,13,10,11,13,12,10,12,14,11,10,10,10,11,13,11,10,10,13,14,14,12,11,12,13,14,13,10,11,11,13,0,13,12
10,11,11,13,11,11,11,13,10,10,11,10,13,10,14,12,12,13,13,14,11,10,12,11,13,13,14,14,14,11,13,13,12,13,10,10,12,12,13,14,12,10,13,12,14,11,14,13,0,14
12,13,13,10,13,11,14,13,14,10,13,11,12,14,13,12,13,13,10,10,13,10,14,14,13,12,10,11,10,12,12,13,10,14,11,12,10,12,13,11,10,11,12,12,10,12,14,11,14,0
