R=50
Pi=(17,14,11,19,11,13,18,14,12,10,17,10,10,15,13,12,17,12,17,10,10,13,13,17,18,18,16,19,10,16,19,19,11,10,13,18,16,17,16,10,10,12,12,14,19,15,10,14,13,14)
A=
1,2,0
2,3,30
3,4,0
4,5,36
6,7,0
7,8,27
8,9,0
11,12,0
12,14,0
13,15,30
15,17,34
16,18,0
17,19,24
18,20,37
19,21,27
20,22,25
22,24,0
23,25,27
25,27,0
34,36,0
38,40,0
40,42,28
41,43,32
43,45,0
44,46,26
Sij=
0,13,14,11,11,14,14,12,14,12,10,12,14,12,12,12,14,12,14,12,12,10,10,14,14,13,13,10,11,12,14,12,10,10,10,14,13,11,11,13,13,10,13,14,14,11,13,10,14,13
12,0,10,12,14,12,11,12,14,12,13,11,14,10,11,13,12,11,13,11,13,14,12,10,11,14,12,12,11,10,12,14,13,10,13,10,13,10,11,13,14,11,13,13,13,11,13,14,11,10
11,14,0,10,13,11,13,14,14,11,10,10,14,10,14,10,13,13,14,12,10,14,12,10,10,12,11,10,13,12,14,11,12,10,10,13,12,14,14,13,14,11,13,13,10,12,10,10,14,13
14,13,13,0,11,11,11,13,14,14,10,14,13,10,12,12,14,12,13,10,10,12,14,13,11,13,14,10,14,14,13,11,10,11,10,12,10,12,11,14,14,10,13,14,13,13,10,10,11,11
11,14,11,10,0,13,11,14,14,12,12,11,10,14,14,11,14,13,11,10,14,11,11,11,14,10,10,14,10,14,12,12,13,14,13,13,13,14,10,12,14,13,10,14,13,12,14,10,13,12
14,14,14,10,11,0,14,14,13,12,14,13,11,14,10,10,10,13,11,11,11,13,14,13,14,11,11,10,12,12,11,11,14,11,12,14,12,13,13,12,13,13,14,12,10,13,12,13,10,14
13,14,13,14,11,14,0,10,11,14,14,10,14,12,11,10,13,14,10,11,10,12,11,14,13,13,13,14,11,13,10,13,12,14,12,14,12,13,14,14,13,14,11,13,13,12,13,10,13,11
11,14,12,12,14,11,12,0,14,14,11,13,14,14,12,14,10,12,14,14,12,13,10,10,11,13,11,11,12,10,11,14,12,11,14,11,11,11,10,14,11,11,12,14,12,10,13,10,13,14
13,14,13,11,11,13,11,14,0,10,14,13,10,14,13,12,12,11,13,14,11,13,13,12,14,13,10,11,11,12,10,14,11,12,13,12,12,10,11,14,11,14,12,11,11,11,10,12,13,11
10,14,10,10,11,10,10,12,14,0,12,11,12,10,11,14,14,12,13,11,11,10,11,10,13,12,12,11,12,10,13,13,12,12,14,11,11,14,10,10,12,12,10,11,13,13,14,13,10,11
11,14,12,10,12,11,14,14,11,13,0,14,14,12,11,10,14,13,14,11,14,13,10,11,12,13,14,14,14,11,10,13,13,11,11,14,13,11,11,10,13,12,12,13,12,10,13,14,14,10
14,10,10,12,10,12,11,12,14,12,13,0,11,14,12,11,14,11,13,11,11,12,13,11,13,12,12,11,12,14,11,10,14,10,13,12,14,13,10,10,13,13,10,11,14,12,11,12,14,12
12,14,10,13,12,13,11,14,11,14,13,11,0,14,13,12,11,13,10,10,10,11,11,10,12,12,13,11,11,11,10,11,14,11,14,11,12,14,10,12,10,11,10,11,11,11,12,14,11,14
12,13,11,12,14,10,11,13,12,10,14,11,14,0,12,10,13,14,14,14,12,14,11,13,12,10,13,11,14,14,10,10,14,14,11,13,12,14,11,12,14,14,14,12,14,13,13,11,12,10
12,12,12,14,14,14,11,10,13,12,10,14,11,13,0,11,10,14,11,13,14,13,13,12,11,14,12,10,14,13,13,11,12,14,14,12,13,12,14,10,12,12,11,11,14,12,10,13,11,10
14,14,11,13,12,12,13,10,10,10,11,14,11,12,14,0,10,13,14,12,11,13,12,10,11,10,12,12,12,12,14,14,14,14,13,13,14,14,14,11,11,13,12,11,14,13,13,10,14,11
14,13,10,10,14,12,11,13,10,12,10,14,11,12,11,10,0,12,14,12,13,14,10,14,13,10,13,10,11,11,12,12,11,13,10,13,10,14,13,14,11,12,10,14,11,10,12,11,10,10
13,11,13,13,10,11,13,14,11,10,11,11,10,12,12,10,14,0,11,10,13,10,11,13,10,10,11,13,11,12,12,13,11,10,10,12,11,13,12,12,14,10,11,12,13,12,10,11,13,11
11,11,10,11,11,10,12,12,13,12,14,12,11,12,14,11,10,11,0,14,10,11,11,11,14,11,13,14,14,10,12,10,14,10,14,10,10,12,10,13,10,10,13,10,10,12,11,13,13,12
11,12,14,11,12,14,10,14,11,14,12,11,12,11,10,11,10,11,12,0,11,13,14,14,12,14,14,13,10,11,11,10,10,10,11,14,10,11,12,13,14,10,11,11,10,10,14,12,11,10
13,12,14,11,12,14,12,12,11,12,13,11,10,13,14,14,12,10,11,12,0,14,10,12,13,12,10,12,13,14,11,10,12,11,14,12,14,10,14,13,11,11,13,14,10,14,12,10,12,11
11,13,13,10,13,10,12,14,10,13,11,11,14,13,14,11,11,10,10,11,10,0,13,13,11,14,10,11,11,12,13,14,10,14,11,12,13,11,11,12,13,10,14,10,10,12,10,12,14,14
13,13,12,14,11,10,13,14,11,10,12,13,10,11,11,13,10,12,12,11,11,14,0,14,12,11,10,10,13,12,14,14,13,12,12,13,14,11,10,13,11,13,14,14,10,14,14,14,13,13
11,11,12,10,13,13,13,14,10,12,10,14,10,11,12,11,14,11,13,12,12,12,10,0,13,11,12,11,10,14,12,12,11,12,14,11,12,11,13,13,14,10,10,11,12,12,11,12,12,12
14,10,13,10,10,11,14,11,14,14,10,11,13,14,12,10,13,12,10,10,14,14,11,13,0,14,12,11,10,12,10,14,14,14,12,10,12,14,11,12,13,11,11,12,14,12,13,11,11,14
12,14,14,12,11,12,10,13,14,11,12,14,14,14,13,14,11,11,11,14,10,11,12,14,11,0,14,13,11,12,10,11,11,10,10,10,11,14,12,12,10,14,13,14,14,10,14,12,11,14
14,11,11,10,11,14,10,11,10,10,12,13,13,11,14,10,11,14,13,14,11,14,13,13,11,14,0,11,12,12,14,12,12,11,12,12,14,14,10,13,11,14,14,14,11,10,11,11,12,10
14,14,14,13,12,12,14,12,12,14,11,12,13,14,10,13,10,12,11,13,10,10,10,10,11,14,11,0,14,12,13,10,13,14,12,13,10,12,13,13,14,13,11,12,11,11,14,11,10,13
13,10,13,14,13,14,13,13,14,12,13,10,10,10,14,14,13,13,10,10,10,10,11,13,11,10,13,13,0,14,14,12,12,10,10,14,12,11,13,10,12,14,11,13,11,10,13,12,11,13
11,13,10,11,10,13,12,14,10,13,13,11,14,14,10,14,10,10,14,10,11,13,14,12,13,10,14,12,14,0,13,12,12,11,10,12,10,11,11,10,12,12,13,10,10,11,11,14,12,13
11,14,13,13,10,12,13,13,12,12,14,13,10,14,12,10,11,14,14,12,14,12,14,14,11,13,12,12,14,10,0,12,10,11,13,13,13,13,13,11,13,13,12,13,13,11,14,11,14,13
10,10,11,10,14,14,14,10,14,12,12,14,11,14,11,10,13,11,11,10,13,11,12,13,11,13,11,13,10,13,12,0,11,12,13,13,10,10,10,11,14,13,13,14,11,13,13,11,12,12
12,12,12,10,13,10,13,13,13,14,11,12,10,14,11,10,10,12,13,10,11,10,12,14,12,11,14,12,10,14,12,12,0,13,11,12,10,14,11,13,12,14,11,12,11,10,11,13,14,12
11,12,11,12,12,10,12,10,12,12,11,10,11,12,13,11,13,13,13,11,11,10,14,13,10,10,10,12,11,13,10,13,10,0,14,14,11,11,14,11,11,10,10,12,13,11,11,13,13,14
10,12,12,10,12,11,10,13,12,12,11,14,14,13,13,11,13,10,12,13,11,14,14,11,11,11,11,13,10,12,13,12,11,13,0,11,11,13,13,12,12,13,13,14,12,10,11,10,11,13
12,12,11,10,10,12,10,12,11,13,11,10,12,13,14,13,13,12,11,12,11,13,10,12,14,14,13,10,11,11,10,11,14,14,13,0,14,12,11,11,10,11,13,11,10,11,12,11,14,14
14,12,13,13,13,12,13,12,14,11,11,14,14,11,14,12,10,10,13,10,10,10,11,11,11,11,12,11,10,10,12,12,13,10,12,14,0,11,12,11,11,14,12,13,10,10,10,11,12,12
12,11,11,12,14,14,13,10,12,12,12,14,11,11,13,13,13,11,13,13,10,11,12,14,11,10,12,12,10,10,10,10,10,14,13,14,11,0,10,14,11,14,13,13,14,13,12,12,10,14
12,12,14,12,14,11,10,13,12,11,13,11,10,14,11,12,12,14,12,13,13,12,12,11,12,14,11,12,12,10,14,13,12,13,13,13,10,12,0,10,12,12,10,14,14,10,14,13,14,12
12,11,13,14,11,10,10,14,12,14,10,10,12,11,11,12,14,14,12,11,12,11,14,13,14,10,13,12,13,11,12,10,12,10,14,14,10,13,10,0,12,13,14,12,13,10,12,10,14,12
11,10,10,11,12,14,10,11,14,10,11,12,12,10,11,11,14,12,11,11,12,11,11,13,10,13,13,14,11,13,12,10,13,14,12,10,12,13,14,11,0,14,12,11,13,14,14,10,14,11
11,10,10,13,13,10,10,14,11,11,14,10,11,10,10,12,10,14,12,13,10,14,11,12,14,12,14,14,12,14,10,12,14,12,10,13,12,11,10,14,11,0,11,10,12,14,10,12,11,10
10,13,10,13,11,10,11,14,12,13,11,11,10,11,12,10,12,11,14,10,12,10,14,13,13,11,14,14,13,12,13,14,13,13,12,10,10,14,12,12,14,14,0,14,12,13,13,10,14,12
12,12,14,13,11,13,10,14,11,14,14,10,11,11,14,14,11,12,12,14,12,14,13,13,11,11,13,10,11,14,10,11,10,11,10,10,14,11,11,10,11,11,14,0,14,13,12,12,12,10
12,12,10,13,10,10,13,14,10,11,10,10,14,13,11,14,13,10,14,10,14,10,14,11,11,12,10,10,13,10,14,13,10,10,13,12,10,12,10,11,12,11,14,10,0,10,10,11,12,13
10,14,11,12,12,11,12,13,13,12,12,14,12,10,14,11,11,14,14,10,13,13,10,14,13,13,13,10,13,10,10,11,13,12,12,10,12,11,13,13,10,14,12,10,12,0,12,14,10,14
13,14,10,11,12,14,12,14,12,14,14,12,11,14,12,11,11,11,10,12,14,14,10,11,10,14,14,11,10,12,11,13,12,11,10,11,14,14,10,13,10,11,10,12,14,11,0,13,14,14
14,11,10,14,12,10,14,13,14,10,13,14,10,13,14,12,10,10,10,13,11,11,11,11,12,11,13,13,13,12,14,10,10,12,11,10,10,14,14,11,11,13,10,13,11,14,10,0,12,10
14,13,10,13,10,13,12,14,14,11,11,11,10,10,11,10,12,13,13,12,14,12,10,10,13,12,13,10,13,14,13,11,10,13,13,13,14,12,14,14,13,10,11,12,13,14,10,12,0,13
12,14,10,11,14,11,12,12,10,14,13,10,11,11,10,13,14,11,12,11,12,11,10,14,14,14,13,11,13,11,14,11,10,12,11,14,12,14,10,11,11,11,13,13,11,14,11,14,11,0
