R=50
Pi=(18,19,15,14,10,10,16,14,14,17,12,15,13,15,17,15,15,14,17,18,13,18,16,14,10,10,13,11,16,13,16,15,19,10,10,19,13,11,10,12,15,18,14,17,10,13,16,15,15,17)
A=
1,2,0
2,3,25
4,5,39
5,6,0
6,7,0
7,8,31
9,10,0
11,12,24
12,13,22
14,15,29
17,18,0
19,20,0
20,21,31
22,23,0
23,24,0
24,26,0
28,29,34
30,31,32
31,32,33
33,34,36
34,35,33
35,36,0
36,37,0
37,38,0
46,48,34
Sij=
0,11,11,12,14,12,10,13,12,11,12,11,10,13,12,13,10,12,14,12,10,10,14,11,12,10,13,14,13,13,14,10,11,12,12,10,13,14,13,11,12,14,11,10,13,12,14,14,10,12
10,0,10,14,10,10,13,11,10,10,13,13,11,14,13,12,12,10,12,11,12,14,11,13,13,14,11,13,14,13,14,11,13,13,11,13,13,10,10,12,13,13,13,13,14,12,11,14,12,13
10,12,0,11,13,13,12,14,11,11,10,13,14,12,11,10,12,10,12,13,10,13,11,14,14,12,13,10,12,14,11,13,11,11,11,12,12,14,14,10,13,14,12,14,10,13,13,11,11,12
12,11,13,0,10,11,14,14,12,12,10,10,11,11,12,10,11,11,13,11,14,13,12,10,11,10,11,11,12,14,10,13,12,14,10,11,14,14,11,14,11,13,14,12,14,10,11,12,14,14
13,11,10,10,0,12,14,10,11,12,10,14,13,11,13,11,11,12,12,10,10,10,11,10,13,14,11,14,10,11,11,13,13,11,13,10,13,13,11,11,11,11,12,12,10,10,12,11,10,10
12,12,13,11,14,0,13,11,11,11,10,11,14,14,14,10,12,10,12,12,13,13,13,10,10,14,14,13,14,10,13,11,14,13,14,14,14,14,12,12,10,13,12,11,11,10,11,11,13,12
13,14,10,14,12,12,0,13,11,13,12,14,10,12,10,13,13,12,11,14,10,10,12,13,10,12,14,10,11,14,14,13,12,14,11,12,13,11,10,10,12,10,13,11,14,12,10,11,11,13
13,13,14,11,12,11,10,0,11,10,11,13,11,11,12,13,13,11,10,10,13,14,11,11,11,12,14,12,11,13,12,11,12,13,13,11,11,14,11,12,14,11,12,10,13,11,10,13,11,13
11,11,10,10,13,13,11,11,0,13,14,13,14,14,12,13,14,10,13,13,11,12,14,10,13,10,12,12,11,13,14,11,10,11,13,12,11,11,12,10,10,14,14,10,11,13,10,12,10,12
13,11,12,10,14,11,11,10,12,0,14,11,10,10,13,13,13,12,12,11,10,12,12,13,12,12,11,12,13,13,14,10,10,12,13,14,12,13,14,11,12,10,10,14,12,14,14,14,10,12
13,10,12,10,14,10,10,12,10,13,0,13,13,13,12,12,14,10,13,12,13,10,14,12,11,14,14,11,13,10,13,12,11,11,11,10,13,13,14,12,12,13,10,13,11,12,13,12,13,11
13,13,11,12,12,11,13,13,11,11,10,0,13,12,12,11,10,11,11,11,11,14,10,11,10,14,10,10,10,11,13,10,12,13,11,12,14,10,14,14,10,11,10,11,12,12,13,11,12,11
10,11,11,10,11,12,12,11,11,12,11,10,0,13,11,12,10,12,10,10,10,12,14,12,12,11,10,13,13,14,13,10,14,13,13,10,12,14,11,12,14,14,12,14,11,12,10,13,13,14
11,14,13,10,12,14,11,13,14,14,11,13,13,0,12,12,11,12,12,14,11,14,11,11,12,10,10,14,10,10,14,11,11,10,14,12,13,12,13,10,14,14,13,14,12,11,11,10,10,11
14,10,12,14,12,14,14,13,10,14,12,10,10,13,0,14,13,14,13,14,10,14,14,13,11,10,12,11,11,14,11,14,14,13,13,11,13,13,12,12,14,12,14,12,14,13,13,13,10,10
13,11,12,11,10,12,10,12,10,14,14,13,13,14,13,0,14,12,11,12,11,11,10,11,10,14,12,14,12,14,13,11,14,10,11,10,14,12,12,13,10,11,11,12,13,13,11,14,10,13
14,10,11,10,13,13,13,10,12,12,12,12,12,12,12,12,0,10,12,11,13,13,12,14,13,11,10,14,12,12,12,12,13,14,13,10,13,14,13,11,13,12,14,14,10,11,12,13,13,10
10,12,14,12,11,14,11,11,13,13,13,13,10,12,14,10,14,0,13,13,12,13,12,12,10,13,11,14,12,14,12,14,12,11,11,12,14,13,10,13,14,13,12,11,14,13,14,11,11,10
10,12,14,14,10,11,13,10,13,14,14,10,13,11,11,14,11,12,0,14,10,14,11,13,10,14,13,11,11,12,12,14,10,12,12,14,10,14,12,10,10,14,14,14,10,13,14,10,10,10
10,12,12,12,11,10,13,13,13,14,12,14,11,12,11,10,13,12,11,0,12,11,14,13,11,13,11,10,12,12,12,10,13,11,10,11,14,12,13,10,12,10,11,11,13,13,10,12,11,13
10,14,11,14,12,14,11,14,10,13,10,14,11,10,11,13,13,13,10,11,0,11,13,10,11,13,11,14,13,10,13,13,14,13,13,12,12,14,14,13,11,10,10,11,10,10,12,14,11,14
14,14,11,11,10,11,11,14,14,10,10,14,12,14,12,14,11,11,12,13,14,0,14,14,14,14,10,10,11,14,11,10,12,13,13,10,13,11,12,12,11,10,12,14,13,13,12,12,11,14
10,14,11,12,12,10,14,10,12,12,10,10,14,14,13,14,13,11,14,13,14,12,0,13,13,10,12,11,14,10,11,11,12,14,12,14,11,14,14,10,13,10,12,14,10,12,10,10,13,10
13,14,10,13,12,14,12,11,12,12,10,13,14,10,10,10,12,11,12,10,12,10,13,0,10,10,12,12,13,12,11,14,11,13,13,11,11,11,13,11,12,11,10,12,12,14,14,10,11,13
10,10,14,13,12,13,13,11,14,12,10,12,14,13,10,12,14,10,10,14,13,14,13,14,0,14,13,11,12,10,11,11,12,10,14,12,11,14,12,10,10,12,10,11,10,11,14,11,12,11
14,10,14,14,11,10,10,11,14,14,13,12,11,10,13,11,12,12,10,10,14,13,11,14,10,0,12,13,12,12,13,14,12,14,10,11,11,12,12,13,14,12,14,10,13,11,12,11,10,12
14,13,12,11,12,12,11,13,14,13,14,11,13,13,11,14,11,13,10,14,12,14,10,13,11,13,0,10,12,13,13,13,11,12,10,13,14,12,10,11,13,14,12,13,13,14,12,13,10,14
13,10,14,10,10,10,14,12,13,14,14,12,13,14,10,10,13,13,13,10,11,12,10,11,12,14,14,0,10,12,14,14,14,14,13,10,13,13,10,12,14,13,12,13,11,12,10,10,13,12
12,10,13,10,10,12,11,14,12,12,10,10,14,10,13,10,14,12,10,14,12,12,12,11,13,11,14,13,0,14,13,11,14,11,13,14,13,11,13,14,10,14,13,10,13,11,13,14,11,14
10,12,13,14,13,10,10,13,11,12,13,13,12,14,13,11,11,14,10,10,10,14,11,13,14,10,13,11,14,0,10,14,12,12,14,14,11,13,14,12,12,14,10,14,10,11,11,11,14,12
11,14,14,13,11,14,10,11,10,14,13,11,14,13,10,13,10,11,13,10,12,13,11,11,12,11,14,14,10,11,0,13,13,14,14,12,11,14,13,11,14,13,10,13,14,14,10,14,11,14
12,10,10,13,13,14,13,12,12,10,14,10,10,10,13,11,10,12,10,11,13,13,12,14,13,11,12,14,12,12,11,0,11,12,10,13,11,12,14,10,14,13,13,11,12,11,14,12,10,14
12,14,13,14,10,10,14,13,11,10,11,11,13,10,10,13,13,12,10,11,11,14,10,12,10,12,10,11,14,12,14,14,0,12,10,14,13,13,11,11,14,13,13,11,14,13,12,10,12,11
14,13,12,12,13,12,13,13,11,14,13,10,13,13,13,11,12,14,13,11,11,10,11,10,11,12,13,12,10,13,12,12,12,0,14,10,14,12,11,13,12,10,14,12,12,13,14,10,14,12
13,11,13,11,11,10,13,11,11,10,10,14,10,13,12,11,11,12,13,13,14,14,10,10,11,11,11,12,14,12,12,12,14,10,0,11,11,14,10,11,14,11,12,10,11,13,12,14,10,14
11,11,11,11,10,13,14,10,12,10,10,13,11,12,13,13,13,10,10,12,10,11,11,10,14,12,11,13,14,12,13,11,10,12,12,0,11,10,10,13,12,11,11,12,10,11,10,10,10,12
12,14,12,14,13,13,14,10,10,12,13,11,11,10,14,11,13,12,13,14,12,12,12,11,13,10,14,13,10,14,13,12,11,11,12,12,0,11,11,12,13,13,10,10,13,10,10,10,10,12
13,12,13,11,10,14,14,11,10,11,12,14,10,14,11,13,10,14,10,13,12,10,12,10,14,11,12,12,14,11,12,10,13,11,12,11,10,0,10,10,11,12,10,10,10,14,14,12,11,13
10,14,11,14,12,10,12,10,13,11,14,12,12,12,14,13,12,11,14,11,14,12,14,14,13,10,11,10,11,10,10,13,10,13,14,11,11,10,0,10,10,14,11,12,14,10,14,10,13,10
11,12,12,12,14,14,12,10,12,11,11,14,12,13,12,10,10,11,13,12,13,12,11,10,14,12,13,10,10,13,14,10,13,14,10,13,12,11,11,0,14,12,11,14,14,14,10,12,12,10
13,10,13,12,10,12,13,11,12,13,12,11,11,14,13,12,11,11,13,13,13,12,14,14,13,10,12,13,11,11,13,14,10,10,11,13,11,13,12,11,0,11,12,10,13,14,13,10,11,10
12,12,14,14,14,11,10,10,13,13,14,10,10,14,11,14,12,10,11,13,10,11,13,13,11,11,11,12,11,10,10,10,11,13,13,13,13,10,11,13,10,0,12,12,14,13,11,11,12,14
13,12,13,14,12,14,11,14,10,13,12,10,13,14,13,12,14,14,12,10,12,10,11,13,12,12,13,13,13,10,14,10,13,13,12,12,12,10,13,13,12,14,0,13,12,14,13,11,13,14
12,13,12,13,11,11,12,10,14,11,10,11,13,10,10,13,11,12,10,11,10,14,13,11,13,13,13,12,14,14,14,10,14,13,11,12,11,11,11,11,14,12,13,0,14,12,12,13,13,12
13,12,10,11,12,13,12,14,11,14,13,12,10,10,14,11,14,11,14,13,13,12,14,10,13,11,12,11,13,13,11,14,10,14,11,12,14,14,12,14,14,12,10,11,0,13,14,14,12,13
13,13,10,14,14,14,11,12,14,12,10,11,10,10,13,13,13,12,10,13,12,12,10,14,14,14,10,11,13,12,14,12,10,13,10,14,11,10,10,10,10,14,14,11,12,0,13,14,11,12
13,14,11,14,13,10,11,13,11,10,10,13,14,14,11,13,13,10,12,10,13,11,12,12,14,13,13,12,13,11,10,14,14,14,14,12,12,12,12,12,13,11,10,10,14,11,0,10,14,12
12,13,13,12,10,13,11,11,14,14,14,12,13,14,14,14,10,14,10,10,13,11,10,13,14,11,11,11,12,13,13,13,13,10,11,13,12,12,13,10,12,11,12,13,12,10,10,0,12,11
10,13,12,14,14,13,10,13,10,12,14,11,10,14,11,11,11,13,13,12,10,12,13,11,10,12,12,14,12,10,13,11,14,14,11,14,11,13,13,11,10,14,12,14,13,13,11,11,0,11
12,11,11,11,14,10,13,10,10,14,12,10,11,10,14,14,13,12,10,12,12,10,13,14,12,12,11,14,13,12,11,10,11,13,10,14,11,14,14,14,12,14,10,13,11,10,13,13,13,0
