R=50
Pi=(19,17,17,16,17,12,13,14,12,19,16,12,15,16,19,12,10,11,19,11,11,13,16,15,16,19,15,18,13,11,18,10,13,12,11,11,13,11,10,16,11,14,18,14,11,16,17,16,11,15)
A=
1,2,0
2,4,30
4,6,26
7,9,0
10,12,23
12,14,0
16,18,0
17,19,35
18,20,0
19,21,34
21,23,0
22,24,37
23,25,29
25,27,0
26,28,0
27,29,28
29,31,26
31,33,0
33,35,0
35,37,31
37,39,0
39,41,33
41,43,29
45,47,0
48,50,39
Sij=
0,6,5,6,5,8,8,5,6,8,5,6,7,6,7,7,5,5,5,6,7,7,7,8,7,5,7,8,7,9,6,9,5,6,5,7,6,5,8,9,8,5,6,5,9,8,6,5,8,6
9,0,5,7,5,7,7,8,6,8,5,6,9,8,6,7,6,5,5,5,9,6,5,7,5,7,7,5,7,9,8,9,6,5,6,5,5,7,9,9,8,8,9,6,7,8,9,7,9,8
7,8,0,5,9,8,9,9,8,6,8,9,6,6,6,5,6,9,9,6,6,6,9,6,5,7,6,6,8,9,6,7,5,5,8,6,5,8,6,6,7,5,7,5,5,5,6,7,7,6
6,9,5,0,5,8,7,8,6,9,7,7,7,5,8,9,6,9,6,8,5,9,7,7,7,9,6,9,8,5,5,5,8,9,7,8,7,7,9,7,6,8,8,9,9,8,9,9,9,6
9,5,5,8,0,7,7,9,7,7,6,6,7,9,6,8,6,8,8,8,9,6,8,9,8,7,6,5,7,7,9,5,6,5,7,5,9,5,5,6,5,8,5,9,8,5,8,9,7,6
7,9,5,6,9,0,9,6,6,7,6,6,6,7,9,7,6,5,7,7,6,8,6,8,7,8,6,6,9,6,7,8,7,8,6,5,5,9,5,6,7,9,8,7,8,5,8,6,5,6
6,5,6,6,6,7,0,5,5,8,7,7,7,6,9,9,7,8,8,5,9,7,6,5,6,5,6,5,8,5,7,9,5,6,7,9,6,7,5,6,9,9,9,6,7,8,9,7,8,8
5,6,9,5,6,8,5,0,5,5,6,9,7,7,5,5,8,7,6,9,5,8,5,8,6,6,9,8,9,7,7,5,9,6,5,9,5,9,9,9,8,9,6,7,9,7,6,7,8,5
9,5,8,8,8,9,5,8,0,8,8,7,5,5,7,7,6,9,6,6,6,9,8,7,6,5,5,6,8,8,9,5,7,9,9,8,7,6,6,7,5,8,7,6,6,7,8,9,8,9
8,7,5,5,7,5,5,7,6,0,7,7,8,7,9,8,8,5,5,6,8,9,9,8,8,5,7,6,6,6,9,7,6,8,8,5,7,9,6,7,8,8,9,5,9,9,7,6,8,8
8,7,8,8,9,9,9,9,7,5,0,5,9,9,6,7,5,6,9,9,9,6,8,8,7,7,5,5,9,9,8,8,5,8,8,8,7,8,8,8,8,5,8,7,6,6,9,9,8,7
8,7,7,7,9,7,9,8,5,5,9,0,9,5,5,8,6,9,5,5,7,5,6,8,6,6,8,8,6,7,6,8,6,6,6,5,5,5,8,8,6,8,8,8,7,9,8,5,7,9
9,6,8,8,6,7,7,9,6,6,6,8,0,8,5,9,6,7,8,8,9,7,6,6,7,9,9,6,8,5,7,7,7,5,6,8,9,5,7,5,9,7,6,9,7,7,7,5,8,9
6,6,9,6,8,6,8,5,5,8,7,5,9,0,8,8,8,8,8,6,6,9,5,9,8,9,7,5,6,9,9,7,8,8,8,9,6,8,6,7,9,5,9,9,9,8,8,8,7,6
8,8,8,8,6,9,5,6,6,6,5,6,6,5,0,6,6,8,6,5,8,7,5,7,6,6,6,5,6,5,5,6,9,8,5,6,5,8,9,7,8,9,9,6,9,6,8,8,8,8
7,9,6,7,9,8,8,6,7,7,9,9,9,5,6,0,5,6,8,6,9,5,7,8,9,6,9,7,8,8,5,7,7,6,7,8,5,5,6,8,6,8,9,6,7,7,9,5,9,5
9,9,5,7,9,8,9,6,7,5,5,6,9,8,7,9,0,7,7,6,7,5,5,5,9,9,6,6,6,6,6,7,8,8,7,8,5,7,9,7,9,8,8,7,5,8,5,8,5,9
7,5,6,9,7,5,8,9,6,8,8,6,8,5,5,8,6,0,8,7,9,6,7,7,5,7,8,7,7,9,5,8,8,5,6,8,6,5,9,5,7,5,6,5,5,9,7,5,8,7
7,7,7,6,6,7,5,8,5,7,8,8,6,9,6,5,5,6,0,6,7,9,7,7,7,9,9,5,6,6,6,9,8,8,9,6,8,6,7,9,8,8,8,9,6,7,9,8,6,9
5,9,6,9,6,8,9,9,5,6,6,7,8,6,9,7,5,9,7,0,8,7,8,7,7,7,9,6,8,5,5,5,6,8,7,5,7,8,9,7,6,6,8,6,5,7,6,9,6,5
9,6,9,6,8,6,6,6,9,6,7,6,6,8,5,5,5,9,6,5,0,6,9,6,6,5,6,8,7,7,9,6,9,9,7,6,8,5,9,5,5,9,6,8,7,5,9,5,5,5
5,6,6,8,6,8,9,5,7,5,7,7,9,9,9,5,7,7,8,7,6,0,9,5,9,5,6,9,5,9,6,6,5,8,6,6,8,9,5,8,8,6,7,7,9,8,7,5,7,9
6,7,7,6,8,9,5,5,7,8,5,9,9,6,6,9,6,9,7,7,6,5,0,6,9,5,5,8,6,6,5,8,6,7,6,7,8,9,9,5,7,5,7,7,7,8,9,7,6,6
5,7,7,7,5,7,6,6,7,6,7,5,9,9,6,9,8,6,7,8,7,9,6,0,9,9,7,9,8,8,6,5,8,6,5,5,8,5,8,7,8,6,7,6,7,8,7,6,7,5
8,9,7,9,8,8,5,5,8,8,7,8,7,7,6,6,9,8,9,8,7,9,5,9,0,9,7,5,8,8,5,7,5,6,7,5,6,7,8,8,6,5,8,6,9,9,9,8,5,9
6,9,9,6,8,8,8,8,8,5,5,8,6,6,7,6,7,7,9,6,9,8,5,9,7,0,8,9,8,6,5,9,8,5,8,6,6,7,8,7,9,7,8,8,8,8,8,8,6,8
8,7,7,8,8,9,8,8,9,9,5,8,9,7,8,6,6,8,8,9,6,8,8,9,5,8,0,6,9,6,6,9,9,7,5,7,8,6,5,6,8,8,8,8,9,7,5,7,6,5
7,6,9,5,6,7,9,8,8,8,9,8,8,6,8,9,5,6,9,9,5,9,6,6,9,6,7,0,5,8,6,9,6,9,9,9,9,5,9,5,7,8,9,7,6,6,9,5,6,9
5,6,9,7,6,5,7,5,8,5,5,9,9,5,7,8,8,8,8,7,9,9,6,5,6,6,6,7,0,9,9,9,5,6,5,7,5,5,8,8,8,6,8,6,8,9,8,8,8,5
8,8,6,6,8,5,6,5,8,5,5,9,5,6,8,6,5,7,9,7,6,8,9,5,5,5,6,7,8,0,5,8,7,7,6,5,6,8,8,8,9,5,9,6,7,7,9,6,6,8
6,9,6,9,5,8,5,8,5,6,8,9,9,7,7,7,7,7,9,5,7,8,6,9,9,6,7,6,6,8,0,5,9,9,9,6,6,7,8,6,7,5,7,7,7,9,5,6,7,8
5,9,7,6,6,6,8,7,6,9,9,6,8,7,7,6,8,5,9,5,6,5,8,5,6,9,9,5,9,9,9,0,5,9,7,6,8,8,7,7,8,7,8,5,9,7,6,7,5,5
5,6,5,6,6,7,9,5,6,5,6,6,8,8,6,5,9,7,5,5,9,7,6,7,6,8,8,9,9,8,5,7,0,8,9,8,8,8,8,7,5,6,7,6,6,6,6,9,9,8
8,8,8,6,9,6,8,5,8,5,8,9,5,6,8,5,8,7,8,9,8,6,5,9,5,9,6,6,9,5,5,9,8,0,5,5,5,6,5,9,8,5,8,5,8,8,5,6,5,8
6,7,8,5,5,5,7,7,9,6,5,9,6,5,7,5,9,5,9,5,8,8,8,8,9,9,5,5,7,6,9,7,6,7,0,7,8,6,8,8,5,8,7,7,9,8,9,8,7,8
8,9,5,6,5,5,8,9,5,5,5,9,6,9,8,6,7,8,8,8,9,8,5,7,8,6,5,6,8,5,5,5,7,7,9,0,6,9,5,5,7,9,8,5,8,7,5,7,7,9
7,5,5,5,9,9,9,9,7,8,8,9,6,5,5,9,5,7,8,9,6,7,6,7,6,8,5,7,7,5,8,9,7,7,6,9,0,9,5,8,8,5,6,6,7,7,7,7,8,5
8,7,8,8,7,7,5,8,8,8,5,8,6,7,7,5,8,7,9,9,6,5,5,8,5,9,5,5,9,5,8,5,7,7,8,7,9,0,6,9,5,5,5,6,6,7,9,9,9,9
7,8,9,8,8,9,8,7,9,7,8,7,9,9,7,9,5,6,9,8,9,5,7,8,9,8,5,8,8,6,6,5,6,5,6,6,8,6,0,8,7,5,5,9,8,6,7,5,5,8
6,7,8,9,5,9,7,5,6,9,9,8,9,8,8,6,7,6,8,8,5,6,8,7,6,8,9,5,9,7,6,7,9,9,6,8,7,5,5,0,6,9,6,6,7,9,8,5,6,5
6,8,6,6,7,7,5,9,5,8,7,5,6,6,9,8,6,9,5,6,5,9,7,5,7,8,9,9,5,8,7,7,7,9,7,8,9,6,7,6,0,6,9,6,7,8,5,8,9,7
9,7,9,5,9,5,7,5,6,9,8,8,6,8,7,5,9,8,6,9,5,8,5,6,8,5,5,7,5,6,7,5,5,7,6,6,8,7,7,9,9,0,8,8,6,8,8,5,5,9
6,9,6,6,9,6,5,6,7,6,9,5,5,5,9,6,8,7,9,6,6,7,7,6,7,9,7,5,8,8,9,5,9,7,8,7,5,8,5,5,6,9,0,5,5,8,8,8,7,8
5,5,6,6,9,8,8,6,5,9,5,8,9,7,9,6,8,5,7,6,6,6,9,6,8,5,6,7,6,7,8,5,5,6,8,8,8,9,5,9,9,6,9,0,9,5,6,6,7,5
8,9,8,6,5,7,8,5,9,7,8,6,6,9,7,6,9,8,8,8,6,7,9,9,7,7,5,6,5,6,6,8,9,6,8,8,9,9,9,9,5,8,9,6,0,7,8,8,6,6
8,6,7,8,8,9,5,9,9,8,8,7,7,5,7,6,5,7,9,6,9,6,9,9,9,8,8,8,8,7,9,8,8,5,6,9,8,5,5,6,7,9,9,6,6,0,6,8,7,7
5,7,6,8,9,7,6,6,8,9,5,6,7,5,7,9,9,8,6,8,7,7,9,6,7,8,9,6,8,7,7,5,5,5,8,5,8,9,8,7,5,8,9,5,5,5,0,5,8,7
6,6,8,6,9,9,7,7,9,5,6,7,5,8,6,7,9,6,6,7,7,5,5,9,9,8,9,7,9,6,7,7,5,9,6,6,8,9,5,6,5,7,9,8,7,9,5,0,5,8
8,5,8,8,6,5,6,5,8,6,6,5,5,8,7,8,8,6,6,6,9,8,9,6,5,6,9,6,6,7,9,7,9,8,5,5,9,9,9,8,5,5,5,7,8,5,9,9,0,6
5,8,8,8,8,8,5,5,7,8,9,5,9,9,6,7,8,5,6,7,7,8,9,7,7,5,9,8,7,7,9,6,9,5,6,8,6,8,5,5,9,9,6,5,9,7,6,6,8,0
