R=50
Pi=(19,17,17,16,17,12,13,14,12,19,16,12,15,16,19,12,10,11,19,11,11,13,16,15,16,19,15,18,13,11,18,10,13,12,11,11,13,11,10,16,11,14,18,14,11,16,17,16,11,15)
A=
1,2,0
2,4,50
4,6,46
7,9,0
10,12,43
12,14,0
16,18,0
17,19,55
18,20,0
19,21,54
21,23,0
22,24,57
23,25,49
25,27,0
26,28,0
27,29,48
29,31,46
31,33,0
33,35,0
35,37,51
37,39,0
39,41,53
41,43,49
45,47,0
48,50,59
Sij=
0,11,10,11,10,13,13,10,11,13,10,11,12,11,12,12,10,10,10,11,12,12,12,13,12,10,12,13,12,14,11,14,10,11,10,12,11,10,13,14,13,10,11,10,14,13,11,10,13,11
14,0,10,12,10,12,12,13,11,13,10,11,14,13,11,12,11,10,10,10,14,11,10,12,10,12,12,10,12,14,13,14,11,10,11,10,10,12,14,14,13,13,14,11,12,13,14,12,14,13
12,13,0,10,14,13,14,14,13,11,13,14,11,11,11,10,11,14,14,11,11,11,14,11,10,12,11,11,13,14,11,12,10,10,13,11,10,13,11,11,12,10,12,10,10,10,11,12,12,11
11,14,10,0,10,13,12,13,11,14,12,12,12,10,13,14,11,14,11,13,10,14,12,12,12,14,11,14,13,10,10,10,13,14,12,13,12,12,14,12,11,13,13,14,14,13,14,14,14,11
14,10,10,13,0,12,12,14,12,12,11,11,12,14,11,13,11,13,13,13,14,11,13,14,13,12,11,10,12,12,14,10,11,10,12,10,14,10,10,11,10,13,10,14,13,10,13,14,12,11
12,14,10,11,14,0,14,11,11,12,11,11,11,12,14,12,11,10,12,12,11,13,11,13,12,13,11,11,14,11,12,13,12,13,11,10,10,14,10,11,12,14,13,12,13,10,13,11,10,11
11,10,11,11,11,12,0,10,10,13,12,12,12,11,14,14,12,13,13,10,14,12,11,10,11,10,11,10,13,10,12,14,10,11,12,14,11,12,10,11,14,14,14,11,12,13,14,12,13,13
10,11,14,10,11,13,10,0,10,10,11,14,12,12,10,10,13,12,11,14,10,13,10,13,11,11,14,13,14,12,12,10,14,11,10,14,10,14,14,14,13,14,11,12,14,12,11,12,13,10
14,10,13,13,13,14,10,13,0,13,13,12,10,10,12,12,11,14,11,11,11,14,13,12,11,10,10,11,13,13,14,10,12,14,14,13,12,11,11,12,10,13,12,11,11,12,13,14,13,14
13,12,10,10,12,10,10,12,11,0,12,12,13,12,14,13,13,10,10,11,13,14,14,13,13,10,12,11,11,11,14,12,11,13,13,10,12,14,11,12,13,13,14,10,14,14,12,11,13,13
13,12,13,13,14,14,14,14,12,10,0,10,14,14,11,12,10,11,14,14,14,11,13,13,12,12,10,10,14,14,13,13,10,13,13,13,12,13,13,13,13,10,13,12,11,11,14,14,13,12
13,12,12,12,14,12,14,13,10,10,14,0,14,10,10,13,11,14,10,10,12,10,11,13,11,11,13,13,11,12,11,13,11,11,11,10,10,10,13,13,11,13,13,13,12,14,13,10,12,14
14,11,13,13,11,12,12,14,11,11,11,13,0,13,10,14,11,12,13,13,14,12,11,11,12,14,14,11,13,10,12,12,12,10,11,13,14,10,12,10,14,12,11,14,12,12,12,10,13,14
11,11,14,11,13,11,13,10,10,13,12,10,14,0,13,13,13,13,13,11,11,14,10,14,13,14,12,10,11,14,14,12,13,13,13,14,11,13,11,12,14,10,14,14,14,13,13,13,12,11
13,13,13,13,11,14,10,11,11,11,10,11,11,10,0,11,11,13,11,10,13,12,10,12,11,11,11,10,11,10,10,11,14,13,10,11,10,13,14,12,13,14,14,11,14,11,13,13,13,13
12,14,11,12,14,13,13,11,12,12,14,14,14,10,11,0,10,11,13,11,14,10,12,13,14,11,14,12,13,13,10,12,12,11,12,13,10,10,11,13,11,13,14,11,12,12,14,10,14,10
14,14,10,12,14,13,14,11,12,10,10,11,14,13,12,14,0,12,12,11,12,10,10,10,14,14,11,11,11,11,11,12,13,13,12,13,10,12,14,12,14,13,13,12,10,13,10,13,10,14
12,10,11,14,12,10,13,14,11,13,13,11,13,10,10,13,11,0,13,12,14,11,12,12,10,12,13,12,12,14,10,13,13,10,11,13,11,10,14,10,12,10,11,10,10,14,12,10,13,12
12,12,12,11,11,12,10,13,10,12,13,13,11,14,11,10,10,11,0,11,12,14,12,12,12,14,14,10,11,11,11,14,13,13,14,11,13,11,12,14,13,13,13,14,11,12,14,13,11,14
10,14,11,14,11,13,14,14,10,11,11,12,13,11,14,12,10,14,12,0,13,12,13,12,12,12,14,11,13,10,10,10,11,13,12,10,12,13,14,12,11,11,13,11,10,12,11,14,11,10
14,11,14,11,13,11,11,11,14,11,12,11,11,13,10,10,10,14,11,10,0,11,14,11,11,10,11,13,12,12,14,11,14,14,12,11,13,10,14,10,10,14,11,13,12,10,14,10,10,10
10,11,11,13,11,13,14,10,12,10,12,12,14,14,14,10,12,12,13,12,11,0,14,10,14,10,11,14,10,14,11,11,10,13,11,11,13,14,10,13,13,11,12,12,14,13,12,10,12,14
11,12,12,11,13,14,10,10,12,13,10,14,14,11,11,14,11,14,12,12,11,10,0,11,14,10,10,13,11,11,10,13,11,12,11,12,13,14,14,10,12,10,12,12,12,13,14,12,11,11
10,12,12,12,10,12,11,11,12,11,12,10,14,14,11,14,13,11,12,13,12,14,11,0,14,14,12,14,13,13,11,10,13,11,10,10,13,10,13,12,13,11,12,11,12,13,12,11,12,10
13,14,12,14,13,13,10,10,13,13,12,13,12,12,11,11,14,13,14,13,12,14,10,14,0,14,12,10,13,13,10,12,10,11,12,10,11,12,13,13,11,10,13,11,14,14,14,13,10,14
11,14,14,11,13,13,13,13,13,10,10,13,11,11,12,11,12,12,14,11,14,13,10,14,12,0,13,14,13,11,10,14,13,10,13,11,11,12,13,12,14,12,13,13,13,13,13,13,11,13
13,12,12,13,13,14,13,13,14,14,10,13,14,12,13,11,11,13,13,14,11,13,13,14,10,13,0,11,14,11,11,14,14,12,10,12,13,11,10,11,13,13,13,13,14,12,10,12,11,10
12,11,14,10,11,12,14,13,13,13,14,13,13,11,13,14,10,11,14,14,10,14,11,11,14,11,12,0,10,13,11,14,11,14,14,14,14,10,14,10,12,13,14,12,11,11,14,10,11,14
10,11,14,12,11,10,12,10,13,10,10,14,14,10,12,13,13,13,13,12,14,14,11,10,11,11,11,12,0,14,14,14,10,11,10,12,10,10,13,13,13,11,13,11,13,14,13,13,13,10
13,13,11,11,13,10,11,10,13,10,10,14,10,11,13,11,10,12,14,12,11,13,14,10,10,10,11,12,13,0,10,13,12,12,11,10,11,13,13,13,14,10,14,11,12,12,14,11,11,13
11,14,11,14,10,13,10,13,10,11,13,14,14,12,12,12,12,12,14,10,12,13,11,14,14,11,12,11,11,13,0,10,14,14,14,11,11,12,13,11,12,10,12,12,12,14,10,11,12,13
10,14,12,11,11,11,13,12,11,14,14,11,13,12,12,11,13,10,14,10,11,10,13,10,11,14,14,10,14,14,14,0,10,14,12,11,13,13,12,12,13,12,13,10,14,12,11,12,10,10
10,11,10,11,11,12,14,10,11,10,11,11,13,13,11,10,14,12,10,10,14,12,11,12,11,13,13,14,14,13,10,12,0,13,14,13,13,13,13,12,10,11,12,11,11,11,11,14,14,13
13,13,13,11,14,11,13,10,13,10,13,14,10,11,13,10,13,12,13,14,13,11,10,14,10,14,11,11,14,10,10,14,13,0,10,10,10,11,10,14,13,10,13,10,13,13,10,11,10,13
11,12,13,10,10,10,12,12,14,11,10,14,11,10,12,10,14,10,14,10,13,13,13,13,14,14,10,10,12,11,14,12,11,12,0,12,13,11,13,13,10,13,12,12,14,13,14,13,12,13
13,14,10,11,10,10,13,14,10,10,10,14,11,14,13,11,12,13,13,13,14,13,10,12,13,11,10,11,13,10,10,10,12,12,14,0,11,14,10,10,12,14,13,10,13,12,10,12,12,14
12,10,10,10,14,14,14,14,12,13,13,14,11,10,10,14,10,12,13,14,11,12,11,12,11,13,10,12,12,10,13,14,12,12,11,14,0,14,10,13,13,10,11,11,12,12,12,12,13,10
13,12,13,13,12,12,10,13,13,13,10,13,11,12,12,10,13,12,14,14,11,10,10,13,10,14,10,10,14,10,13,10,12,12,13,12,14,0,11,14,10,10,10,11,11,12,14,14,14,14
12,13,14,13,13,14,13,12,14,12,13,12,14,14,12,14,10,11,14,13,14,10,12,13,14,13,10,13,13,11,11,10,11,10,11,11,13,11,0,13,12,10,10,14,13,11,12,10,10,13
11,12,13,14,10,14,12,10,11,14,14,13,14,13,13,11,12,11,13,13,10,11,13,12,11,13,14,10,14,12,11,12,14,14,11,13,12,10,10,0,11,14,11,11,12,14,13,10,11,10
11,13,11,11,12,12,10,14,10,13,12,10,11,11,14,13,11,14,10,11,10,14,12,10,12,13,14,14,10,13,12,12,12,14,12,13,14,11,12,11,0,11,14,11,12,13,10,13,14,12
14,12,14,10,14,10,12,10,11,14,13,13,11,13,12,10,14,13,11,14,10,13,10,11,13,10,10,12,10,11,12,10,10,12,11,11,13,12,12,14,14,0,13,13,11,13,13,10,10,14
11,14,11,11,14,11,10,11,12,11,14,10,10,10,14,11,13,12,14,11,11,12,12,11,12,14,12,10,13,13,14,10,14,12,13,12,10,13,10,10,11,14,0,10,10,13,13,13,12,13
10,10,11,11,14,13,13,11,10,14,10,13,14,12,14,11,13,10,12,11,11,11,14,11,13,10,11,12,11,12,13,10,10,11,13,13,13,14,10,14,14,11,14,0,14,10,11,11,12,10
13,14,13,11,10,12,13,10,14,12,13,11,11,14,12,11,14,13,13,13,11,12,14,14,12,12,10,11,10,11,11,13,14,11,13,13,14,14,14,14,10,13,14,11,0,12,13,13,11,11
13,11,12,13,13,14,10,14,14,13,13,12,12,10,12,11,10,12,14,11,14,11,14,14,14,13,13,13,13,12,14,13,13,10,11,14,13,10,10,11,12,14,14,11,11,0,11,13,12,12
10,12,11,13,14,12,11,11,13,14,10,11,12,10,12,14,14,13,11,13,12,12,14,11,12,13,14,11,13,12,12,10,10,10,13,10,13,14,13,12,10,13,14,10,10,10,0,10,13,12
11,11,13,11,14,14,12,12,14,10,11,12,10,13,11,12,14,11,11,12,12,10,10,14,14,13,14,12,14,11,12,12,10,14,11,11,13,14,10,11,10,12,14,13,12,14,10,0,10,13
13,10,13,13,11,10,11,10,13,11,11,10,10,13,12,13,13,11,11,11,14,13,14,11,10,11,14,11,11,12,14,12,14,13,10,10,14,14,14,13,10,10,10,12,13,10,14,14,0,11
10,13,13,13,13,13,10,10,12,13,14,10,14,14,11,12,13,10,11,12,12,13,14,12,12,10,14,13,12,12,14,11,14,10,11,13,11,13,10,10,14,14,11,10,14,12,11,11,13,0
