R=75
Pi=(23,22,22,26,24,29,21,29,25,21,29,23,20,20,24,21,29,20,28,22,24,20,28,27,21,27,22,27,29,21,20,27,23,21,23,29,21,27,21,27,23,21,29,28,25,21,20,25,26,28,29,29,22,25,21,22,24,24,24,27,26,23,20,24,20,22,20,29,26,25,29,21,28,20,29)
A=
1,2,0
2,3,53
5,6,0
6,7,0
7,8,40
8,9,40
11,12,57
12,13,56
17,18,55
18,19,57
19,20,0
20,21,0
24,25,0
25,26,0
27,28,0
29,30,0
30,31,44
31,32,0
35,36,0
36,37,0
37,38,42
38,41,0
41,43,47
45,46,48
46,47,51
47,48,0
51,53,0
53,55,42
55,57,0
56,58,53
57,59,0
58,60,54
61,63,0
63,65,54
68,70,40
70,72,48
71,73,58
Sij=
0,5,8,9,8,6,6,5,5,6,6,6,6,5,8,6,8,7,6,5,7,8,6,7,9,8,6,5,5,6,7,8,7,8,6,6,9,8,6,6,8,7,5,9,7,5,6,5,5,7,6,9,7,7,6,5,8,5,5,5,9,5,9,9,8,8,9,7,9,7,7,5,6,5,6
5,0,7,7,5,8,6,6,9,8,9,8,5,5,6,5,7,8,7,6,6,7,7,6,5,9,5,8,6,8,5,6,8,7,5,6,7,6,5,6,8,8,5,6,9,5,7,9,5,8,5,8,7,9,9,9,7,6,6,6,7,8,9,6,8,8,5,8,9,5,7,5,8,6,7
7,6,0,6,7,5,6,6,7,7,8,6,8,8,8,6,8,6,5,8,9,5,8,9,7,5,5,9,9,5,5,9,9,6,7,6,7,5,9,6,5,6,5,7,8,6,5,6,9,8,6,6,9,9,6,7,8,7,8,6,9,6,6,7,7,8,7,7,6,6,9,7,7,9,8
8,5,6,0,5,6,5,8,9,6,8,9,9,9,9,9,7,9,7,7,6,8,9,7,9,5,9,7,5,8,9,9,9,5,6,8,7,6,6,7,6,6,6,9,9,8,8,7,8,6,8,9,5,9,7,9,8,7,6,5,6,7,8,6,7,9,9,9,8,5,7,6,7,9,5
5,7,9,8,0,6,6,7,9,8,9,9,8,9,7,7,5,5,5,6,6,9,8,5,7,9,8,8,8,7,9,7,6,6,8,7,7,8,8,5,9,9,8,9,6,8,6,5,6,6,5,6,5,6,8,6,6,6,7,9,8,7,8,6,9,7,7,6,5,9,9,6,6,9,6
6,5,8,9,9,0,8,8,7,7,7,7,6,9,8,7,6,6,6,9,6,6,5,7,9,9,5,9,9,7,6,9,5,6,9,6,6,7,7,8,5,5,5,5,8,6,5,8,8,8,8,8,5,7,8,5,5,8,9,5,9,8,9,9,6,8,7,5,9,6,5,8,8,7,8
6,5,9,8,7,8,0,7,6,5,8,7,9,7,7,9,5,7,8,6,9,6,6,5,9,5,9,5,8,6,8,5,9,7,9,7,9,6,5,6,6,7,7,8,5,8,9,9,7,5,6,8,9,7,8,6,9,5,5,7,8,8,8,9,7,8,7,6,8,5,5,9,7,7,5
7,9,7,9,6,6,5,0,7,7,9,9,5,7,8,7,7,9,5,7,7,8,8,8,6,7,5,7,5,7,9,6,5,6,7,6,7,7,5,9,5,8,5,6,9,7,7,5,8,6,7,6,8,9,9,6,9,6,5,7,5,9,9,5,7,8,8,8,5,6,5,5,9,6,6
9,7,6,8,9,9,5,8,0,9,9,8,8,6,7,5,7,6,6,7,8,6,9,5,8,6,8,8,9,7,5,7,7,7,7,5,8,7,7,5,7,9,5,9,5,9,9,7,6,9,9,9,8,6,7,5,5,7,8,6,6,5,5,6,9,7,6,6,9,7,7,5,8,5,9
9,5,9,5,9,7,6,7,9,0,7,6,8,5,9,7,9,6,8,6,9,6,8,9,5,8,7,8,7,9,7,9,6,7,6,8,9,5,7,9,9,5,8,5,8,7,8,6,6,7,7,5,6,6,6,8,5,6,9,6,6,8,8,7,7,8,5,5,8,5,7,8,9,9,6
9,7,8,5,7,5,6,6,5,6,0,7,7,9,6,8,8,7,6,5,7,6,7,6,8,5,7,7,7,6,9,9,6,6,5,7,5,6,6,7,6,5,7,7,6,5,6,6,9,5,7,5,6,9,7,5,7,6,9,5,9,8,8,5,6,7,5,5,8,9,8,6,6,9,9
6,8,9,5,8,9,6,7,6,9,8,0,7,7,9,9,9,8,7,5,7,8,6,7,5,8,9,5,7,9,6,5,9,7,9,6,6,7,6,6,6,8,5,7,5,7,9,8,6,9,9,5,9,5,7,6,9,6,9,6,8,8,9,7,5,8,9,9,7,8,8,7,6,5,9
9,7,9,6,8,8,5,8,8,5,6,5,0,8,5,8,6,9,7,5,7,7,8,7,6,6,8,5,6,8,6,6,8,8,5,7,8,9,5,6,7,8,5,6,7,8,7,5,9,8,6,8,5,5,8,6,5,5,7,9,9,8,9,5,6,8,7,7,8,7,5,7,9,6,8
8,7,7,9,8,8,7,5,7,6,7,6,8,0,5,8,7,8,6,6,6,8,9,5,9,8,6,5,7,6,8,9,9,8,7,9,9,7,5,9,5,7,7,6,8,9,7,9,7,9,5,6,5,7,5,5,9,6,8,6,7,8,9,9,9,6,8,7,5,5,8,9,8,7,5
8,5,8,6,5,6,6,8,8,6,6,9,6,8,0,7,9,8,9,9,7,7,7,8,7,6,5,9,8,6,5,5,8,8,7,6,9,6,5,7,9,5,9,6,8,7,7,7,8,8,6,5,5,8,5,8,5,7,6,9,9,6,8,7,7,6,8,6,9,7,7,8,7,6,9
6,7,6,5,9,9,8,5,9,5,9,9,9,7,8,0,5,7,5,5,8,7,7,7,8,6,9,6,8,6,6,7,7,8,9,8,5,9,7,6,5,6,5,8,7,8,6,8,8,5,6,9,8,7,8,6,9,5,8,8,5,8,9,9,8,7,6,5,5,9,7,6,5,8,5
6,6,8,9,5,5,5,7,7,5,6,9,5,5,7,9,0,5,5,8,5,6,6,6,5,9,6,5,8,9,7,9,9,9,6,6,9,5,5,7,8,5,5,6,8,6,8,5,5,7,9,7,5,6,8,9,9,5,7,9,8,9,7,8,5,5,7,9,9,8,7,9,9,8,5
5,5,9,8,9,6,5,9,5,9,9,8,7,6,7,7,9,0,7,6,8,8,7,7,6,7,9,8,6,7,5,5,8,7,6,7,8,9,6,8,8,8,9,7,8,5,7,9,8,7,6,7,6,8,9,6,7,8,8,5,5,7,8,7,9,9,6,6,6,8,9,7,7,9,7
5,9,5,8,6,5,9,5,9,6,7,8,9,8,9,9,9,6,0,6,8,5,9,7,7,8,8,6,8,9,8,8,9,6,5,9,7,7,5,6,9,5,7,9,6,7,5,7,7,6,8,9,5,6,6,7,5,6,7,9,7,9,6,5,6,7,7,7,8,9,6,6,9,9,7
7,7,5,5,5,8,6,8,6,5,8,8,8,9,8,8,5,5,5,0,9,5,9,6,8,9,9,8,8,8,5,7,5,6,9,9,9,5,6,6,6,6,6,9,9,7,9,8,8,5,5,5,6,8,5,6,8,6,6,6,5,5,8,9,6,8,8,6,9,5,9,7,9,9,8
7,9,9,6,5,5,6,5,7,7,9,5,6,5,7,5,8,8,9,5,0,6,8,6,8,6,9,7,9,7,6,7,6,7,9,7,7,8,9,6,6,9,9,5,7,6,7,6,6,7,9,6,9,9,8,7,9,7,5,5,5,8,7,7,6,9,8,8,6,8,9,6,8,6,8
6,6,7,8,6,8,8,5,6,8,5,8,6,8,7,7,5,7,8,5,8,0,7,7,9,7,8,8,9,7,8,7,7,7,5,7,6,6,9,9,7,7,7,5,9,6,6,7,5,9,5,9,9,5,6,5,8,8,8,6,8,9,8,7,8,5,8,5,5,6,6,6,5,8,6
8,5,7,8,7,6,6,8,5,7,9,8,7,6,5,8,7,8,8,5,7,9,0,9,7,8,8,5,6,8,8,9,8,5,9,7,9,6,5,5,9,7,5,7,5,9,7,5,9,5,8,9,8,7,8,8,9,6,9,9,9,5,9,5,7,8,5,8,7,8,5,7,6,7,8
7,7,6,8,8,6,7,6,5,9,9,6,5,6,5,8,8,6,6,5,9,8,5,0,5,7,8,8,8,5,5,5,7,5,9,6,6,7,7,6,8,7,9,8,5,8,7,9,7,7,9,6,6,5,6,9,9,7,5,6,9,7,9,5,5,9,6,5,6,9,9,5,5,9,8
8,9,9,9,7,9,8,6,6,5,8,9,7,9,9,7,8,7,5,7,5,8,9,8,0,6,7,6,8,7,7,9,5,7,6,8,9,5,7,8,6,6,6,8,9,6,9,8,6,7,7,5,8,5,7,7,9,5,5,8,5,8,5,8,8,6,7,7,6,5,9,6,6,9,8
5,8,5,9,6,6,8,5,5,9,6,6,5,9,8,8,9,9,9,7,8,5,7,9,8,0,8,7,7,5,7,6,9,8,6,6,8,8,5,8,6,6,7,9,9,7,5,7,7,7,6,5,7,6,6,5,5,6,6,6,7,8,6,9,8,8,6,7,9,8,9,5,8,5,8
5,5,5,7,6,7,6,5,5,8,7,9,8,7,5,6,7,7,9,6,7,5,7,6,5,6,0,8,8,8,7,6,6,6,8,5,9,9,8,5,8,6,8,6,6,5,9,8,9,8,7,7,7,9,9,5,5,7,9,7,5,9,8,6,7,6,6,7,9,6,6,6,8,7,5
9,8,9,6,5,6,7,8,9,6,9,8,6,6,7,5,6,9,6,5,9,8,7,8,9,9,6,0,8,8,7,5,8,5,9,9,7,6,6,9,5,7,5,8,5,8,7,9,5,6,6,9,7,7,6,5,6,6,5,6,5,9,8,5,7,5,5,7,7,6,5,8,5,5,5
7,8,9,7,9,6,5,5,7,7,7,8,6,8,9,8,5,5,9,8,6,8,5,6,9,7,9,7,0,9,6,7,9,6,6,9,6,7,8,5,9,5,8,6,7,5,6,9,8,8,8,9,8,5,6,9,8,7,8,7,7,6,7,6,5,9,7,7,9,9,7,6,7,9,9
8,7,7,7,5,7,8,6,9,5,6,8,8,9,7,5,8,8,6,8,8,7,6,5,7,7,9,9,9,0,5,6,7,8,6,8,7,6,9,7,9,9,5,8,5,9,6,9,7,7,8,8,7,6,5,6,5,5,6,5,8,8,8,6,8,9,8,9,7,6,5,8,8,6,6
9,7,9,6,6,6,7,7,6,5,7,8,6,8,9,8,6,5,9,8,6,5,9,9,6,6,6,6,6,7,0,9,9,6,9,6,9,6,9,5,8,5,5,7,5,6,5,6,6,7,7,8,8,8,7,9,9,8,9,9,9,5,5,6,9,5,7,7,6,6,5,6,7,5,6
8,6,8,8,7,6,9,9,9,8,8,6,5,9,5,7,6,6,5,5,7,9,9,8,5,8,7,9,5,7,6,0,6,8,7,8,8,5,9,7,7,5,5,6,8,5,9,6,7,6,9,9,5,6,9,8,8,6,5,8,9,8,9,9,6,7,7,8,8,5,7,6,6,9,7
5,7,7,6,7,6,7,5,8,5,8,5,9,8,8,5,6,5,6,7,8,5,6,5,5,7,5,8,7,8,7,7,0,6,8,9,6,5,5,7,6,7,8,6,8,8,6,7,5,5,5,5,5,9,6,9,9,5,7,5,5,5,8,7,9,8,5,8,5,8,6,9,6,8,9
5,9,9,8,6,8,5,5,8,6,8,6,7,5,9,5,6,7,9,7,6,8,5,6,5,7,8,6,7,8,5,9,7,0,9,5,9,5,7,6,6,9,5,5,6,6,6,7,8,6,8,5,6,6,6,8,7,8,7,7,9,5,8,8,9,5,8,9,8,9,9,9,8,6,8
7,5,7,9,5,9,9,9,5,8,7,8,8,6,6,7,6,7,9,6,5,6,7,6,5,8,6,9,8,6,8,6,5,8,0,9,7,9,8,7,8,9,6,8,9,6,6,9,8,6,7,8,7,8,5,7,5,8,6,9,7,7,5,5,8,9,6,8,5,6,8,7,7,9,6
7,9,7,7,9,8,8,8,7,6,8,6,8,5,5,8,9,8,9,5,6,9,5,5,9,5,8,9,6,8,9,5,7,7,7,0,7,8,5,7,5,8,9,7,9,9,8,7,8,9,8,9,9,7,9,5,7,8,6,8,8,5,8,6,9,7,7,9,5,7,7,9,8,6,9
6,6,6,6,5,6,7,9,9,8,9,9,7,7,7,5,9,6,7,8,5,5,8,8,6,6,8,7,6,7,8,5,8,8,7,8,0,5,6,6,6,6,5,9,7,9,7,9,6,8,7,8,8,6,8,8,6,8,8,9,8,7,5,8,7,9,9,6,9,5,8,9,7,5,5
6,9,5,5,8,9,6,7,8,8,8,5,8,9,9,5,9,7,7,7,9,6,6,7,8,5,5,5,6,9,7,5,7,5,6,9,6,0,8,9,9,6,5,6,9,8,9,5,7,9,9,8,7,5,8,6,5,8,8,6,8,9,6,6,9,5,7,7,8,7,5,9,6,7,7
5,8,5,6,8,8,5,7,6,6,5,5,5,9,9,6,5,7,6,6,5,5,9,7,9,5,6,7,9,8,5,7,9,7,8,8,5,6,0,9,7,8,6,9,9,8,5,7,8,8,6,9,6,9,5,7,9,9,8,7,8,7,7,8,7,6,8,6,8,5,5,6,9,8,8
8,8,5,9,8,9,8,7,8,7,8,8,7,9,5,8,8,7,8,5,5,5,8,7,8,9,8,8,7,8,5,5,8,6,6,8,8,9,9,0,8,5,5,9,5,9,8,6,6,7,7,7,9,5,7,8,8,5,8,6,9,5,9,9,5,7,7,5,6,7,6,5,8,7,5
5,5,6,7,7,5,8,7,5,5,5,5,5,5,7,8,8,9,8,5,8,5,5,8,8,6,8,9,8,6,6,8,6,9,7,8,6,8,6,5,0,5,7,8,9,9,6,7,9,8,9,8,5,5,7,7,9,5,7,9,6,7,8,8,9,8,7,9,5,8,9,6,5,8,8
9,5,6,5,9,6,8,8,6,9,7,6,8,9,7,7,8,9,8,9,8,7,9,9,5,6,7,7,6,8,7,8,6,6,8,6,8,9,7,7,7,0,8,6,8,6,6,9,5,7,6,6,7,6,8,9,7,6,7,5,7,8,6,7,8,7,9,5,6,5,5,8,8,6,6
7,9,5,5,7,8,7,7,9,9,6,5,7,7,6,5,5,5,8,5,8,6,6,8,5,7,6,8,9,6,7,7,5,9,6,5,7,5,9,6,5,6,0,6,7,6,7,6,7,9,5,5,8,5,6,7,6,7,6,9,5,6,9,7,8,7,8,5,7,6,6,8,5,6,7
9,7,9,9,7,8,5,9,8,9,6,9,7,8,7,5,7,5,5,9,9,6,8,8,9,8,6,9,5,7,6,5,7,7,7,5,6,8,9,6,9,7,5,0,8,7,8,5,7,5,6,8,8,9,6,7,8,8,6,9,8,6,6,8,6,7,5,7,5,6,6,9,8,6,9
5,7,5,9,5,6,7,9,8,9,8,8,5,5,5,8,7,9,9,5,9,8,8,9,6,6,6,5,5,8,7,5,7,5,6,5,7,8,5,8,6,6,7,8,0,7,9,9,6,5,7,9,9,9,5,5,6,8,6,8,9,9,6,9,5,7,8,6,5,9,9,5,8,8,6
8,7,5,9,7,6,6,5,5,8,8,7,5,6,9,9,6,6,9,6,8,5,7,6,6,8,7,9,7,5,7,6,6,8,6,8,6,8,9,7,7,9,5,5,7,0,5,7,9,6,9,7,9,9,6,7,8,9,9,8,8,8,7,7,5,6,7,5,7,9,6,8,7,6,7
8,9,9,7,9,5,5,8,8,7,7,7,6,9,5,8,8,7,5,6,8,5,6,5,9,9,9,5,5,9,6,9,7,6,8,8,9,7,9,7,7,5,9,5,7,8,0,5,6,6,6,7,6,7,5,9,7,7,8,7,9,5,5,7,8,6,7,9,5,5,7,9,6,7,7
8,7,6,6,8,6,9,8,8,9,6,9,7,7,7,5,5,5,9,9,6,6,8,5,9,9,8,5,5,9,7,6,8,9,6,6,6,6,9,5,5,7,7,8,7,6,5,0,7,7,5,7,8,6,8,6,6,9,5,7,8,7,8,8,8,7,5,6,8,5,5,8,8,6,9
8,9,9,9,8,7,9,6,7,9,6,9,9,5,8,5,7,6,9,5,7,6,8,8,6,7,5,6,6,6,6,8,6,7,9,6,7,9,6,9,9,6,6,8,7,7,5,5,0,5,5,8,7,9,5,6,6,5,5,8,6,7,7,9,5,8,8,7,6,6,6,7,7,9,5
6,6,5,5,6,8,6,9,6,6,8,8,9,6,6,7,6,6,6,5,6,6,7,5,9,8,5,8,9,9,7,6,7,8,9,9,6,5,9,9,5,8,6,7,7,9,8,5,5,0,8,5,6,5,9,8,9,8,9,5,7,7,7,5,7,9,7,5,5,7,6,6,6,7,6
5,8,9,9,8,5,5,5,8,5,8,6,5,8,9,9,5,6,9,6,6,7,8,9,8,9,8,7,8,8,6,9,9,8,8,5,5,9,6,5,7,7,9,9,8,7,6,7,5,8,0,5,5,6,5,5,7,9,5,5,8,6,7,6,9,8,9,7,6,9,8,9,6,5,9
9,9,8,8,6,5,8,6,6,9,7,6,7,8,8,6,6,9,8,7,8,5,5,9,5,8,5,5,7,6,9,9,9,7,6,5,9,5,9,5,5,5,5,6,7,6,7,8,8,8,7,0,9,8,7,5,9,8,9,8,7,9,7,9,5,5,8,7,5,6,7,6,5,5,8
6,8,9,8,6,8,6,7,7,8,8,5,5,6,6,7,7,9,7,6,5,7,5,5,6,8,9,6,6,5,6,7,8,5,6,7,9,9,7,5,6,7,5,5,6,5,8,5,9,9,5,6,0,7,9,7,9,7,9,7,8,8,9,5,7,6,6,6,5,5,9,7,7,7,7
5,7,6,5,9,5,5,9,7,7,9,5,9,8,7,7,9,9,6,9,6,6,7,8,9,5,8,8,9,9,6,7,9,5,9,5,7,7,5,6,7,8,7,8,7,6,6,8,7,8,5,8,5,0,8,5,8,5,8,5,9,6,7,5,8,5,6,5,9,9,7,9,6,9,9
6,7,9,9,6,7,8,5,5,5,9,8,6,6,5,6,9,8,6,6,9,5,8,9,7,5,6,7,8,9,8,8,8,6,6,7,9,6,6,8,5,6,6,9,8,6,9,8,8,8,7,6,5,8,0,9,5,9,5,6,5,6,6,6,5,6,6,5,5,9,7,6,8,6,8
5,8,8,8,5,5,5,7,8,5,7,7,7,9,6,5,8,8,9,6,6,8,9,6,7,7,6,9,8,5,6,8,9,7,7,6,7,5,9,5,9,9,8,5,8,9,8,5,9,9,9,8,8,5,7,0,7,8,7,5,7,9,6,8,7,9,8,8,5,7,9,8,7,9,9
6,6,9,9,7,8,8,6,9,9,6,8,5,8,9,5,7,9,9,6,6,7,5,5,5,9,5,7,8,5,5,6,8,9,8,5,7,9,9,6,9,8,7,8,6,6,8,9,5,6,6,9,8,7,8,9,0,6,9,8,8,8,5,7,9,9,9,9,5,5,9,7,8,9,7
7,7,5,6,9,9,6,5,7,6,8,6,8,6,6,9,8,8,6,6,8,8,5,7,9,6,7,7,9,5,8,8,9,5,9,5,8,9,9,8,6,7,8,6,6,8,6,7,9,5,5,9,6,8,9,9,7,0,7,7,7,6,8,5,6,7,9,6,7,6,5,5,9,8,7
5,5,9,8,6,6,5,9,8,8,5,8,6,6,6,5,7,6,7,7,7,8,7,7,8,6,6,8,5,8,5,6,6,9,8,8,5,9,5,5,7,7,5,6,6,8,7,5,6,6,7,9,7,6,5,6,8,6,0,9,9,5,6,8,9,8,8,7,7,7,7,9,8,5,6
5,9,7,5,6,5,9,5,7,9,6,6,9,5,9,6,5,8,9,6,9,5,8,5,8,7,6,5,7,8,7,9,8,5,5,5,9,8,5,9,5,9,8,9,8,7,9,7,7,6,7,6,9,9,7,9,6,6,6,0,9,8,9,7,9,6,7,7,8,9,8,7,7,8,9
5,9,6,8,7,6,7,8,7,5,6,6,9,9,8,6,8,7,6,5,5,6,6,9,7,6,9,5,8,8,9,9,7,5,8,7,7,7,9,5,6,5,6,7,8,5,7,8,5,8,5,9,5,7,8,9,7,7,5,6,0,6,6,5,8,6,6,8,9,5,5,8,5,7,6
9,5,9,9,5,6,8,6,5,9,8,9,9,9,6,9,9,5,7,7,8,5,9,8,5,6,7,8,7,9,9,9,6,9,8,7,9,8,6,8,7,5,6,5,9,6,6,9,7,6,6,8,8,9,8,8,5,6,8,9,9,0,5,8,5,9,9,7,5,5,8,9,6,8,8
5,7,8,9,8,9,5,8,5,6,8,6,5,7,6,9,7,8,9,7,9,7,6,6,5,5,8,6,8,8,6,5,5,5,9,5,5,6,8,9,8,6,5,7,7,8,8,5,8,5,6,6,6,5,9,7,6,7,8,8,6,8,0,9,6,9,7,6,5,7,6,9,6,9,5
8,7,7,9,9,7,6,7,8,7,7,5,8,9,6,7,9,8,7,9,7,5,6,8,8,9,6,8,8,7,6,5,6,6,6,6,5,6,7,5,6,9,5,7,8,8,8,7,9,5,6,6,8,5,7,7,5,8,5,9,6,8,8,0,5,5,7,8,6,7,9,6,7,5,6
7,7,5,9,9,9,6,9,9,8,5,5,6,6,9,8,5,6,6,8,9,8,5,9,6,6,9,6,9,9,8,9,5,6,7,9,7,6,9,6,7,6,8,5,9,5,6,7,7,9,9,5,6,6,6,8,6,5,7,8,9,9,5,9,0,9,6,9,9,8,9,6,8,7,9
5,8,9,5,5,6,5,7,9,9,5,8,8,8,9,8,8,6,8,6,6,8,6,9,5,8,5,6,8,8,7,5,8,6,6,8,9,6,9,6,7,6,5,5,9,6,7,6,9,5,6,9,5,6,7,7,6,5,5,7,5,8,9,5,7,0,9,5,7,7,6,9,6,6,7
8,9,8,5,9,8,5,9,6,7,6,7,5,7,8,8,6,8,5,7,5,9,7,9,8,5,6,5,8,8,6,9,8,7,7,7,9,6,6,6,7,6,6,6,8,9,9,7,8,8,9,6,5,9,7,9,6,8,7,9,6,5,5,8,6,7,0,9,7,9,5,9,5,6,8
5,8,7,6,5,8,5,8,7,9,9,9,8,9,5,8,5,5,8,7,5,7,6,8,9,6,5,6,8,7,9,8,9,7,8,8,7,5,8,8,8,7,7,5,9,6,8,5,7,5,9,8,6,9,8,8,7,8,7,9,8,9,5,9,9,5,5,0,6,5,7,6,5,7,5
9,7,9,5,9,7,7,5,9,8,7,6,7,9,8,5,5,8,7,8,9,9,7,8,5,8,6,7,9,5,9,9,5,6,5,6,8,7,8,5,6,8,5,7,6,8,8,5,8,9,6,8,8,8,5,9,9,5,9,5,6,5,5,8,8,8,5,5,0,9,7,6,8,9,7
7,6,9,5,6,7,5,5,9,5,8,6,5,6,6,5,6,8,8,8,9,6,8,6,8,8,8,7,5,6,7,8,8,5,6,8,5,8,9,7,9,5,6,5,9,7,7,8,9,9,5,8,9,6,8,6,8,7,7,8,8,7,9,8,7,5,7,9,5,0,7,9,7,8,6
8,8,9,7,6,5,5,9,8,6,5,8,8,7,7,9,5,8,6,6,8,6,5,8,7,9,5,8,7,6,9,8,9,8,7,9,6,5,6,7,7,8,9,8,7,8,7,5,6,5,6,6,6,7,8,6,8,6,5,7,9,7,7,6,6,7,8,9,9,8,0,8,5,6,8
8,9,7,7,5,8,6,5,6,6,5,8,6,7,5,6,6,9,9,8,7,5,6,7,6,5,9,7,5,8,7,6,9,7,8,8,8,5,6,6,5,9,6,5,6,8,5,6,9,8,6,8,5,8,5,8,7,5,6,5,8,9,9,7,9,9,8,9,8,6,7,0,6,8,8
8,8,8,6,5,7,9,8,8,7,6,8,5,6,6,5,6,8,8,6,7,5,9,8,6,7,5,6,8,7,6,5,5,7,9,7,5,6,9,9,5,5,6,7,5,5,8,7,7,8,5,8,7,7,5,7,8,9,5,8,7,8,5,6,5,5,8,7,6,9,5,5,0,9,9
5,7,9,7,8,5,8,7,8,9,6,7,8,7,7,7,8,5,5,5,7,6,5,5,6,9,6,5,5,8,8,5,9,7,6,8,7,6,6,9,9,9,9,5,9,8,7,5,5,9,5,9,9,8,7,8,7,9,5,8,8,7,7,5,6,6,8,6,6,8,9,7,8,0,6
5,7,7,9,5,8,7,6,9,6,8,8,5,5,5,7,5,7,5,8,5,7,6,9,9,7,5,5,9,6,9,7,5,8,8,9,6,7,8,7,5,7,8,5,6,7,5,8,6,8,8,6,7,5,5,8,5,7,5,7,8,7,6,7,7,5,7,7,6,5,6,8,9,7,0
