R=75
Pi=(28,29,25,24,20,20,26,24,24,27,22,25,23,25,27,25,25,24,27,28,23,28,26,24,20,20,23,21,26,23,26,25,29,20,20,29,23,21,20,22,25,28,24,27,20,23,26,25,25,27,28,25,25,23,29,29,23,21,23,29,26,25,27,21,20,27,26,22,25,28,21,24,24,25,22)
A=
1,2,20
2,3,0
3,4,0
5,7,0
8,9,38
9,10,0
12,13,28
13,14,0
15,16,34
16,17,0
17,19,33
20,21,0
21,22,0
24,26,28
28,29,22
29,30,33
30,31,23
32,33,0
33,34,20
35,36,0
36,37,0
37,38,0
39,41,34
40,42,35
42,44,0
44,46,29
45,47,0
47,49,36
48,50,0
49,51,38
50,52,38
57,59,0
59,61,0
60,62,0
61,63,20
64,66,32
72,74,38
Sij=
0,10,14,12,12,13,11,13,12,14,10,12,10,13,13,12,11,14,10,10,12,13,10,12,14,10,11,14,14,13,12,14,11,12,13,11,10,10,12,10,13,11,14,12,10,11,11,13,13,13,14,11,12,11,10,11,10,11,13,11,11,12,13,13,11,10,10,13,14,11,11,11,12,14,12
11,0,13,12,11,12,13,13,11,11,14,11,12,14,11,12,10,13,11,10,13,11,13,11,11,10,10,13,13,11,11,13,14,13,14,14,12,13,14,10,13,13,11,12,14,10,13,10,12,12,11,13,14,11,10,11,13,12,11,11,12,10,10,14,14,10,11,13,10,12,10,12,13,11,12
10,14,0,11,11,10,12,14,11,10,10,13,13,13,12,12,11,10,12,12,13,12,12,11,12,13,13,14,10,10,12,13,14,12,13,14,11,12,10,10,14,12,14,14,14,10,12,13,10,12,10,14,10,10,12,10,13,13,13,13,12,12,14,10,13,12,13,10,14,12,11,14,14,11,13
10,13,12,0,11,11,11,10,13,13,14,12,12,13,10,13,11,12,13,12,13,11,13,13,11,12,12,11,13,13,11,11,10,13,12,12,11,10,11,11,11,11,14,10,11,10,14,10,10,10,11,13,10,12,13,11,12,14,10,14,14,10,11,10,11,12,12,13,11,12,11,10,11,11,10
11,12,12,11,0,11,12,11,10,13,11,12,10,12,10,10,10,12,14,12,12,11,10,13,13,14,13,10,14,13,13,10,12,14,11,12,14,14,12,14,11,12,10,13,13,14,11,14,13,10,12,14,11,13,14,14,11,13,13,12,12,11,12,12,14,11,14,11,11,12,10,10,14,10,10
14,11,11,10,14,0,12,13,12,13,10,14,14,13,14,12,11,11,10,10,11,14,10,12,14,12,14,14,13,10,14,12,10,10,13,14,13,14,13,14,10,14,14,13,11,10,12,11,11,14,11,14,14,13,13,11,13,13,12,12,14,12,14,12,14,13,13,13,10,10,13,11,12,11,10
12,10,12,10,14,14,0,13,13,14,13,14,12,11,12,11,11,10,11,10,14,12,14,12,14,13,11,14,10,11,10,14,12,12,13,10,11,11,12,13,13,11,14,10,13,14,10,11,10,13,13,13,10,12,12,12,12,12,12,12,12,10,12,11,13,13,12,14,13,11,10,14,12,12,12
12,13,14,13,10,13,14,0,13,11,13,12,14,14,10,11,12,13,13,10,10,12,14,12,11,14,11,11,13,13,13,13,10,12,14,10,14,13,13,12,13,12,12,10,13,11,14,12,14,12,14,12,11,11,12,14,13,10,13,14,13,12,11,14,13,14,11,11,10,10,12,14,14,10,11
13,10,13,14,14,10,13,11,0,11,14,11,12,14,10,14,11,13,10,14,13,11,11,12,12,14,10,12,12,14,10,14,12,10,10,14,14,14,10,13,14,10,10,10,10,12,12,12,11,10,13,13,13,14,12,14,11,12,11,10,13,12,11,12,11,14,13,11,13,11,10,12,12,12,10
13,11,10,11,14,12,13,10,12,0,10,11,11,13,13,10,12,11,13,10,14,11,14,12,14,11,14,10,13,10,14,11,10,11,13,13,13,10,11,11,13,10,11,13,11,14,13,10,13,13,14,13,13,12,12,14,14,13,11,10,10,11,10,10,12,14,11,14,14,14,11,11,10,11,11
14,14,10,10,14,12,14,12,14,11,0,11,12,13,14,14,14,14,14,10,10,11,14,11,10,12,13,13,10,13,11,12,12,11,10,12,14,13,13,12,12,11,14,10,14,11,12,12,10,14,10,12,12,10,10,14,14,13,14,13,11,14,13,14,12,13,13,10,12,11,14,10,11,11,12
14,12,14,11,14,14,10,13,10,12,14,0,10,12,10,10,13,10,13,14,10,13,12,14,12,11,12,12,10,13,14,10,10,10,12,11,12,10,12,10,13,10,10,12,12,13,12,11,14,11,13,13,11,11,11,13,11,12,11,10,12,12,14,14,10,11,13,10,10,14,13,12,13,13,11
14,12,10,12,14,13,10,12,14,10,10,14,0,13,14,13,14,14,13,11,12,10,11,11,12,10,14,12,11,14,12,10,10,12,10,11,10,11,14,11,12,11,14,10,14,14,11,10,10,11,14,14,13,12,11,10,13,11,12,12,10,10,14,13,11,14,10,12,13,12,12,13,14,12,14
10,11,11,12,12,13,14,12,14,10,13,11,12,0,11,10,12,14,13,12,11,12,12,11,13,14,13,14,11,13,13,11,14,11,13,10,14,12,14,10,13,11,13,10,12,13,13,13,11,12,10,13,14,12,10,11,13,14,12,13,13,14,12,13,10,14,13,10,14,10,10,10,14,12,13
14,14,12,13,14,10,10,13,13,13,10,11,12,10,0,11,12,14,14,10,12,14,14,14,14,13,10,13,13,10,12,14,13,12,13,11,12,10,10,13,12,12,10,13,10,10,12,11,14,12,12,10,10,14,10,13,10,14,12,10,14,12,12,12,11,13,11,14,13,14,13,11,14,11,13
14,13,11,13,14,10,14,13,10,13,11,13,14,11,14,0,10,12,13,14,13,10,10,13,11,12,13,13,12,14,13,11,11,14,10,10,10,14,11,13,14,10,13,11,14,10,14,12,12,14,14,11,13,14,12,12,14,10,14,10,11,11,11,14,12,11,14,14,13,11,14,10,11,10,14
13,11,14,13,10,13,10,11,13,10,12,13,11,11,12,11,0,14,14,10,11,13,13,14,14,12,11,14,13,11,14,13,10,13,14,14,10,14,11,14,12,10,10,13,13,14,13,12,12,10,14,10,10,10,13,11,10,12,10,11,13,13,12,14,13,11,12,14,12,12,11,11,12,10,13
11,12,14,10,14,13,13,11,12,11,14,12,10,14,12,14,13,0,14,10,10,14,13,11,10,11,11,13,10,10,13,13,12,10,11,11,14,10,12,10,12,10,11,14,12,14,14,12,10,14,13,13,11,11,14,13,13,11,14,13,12,10,12,11,14,13,12,12,13,12,13,13,11,14,13
10,13,13,13,11,12,14,13,11,11,10,11,10,11,12,13,12,10,0,13,12,12,12,14,10,14,12,11,13,12,10,14,12,12,13,14,10,14,12,13,11,13,11,11,10,13,11,11,10,10,14,10,13,12,11,11,12,13,13,14,14,10,10,11,11,11,12,14,12,12,12,14,10,11,11
14,10,11,14,11,12,10,11,13,12,14,10,14,11,11,11,11,10,13,0,14,10,12,10,10,13,11,12,13,13,13,10,10,12,10,11,11,10,14,12,11,13,14,12,13,11,10,12,12,11,10,10,13,12,11,11,12,10,11,10,10,10,12,12,14,12,14,13,13,14,10,10,12,13,11
11,10,14,11,13,12,13,14,12,12,12,11,13,10,14,13,10,14,13,12,0,11,11,12,12,11,11,12,13,13,10,10,13,10,10,10,10,12,13,12,13,11,10,14,14,11,10,11,12,14,10,14,11,13,10,14,10,13,12,10,12,10,14,11,12,12,14,11,12,10,13,11,12,11,10
10,10,11,12,10,10,10,14,14,12,11,13,10,14,11,14,12,10,12,10,13,0,11,14,12,12,12,14,13,12,11,14,11,14,12,14,14,13,10,11,10,11,10,10,13,10,13,14,11,11,10,10,10,14,11,12,14,10,14,10,13,10,11,12,12,12,14,14,12,10,12,11,11,14,12
13,12,10,10,11,13,12,13,12,11,10,14,12,13,10,10,13,14,10,13,14,10,0,13,12,11,11,14,12,11,14,14,14,10,12,12,10,13,10,13,12,10,12,13,11,12,13,12,11,11,14,13,12,11,11,13,13,13,12,14,14,13,10,12,13,11,11,13,14,10,10,11,13,11,13
12,11,11,12,10,13,14,13,10,11,10,12,12,14,14,14,11,10,10,13,13,14,10,0,10,14,11,14,12,10,11,13,10,11,13,13,11,11,11,12,11,10,10,10,11,13,13,13,13,10,11,13,10,12,12,14,13,11,11,12,14,13,12,13,14,12,14,11,14,10,13,12,10,13,14
13,12,14,14,12,10,12,10,11,13,12,12,13,13,13,10,14,10,13,13,12,12,12,10,0,13,13,12,14,13,12,14,13,11,13,14,12,13,12,13,11,11,12,10,14,11,10,11,13,10,10,13,11,12,10,11,10,14,13,11,13,13,13,12,14,14,14,10,14,13,11,12,11,11,11
11,14,12,13,14,12,12,13,13,12,13,12,10,11,12,13,12,14,11,14,13,12,10,10,14,0,11,14,11,14,13,13,12,14,10,13,11,12,11,13,13,11,14,10,14,11,12,14,14,12,14,14,12,10,11,13,14,14,12,13,13,13,10,14,14,14,11,12,14,12,10,11,10,10,13
13,13,12,10,13,12,12,10,14,14,14,10,11,13,12,14,12,10,13,10,14,11,10,10,10,10,0,14,14,11,12,13,14,11,12,13,14,11,14,13,10,11,13,11,10,10,13,14,14,11,13,13,10,12,10,13,11,12,12,14,13,13,12,13,11,10,14,14,14,14,12,12,12,12,12
13,11,10,10,14,11,10,14,12,12,13,13,12,10,13,11,11,14,14,14,12,13,14,14,14,10,14,0,10,10,13,11,10,13,14,11,11,11,12,13,13,13,13,10,11,13,12,12,13,10,12,11,12,13,12,10,10,12,11,10,13,12,14,14,13,10,13,10,12,14,11,10,14,11,11
11,13,13,12,10,12,13,11,10,12,12,14,12,10,13,11,14,14,11,14,11,13,13,11,10,14,12,14,0,13,13,11,11,11,12,11,11,11,14,10,13,10,10,14,12,10,11,10,14,14,13,12,10,12,12,10,13,14,12,12,11,14,13,12,11,10,11,13,10,14,11,14,14,14,12
14,10,13,11,10,13,13,13,10,10,10,10,13,14,11,12,12,14,12,14,14,12,13,13,11,14,13,10,14,0,12,13,12,11,10,12,10,14,13,11,13,12,11,12,11,10,10,12,13,13,11,14,10,12,10,13,11,11,10,10,10,14,13,13,13,12,13,14,13,11,11,13,13,12,13
12,12,14,11,12,10,12,14,12,13,12,12,10,11,11,10,13,14,12,11,13,14,13,14,14,12,10,13,12,11,0,13,10,12,13,13,11,12,14,13,14,13,14,10,10,10,14,12,12,12,10,13,14,10,11,10,12,13,10,12,14,14,14,12,11,14,11,14,12,13,14,13,13,10,13
13,13,13,13,13,10,14,13,10,12,13,14,10,11,13,10,12,11,12,13,14,13,12,14,10,14,14,10,14,12,11,0,14,13,12,13,11,14,10,12,12,14,11,13,14,12,10,11,13,13,12,12,12,11,12,13,14,10,13,12,14,10,14,13,13,11,13,10,12,13,11,10,11,13,10
13,12,10,13,11,10,12,11,11,11,10,13,13,11,13,14,10,10,13,13,11,10,13,10,12,14,14,13,14,12,12,10,0,13,11,13,11,13,12,12,12,11,14,12,11,12,12,14,14,14,14,11,10,13,10,13,13,14,10,10,11,10,13,11,14,14,14,10,12,12,12,10,13,13,10
11,11,12,12,12,10,14,10,14,10,10,11,11,12,12,14,12,13,11,10,12,12,13,13,11,13,11,12,11,11,14,13,12,0,12,13,11,11,12,12,10,12,14,13,10,13,12,12,12,10,13,10,11,11,12,13,13,13,13,10,14,13,12,13,12,11,12,14,14,14,10,12,10,10,11
13,12,13,12,14,13,10,14,12,13,11,12,11,14,14,14,13,12,11,13,11,10,11,11,14,10,13,13,13,14,10,14,10,10,0,14,11,14,10,13,11,13,14,14,10,10,13,11,10,14,14,11,14,13,12,14,13,11,12,13,14,10,11,11,12,12,12,11,10,14,13,14,13,14,10
14,12,10,10,10,10,14,12,14,13,13,10,11,13,10,11,14,12,11,14,10,12,13,12,13,13,11,10,10,11,14,12,10,13,12,0,12,12,11,12,13,10,12,12,12,14,11,10,13,10,13,13,12,12,14,14,12,14,12,12,11,13,13,12,12,14,10,10,13,10,13,13,13,14,13
14,12,10,10,12,11,13,13,10,12,12,12,10,10,13,10,12,10,13,10,14,11,10,14,12,14,11,12,13,11,14,10,12,13,10,11,0,11,13,10,10,13,10,13,14,10,12,14,14,14,10,11,13,14,14,13,13,12,11,13,13,14,10,14,13,13,12,14,12,10,11,13,13,14,13
12,14,12,10,13,10,10,12,12,13,10,10,10,13,10,12,14,10,10,11,11,12,10,14,11,13,12,12,13,13,11,12,13,11,11,14,10,0,11,12,12,13,12,13,11,13,12,12,11,12,13,12,12,13,13,12,14,13,12,14,10,13,12,13,14,11,12,12,13,11,10,11,13,13,13
13,13,14,13,11,13,11,11,10,10,10,14,13,10,14,11,10,12,11,11,13,10,13,13,10,10,10,13,14,11,11,14,13,10,14,13,10,10,0,11,10,14,11,12,13,13,12,14,11,13,14,10,14,11,12,14,12,10,10,13,10,13,12,11,13,13,11,10,13,10,11,11,10,11,11
11,12,12,14,14,12,11,13,14,10,10,12,12,11,10,12,12,14,11,11,11,12,10,13,14,12,12,10,11,12,13,10,13,10,10,12,10,11,10,0,10,14,10,13,11,13,11,13,13,12,13,13,11,13,14,14,14,11,13,14,12,10,10,12,11,11,10,14,12,11,13,11,11,14,10
11,11,13,13,10,13,14,14,12,12,13,11,11,13,11,10,10,11,11,13,10,13,13,11,14,12,11,10,11,14,11,12,12,13,12,12,10,13,13,11,0,12,10,13,14,13,10,14,11,11,10,13,10,10,10,14,13,13,12,13,13,11,13,12,13,11,11,14,13,10,13,14,11,13,14
10,14,10,13,13,14,13,10,14,10,10,10,11,11,13,14,13,13,14,10,14,14,13,14,12,11,11,10,11,12,10,11,12,10,10,14,13,14,13,14,14,0,11,14,11,13,10,14,12,10,11,10,11,11,13,10,11,11,10,10,11,12,12,13,11,10,13,13,11,11,13,10,14,14,10
10,12,14,11,10,12,12,14,10,10,12,14,14,14,14,13,13,13,13,12,11,11,12,12,11,14,11,12,10,11,10,10,11,11,12,12,11,14,14,13,14,13,0,12,13,13,10,13,14,11,12,10,12,10,12,13,14,14,12,10,11,10,14,13,14,14,11,12,13,11,11,12,13,13,10
13,13,14,13,13,11,11,12,11,12,11,13,10,14,13,13,13,14,14,13,12,14,14,13,14,12,12,10,12,14,10,11,14,10,13,10,14,11,13,13,14,13,13,0,11,12,10,11,13,10,13,13,13,13,14,12,13,13,10,14,11,13,10,10,11,12,14,14,10,10,12,13,11,11,10
13,14,11,13,10,13,10,14,10,13,11,12,12,14,12,10,12,14,11,11,10,13,12,11,14,12,11,11,12,12,10,11,12,12,10,13,12,14,10,10,11,14,10,12,0,10,10,12,14,12,10,10,14,10,14,10,14,11,14,14,13,12,14,11,13,13,14,14,14,14,13,12,12,13,10
10,11,13,10,11,14,10,11,13,12,11,10,11,12,12,10,11,12,10,11,13,12,13,12,13,11,10,12,10,14,12,13,10,14,14,14,11,11,12,14,12,10,10,13,11,0,12,12,11,12,13,11,14,11,12,12,13,13,10,11,10,13,13,11,14,10,13,14,12,13,13,13,14,10,10
13,13,11,14,11,10,13,13,10,12,12,12,11,13,11,11,10,11,10,12,11,14,14,11,12,13,12,14,13,13,14,12,14,11,13,13,11,13,14,10,11,10,12,13,12,13,0,11,11,10,12,12,12,14,13,14,13,14,10,11,12,12,14,14,11,12,10,12,10,14,13,14,12,11,14
10,10,12,10,13,14,11,11,13,11,11,12,12,11,11,14,14,10,11,11,12,12,10,11,10,11,10,11,11,12,12,10,10,14,12,13,11,14,11,11,10,11,10,13,10,10,12,0,10,13,14,13,13,10,14,12,12,14,10,14,11,14,10,14,10,13,10,11,12,13,13,13,10,14,14
11,10,12,12,11,10,14,14,13,12,13,13,14,10,12,10,13,11,14,14,12,10,12,14,14,14,14,14,11,14,11,13,14,10,13,11,10,12,14,14,12,14,11,12,12,14,11,10,0,10,13,14,11,10,14,12,10,13,12,12,11,11,14,12,13,10,10,14,13,12,11,14,11,12,10
12,12,13,10,12,14,12,13,14,13,10,10,13,10,13,12,12,12,14,12,13,13,11,13,11,12,10,12,13,13,13,13,14,14,11,14,12,13,10,13,14,12,14,14,12,10,11,13,10,0,14,13,11,11,14,12,13,11,10,13,10,14,14,14,11,14,12,10,13,13,13,10,14,12,11
13,10,13,11,10,11,10,11,12,14,10,11,12,14,12,12,13,11,14,14,13,14,13,13,10,10,14,13,10,11,13,14,14,14,11,11,10,14,10,11,14,12,12,14,10,12,14,10,11,10,0,14,14,14,12,13,14,12,10,11,14,12,12,11,10,11,10,12,13,13,10,12,14,11,13
14,11,11,13,12,13,11,13,11,14,12,14,14,11,11,12,14,14,13,10,14,12,11,11,13,10,14,11,12,10,12,10,12,11,12,11,12,14,13,12,13,13,10,11,13,11,11,10,11,10,10,0,13,10,10,13,12,10,10,14,12,14,14,11,10,11,11,11,13,13,14,10,10,11,10
12,11,12,14,13,11,14,13,14,12,10,14,14,11,12,10,11,11,14,11,13,14,11,14,10,11,10,12,12,12,14,10,12,10,13,12,10,10,12,13,13,10,14,14,10,12,12,10,11,13,12,13,0,10,14,12,13,14,12,14,11,11,11,11,12,12,14,12,14,13,10,10,10,14,11
13,13,14,12,13,13,14,10,10,13,14,11,10,12,12,10,12,12,11,10,11,11,13,12,11,11,14,12,11,11,13,12,14,13,11,14,13,12,13,10,11,11,10,13,12,11,14,14,11,13,12,12,13,0,13,10,11,14,12,11,12,13,12,13,14,10,12,12,11,10,13,11,10,14,10
14,10,10,10,14,10,12,10,10,13,13,11,13,10,13,14,10,11,10,11,12,14,13,11,12,10,13,13,14,13,11,12,12,12,14,14,11,13,13,10,10,13,11,14,11,13,13,12,12,10,13,10,14,13,0,13,14,11,13,12,13,11,13,10,12,12,10,13,10,10,13,13,11,13,10
10,14,13,13,14,14,12,11,11,13,10,11,13,14,14,14,12,12,11,14,13,11,12,13,12,10,10,12,11,13,12,11,12,13,12,13,11,12,14,13,11,14,12,12,11,10,12,14,11,10,11,10,10,13,11,0,14,12,14,11,14,14,14,10,12,10,13,14,14,12,10,13,10,13,12
13,14,13,14,12,11,13,10,11,10,12,12,11,13,12,12,11,11,10,14,14,11,14,14,11,13,11,12,11,10,12,10,11,12,10,12,10,12,12,10,11,13,13,14,10,13,12,10,12,14,13,11,14,13,13,11,0,14,13,13,13,14,10,14,10,13,11,10,13,13,14,11,14,14,10
13,11,13,14,14,13,10,10,10,12,11,11,11,12,14,14,12,12,13,13,10,10,13,13,11,14,12,13,12,12,13,14,11,13,10,12,12,10,14,14,13,14,14,12,13,12,14,13,14,14,12,14,10,11,14,12,12,0,10,13,14,10,11,13,13,13,12,14,13,12,12,11,12,12,14
10,11,11,11,14,14,10,14,14,12,14,13,13,10,14,12,14,12,12,14,13,11,10,11,13,10,12,11,11,12,13,10,11,11,10,12,11,10,10,13,14,11,12,10,13,10,14,13,13,14,12,13,14,12,10,14,11,10,0,13,14,11,14,13,12,14,14,11,12,14,11,11,14,12,13
10,11,13,14,12,12,11,14,12,11,14,14,10,13,11,11,11,11,12,10,12,10,13,10,10,14,13,12,13,11,13,12,11,11,12,13,10,11,13,10,12,12,11,11,12,10,13,12,10,13,10,14,12,11,11,10,13,13,13,0,12,14,14,10,10,12,12,13,14,11,12,11,14,13,11
13,14,13,12,12,10,10,10,11,10,10,13,10,14,14,11,10,11,12,10,10,13,11,10,13,10,12,14,11,13,11,11,11,10,13,11,11,11,11,13,12,14,13,14,10,14,11,13,14,14,12,10,12,13,10,14,13,13,13,12,0,13,11,14,12,14,14,11,14,11,12,10,13,10,14
12,11,14,11,10,14,13,13,14,11,10,11,13,13,14,13,13,13,12,13,10,11,10,10,10,10,12,11,12,11,14,13,14,13,10,14,10,11,12,13,13,14,11,12,12,12,10,12,10,12,14,12,11,11,13,11,11,14,11,10,12,0,11,11,12,12,11,11,10,13,10,13,12,10,14
10,10,14,12,13,12,14,14,11,14,12,11,12,13,14,13,13,10,14,12,11,11,13,13,10,10,11,10,14,10,14,11,12,11,11,13,11,13,11,13,11,12,10,11,10,10,14,13,11,14,12,12,12,12,13,13,11,11,12,12,11,14,0,10,11,10,10,14,11,11,10,12,14,14,11
11,13,11,11,13,10,11,13,13,14,13,11,14,14,13,13,11,14,11,13,12,12,12,13,11,14,10,13,11,11,12,12,12,11,11,14,11,14,13,12,11,13,10,10,13,13,11,10,12,13,13,12,12,11,14,14,11,12,10,13,14,13,11,0,12,12,10,14,12,12,14,11,12,11,14
11,13,11,11,10,13,12,10,10,13,12,14,14,11,12,12,12,14,14,14,12,13,12,13,13,13,14,14,12,12,11,11,11,12,14,10,12,14,12,11,11,13,12,12,14,12,10,12,10,10,11,12,12,11,11,13,11,12,13,12,14,12,13,12,0,11,10,13,12,11,12,14,13,12,12
13,14,11,14,13,11,12,11,14,11,11,14,14,14,11,11,13,14,11,14,12,13,10,14,11,14,13,13,11,13,10,13,10,14,13,12,12,12,14,12,14,13,13,11,11,12,11,14,10,10,13,14,11,12,10,14,13,11,12,14,12,14,14,10,11,0,13,14,14,11,13,13,10,10,14
10,14,14,14,13,14,13,14,12,10,14,11,11,13,13,13,14,10,10,10,14,10,13,13,14,12,12,11,13,12,11,13,13,12,12,11,14,13,13,13,11,12,11,14,11,14,12,11,10,12,13,12,10,10,14,14,11,11,14,10,11,11,11,14,13,10,0,12,13,10,12,13,10,12,11
13,11,13,14,11,10,10,11,10,11,14,14,12,13,13,12,10,13,13,13,12,14,11,12,10,10,12,13,10,13,13,12,10,13,11,12,11,11,14,14,14,14,11,10,10,14,12,13,10,13,11,10,11,14,14,14,10,11,13,10,12,12,11,11,12,11,14,0,14,12,10,11,13,13,14
14,12,13,10,12,10,12,13,13,11,11,12,10,11,14,12,12,14,13,14,11,12,13,14,12,13,10,13,11,14,12,13,12,12,10,12,10,14,14,13,12,14,13,14,10,10,11,13,14,14,13,11,10,14,13,11,13,14,13,13,14,14,11,13,14,13,10,13,0,11,11,11,12,10,14
11,12,13,13,13,12,12,12,13,11,11,11,13,12,14,13,13,11,11,10,13,13,12,10,10,12,14,12,11,12,13,11,10,10,12,10,13,14,10,10,11,12,10,14,12,12,14,12,14,13,13,10,10,10,11,12,14,12,13,11,12,14,10,11,13,10,11,12,14,0,13,14,14,10,10
13,11,13,12,13,13,12,12,13,13,14,13,10,14,14,14,11,10,11,14,13,12,11,14,11,11,10,12,12,10,13,13,14,14,11,10,14,12,14,10,13,10,10,11,11,14,14,11,13,10,11,13,13,11,12,11,14,13,10,11,12,10,14,13,10,11,14,11,13,14,0,10,14,11,11
10,13,11,10,13,12,12,14,13,12,13,10,10,12,12,14,11,10,11,12,12,13,10,12,11,14,10,13,13,13,14,12,11,12,11,13,10,14,10,13,14,12,11,11,14,14,10,11,14,13,13,14,12,13,13,11,13,14,13,13,11,14,10,14,12,10,13,13,11,13,14,0,11,10,12
13,14,12,13,12,11,14,13,13,10,10,10,14,13,14,14,10,11,10,12,11,14,12,11,13,13,11,12,10,10,14,11,14,10,14,13,14,14,11,11,13,12,10,10,14,12,11,10,14,11,12,13,11,12,10,14,12,10,14,14,10,11,13,13,11,14,11,14,13,10,10,11,0,10,14
13,13,14,12,12,11,12,11,13,13,12,11,10,11,14,10,10,14,14,11,11,11,14,12,14,14,11,11,11,13,11,11,12,12,14,11,10,10,13,13,12,14,13,10,10,10,14,14,10,13,10,11,11,13,13,11,14,11,12,12,10,10,14,14,11,10,13,13,11,12,10,10,10,0,11
14,11,13,13,11,14,10,11,11,13,12,10,14,14,13,12,12,13,12,10,13,11,10,14,13,10,11,11,13,12,12,10,10,10,13,11,13,10,10,13,12,13,14,10,11,11,10,13,14,14,10,11,12,10,12,13,11,14,10,10,12,13,13,13,10,12,10,14,10,12,14,11,12,13,0
