R=75
Pi=(13,12,12,16,14,19,11,19,15,11,19,13,10,10,14,11,19,10,18,12,14,10,18,17,11,17,12,17,19,11,10,17,13,11,13,19,11,17,11,17,13,11,19,18,15,11,10,15,16,18,19,19,12,15,11,12,14,14,14,17,16,13,10,14,10,12,10,19,16,15,19,11,18,10,19)
A=
1,2,0
2,3,33
5,6,0
6,7,0
7,8,20
8,9,20
11,12,37
12,13,36
17,18,35
18,19,37
19,20,0
20,21,0
24,25,0
25,26,0
27,28,0
29,30,0
30,31,24
31,32,0
35,36,0
36,37,0
37,38,22
38,41,0
41,43,27
45,46,28
46,47,31
47,48,0
51,53,0
53,55,22
55,57,0
56,58,33
57,59,0
58,60,34
61,63,0
63,65,34
68,70,20
70,72,28
71,73,38
Sij=
0,5,8,9,8,6,6,5,5,6,6,6,6,5,8,6,8,7,6,5,7,8,6,7,9,8,6,5,5,6,7,8,7,8,6,6,9,8,6,6,8,7,5,9,7,5,6,5,5,7,6,9,7,7,6,5,8,5,5,5,9,5,9,9,8,8,9,7,9,7,7,5,6,5,6
5,0,7,7,5,8,6,6,9,8,9,8,5,5,6,5,7,8,7,6,6,7,7,6,5,9,5,8,6,8,5,6,8,7,5,6,7,6,5,6,8,8,5,6,9,5,7,9,5,8,5,8,7,9,9,9,7,6,6,6,7,8,9,6,8,8,5,8,9,5,7,5,8,6,7
7,6,0,6,7,5,6,6,7,7,8,6,8,8,8,6,8,6,5,8,9,5,8,9,7,5,5,9,9,5,5,9,9,6,7,6,7,5,9,6,5,6,5,7,8,6,5,6,9,8,6,6,9,9,6,7,8,7,8,6,9,6,6,7,7,8,7,7,6,6,9,7,7,9,8
8,5,6,0,5,6,5,8,9,6,8,9,9,9,9,9,7,9,7,7,6,8,9,7,9,5,9,7,5,8,9,9,9,5,6,8,7,6,6,7,6,6,6,9,9,8,8,7,8,6,8,9,5,9,7,9,8,7,6,5,6,7,8,6,7,9,9,9,8,5,7,6,7,9,5
5,7,9,8,0,6,6,7,9,8,9,9,8,9,7,7,5,5,5,6,6,9,8,5,7,9,8,8,8,7,9,7,6,6,8,7,7,8,8,5,9,9,8,9,6,8,6,5,6,6,5,6,5,6,8,6,6,6,7,9,8,7,8,6,9,7,7,6,5,9,9,6,6,9,6
6,5,8,9,9,0,8,8,7,7,7,7,6,9,8,7,6,6,6,9,6,6,5,7,9,9,5,9,9,7,6,9,5,6,9,6,6,7,7,8,5,5,5,5,8,6,5,8,8,8,8,8,5,7,8,5,5,8,9,5,9,8,9,9,6,8,7,5,9,6,5,8,8,7,8
6,5,9,8,7,8,0,7,6,5,8,7,9,7,7,9,5,7,8,6,9,6,6,5,9,5,9,5,8,6,8,5,9,7,9,7,9,6,5,6,6,7,7,8,5,8,9,9,7,5,6,8,9,7,8,6,9,5,5,7,8,8,8,9,7,8,7,6,8,5,5,9,7,7,5
7,9,7,9,6,6,5,0,7,7,9,9,5,7,8,7,7,9,5,7,7,8,8,8,6,7,5,7,5,7,9,6,5,6,7,6,7,7,5,9,5,8,5,6,9,7,7,5,8,6,7,6,8,9,9,6,9,6,5,7,5,9,9,5,7,8,8,8,5,6,5,5,9,6,6
9,7,6,8,9,9,5,8,0,9,9,8,8,6,7,5,7,6,6,7,8,6,9,5,8,6,8,8,9,7,5,7,7,7,7,5,8,7,7,5,7,9,5,9,5,9,9,7,6,9,9,9,8,6,7,5,5,7,8,6,6,5,5,6,9,7,6,6,9,7,7,5,8,5,9
9,5,9,5,9,7,6,7,9,0,7,6,8,5,9,7,9,6,8,6,9,6,8,9,5,8,7,8,7,9,7,9,6,7,6,8,9,5,7,9,9,5,8,5,8,7,8,6,6,7,7,5,6,6,6,8,5,6,9,6,6,8,8,7,7,8,5,5,8,5,7,8,9,9,6
9,7,8,5,7,5,6,6,5,6,0,7,7,9,6,8,8,7,6,5,7,6,7,6,8,5,7,7,7,6,9,9,6,6,5,7,5,6,6,7,6,5,7,7,6,5,6,6,9,5,7,5,6,9,7,5,7,6,9,5,9,8,8,5,6,7,5,5,8,9,8,6,6,9,9
6,8,9,5,8,9,6,7,6,9,8,0,7,7,9,9,9,8,7,5,7,8,6,7,5,8,9,5,7,9,6,5,9,7,9,6,6,7,6,6,6,8,5,7,5,7,9,8,6,9,9,5,9,5,7,6,9,6,9,6,8,8,9,7,5,8,9,9,7,8,8,7,6,5,9
9,7,9,6,8,8,5,8,8,5,6,5,0,8,5,8,6,9,7,5,7,7,8,7,6,6,8,5,6,8,6,6,8,8,5,7,8,9,5,6,7,8,5,6,7,8,7,5,9,8,6,8,5,5,8,6,5,5,7,9,9,8,9,5,6,8,7,7,8,7,5,7,9,6,8
8,7,7,9,8,8,7,5,7,6,7,6,8,0,5,8,7,8,6,6,6,8,9,5,9,8,6,5,7,6,8,9,9,8,7,9,9,7,5,9,5,7,7,6,8,9,7,9,7,9,5,6,5,7,5,5,9,6,8,6,7,8,9,9,9,6,8,7,5,5,8,9,8,7,5
8,5,8,6,5,6,6,8,8,6,6,9,6,8,0,7,9,8,9,9,7,7,7,8,7,6,5,9,8,6,5,5,8,8,7,6,9,6,5,7,9,5,9,6,8,7,7,7,8,8,6,5,5,8,5,8,5,7,6,9,9,6,8,7,7,6,8,6,9,7,7,8,7,6,9
6,7,6,5,9,9,8,5,9,5,9,9,9,7,8,0,5,7,5,5,8,7,7,7,8,6,9,6,8,6,6,7,7,8,9,8,5,9,7,6,5,6,5,8,7,8,6,8,8,5,6,9,8,7,8,6,9,5,8,8,5,8,9,9,8,7,6,5,5,9,7,6,5,8,5
6,6,8,9,5,5,5,7,7,5,6,9,5,5,7,9,0,5,5,8,5,6,6,6,5,9,6,5,8,9,7,9,9,9,6,6,9,5,5,7,8,5,5,6,8,6,8,5,5,7,9,7,5,6,8,9,9,5,7,9,8,9,7,8,5,5,7,9,9,8,7,9,9,8,5
5,5,9,8,9,6,5,9,5,9,9,8,7,6,7,7,9,0,7,6,8,8,7,7,6,7,9,8,6,7,5,5,8,7,6,7,8,9,6,8,8,8,9,7,8,5,7,9,8,7,6,7,6,8,9,6,7,8,8,5,5,7,8,7,9,9,6,6,6,8,9,7,7,9,7
5,9,5,8,6,5,9,5,9,6,7,8,9,8,9,9,9,6,0,6,8,5,9,7,7,8,8,6,8,9,8,8,9,6,5,9,7,7,5,6,9,5,7,9,6,7,5,7,7,6,8,9,5,6,6,7,5,6,7,9,7,9,6,5,6,7,7,7,8,9,6,6,9,9,7
7,7,5,5,5,8,6,8,6,5,8,8,8,9,8,8,5,5,5,0,9,5,9,6,8,9,9,8,8,8,5,7,5,6,9,9,9,5,6,6,6,6,6,9,9,7,9,8,8,5,5,5,6,8,5,6,8,6,6,6,5,5,8,9,6,8,8,6,9,5,9,7,9,9,8
7,9,9,6,5,5,6,5,7,7,9,5,6,5,7,5,8,8,9,5,0,6,8,6,8,6,9,7,9,7,6,7,6,7,9,7,7,8,9,6,6,9,9,5,7,6,7,6,6,7,9,6,9,9,8,7,9,7,5,5,5,8,7,7,6,9,8,8,6,8,9,6,8,6,8
6,6,7,8,6,8,8,5,6,8,5,8,6,8,7,7,5,7,8,5,8,0,7,7,9,7,8,8,9,7,8,7,7,7,5,7,6,6,9,9,7,7,7,5,9,6,6,7,5,9,5,9,9,5,6,5,8,8,8,6,8,9,8,7,8,5,8,5,5,6,6,6,5,8,6
8,5,7,8,7,6,6,8,5,7,9,8,7,6,5,8,7,8,8,5,7,9,0,9,7,8,8,5,6,8,8,9,8,5,9,7,9,6,5,5,9,7,5,7,5,9,7,5,9,5,8,9,8,7,8,8,9,6,9,9,9,5,9,5,7,8,5,8,7,8,5,7,6,7,8
7,7,6,8,8,6,7,6,5,9,9,6,5,6,5,8,8,6,6,5,9,8,5,0,5,7,8,8,8,5,5,5,7,5,9,6,6,7,7,6,8,7,9,8,5,8,7,9,7,7,9,6,6,5,6,9,9,7,5,6,9,7,9,5,5,9,6,5,6,9,9,5,5,9,8
8,9,9,9,7,9,8,6,6,5,8,9,7,9,9,7,8,7,5,7,5,8,9,8,0,6,7,6,8,7,7,9,5,7,6,8,9,5,7,8,6,6,6,8,9,6,9,8,6,7,7,5,8,5,7,7,9,5,5,8,5,8,5,8,8,6,7,7,6,5,9,6,6,9,8
5,8,5,9,6,6,8,5,5,9,6,6,5,9,8,8,9,9,9,7,8,5,7,9,8,0,8,7,7,5,7,6,9,8,6,6,8,8,5,8,6,6,7,9,9,7,5,7,7,7,6,5,7,6,6,5,5,6,6,6,7,8,6,9,8,8,6,7,9,8,9,5,8,5,8
5,5,5,7,6,7,6,5,5,8,7,9,8,7,5,6,7,7,9,6,7,5,7,6,5,6,0,8,8,8,7,6,6,6,8,5,9,9,8,5,8,6,8,6,6,5,9,8,9,8,7,7,7,9,9,5,5,7,9,7,5,9,8,6,7,6,6,7,9,6,6,6,8,7,5
9,8,9,6,5,6,7,8,9,6,9,8,6,6,7,5,6,9,6,5,9,8,7,8,9,9,6,0,8,8,7,5,8,5,9,9,7,6,6,9,5,7,5,8,5,8,7,9,5,6,6,9,7,7,6,5,6,6,5,6,5,9,8,5,7,5,5,7,7,6,5,8,5,5,5
7,8,9,7,9,6,5,5,7,7,7,8,6,8,9,8,5,5,9,8,6,8,5,6,9,7,9,7,0,9,6,7,9,6,6,9,6,7,8,5,9,5,8,6,7,5,6,9,8,8,8,9,8,5,6,9,8,7,8,7,7,6,7,6,5,9,7,7,9,9,7,6,7,9,9
8,7,7,7,5,7,8,6,9,5,6,8,8,9,7,5,8,8,6,8,8,7,6,5,7,7,9,9,9,0,5,6,7,8,6,8,7,6,9,7,9,9,5,8,5,9,6,9,7,7,8,8,7,6,5,6,5,5,6,5,8,8,8,6,8,9,8,9,7,6,5,8,8,6,6
9,7,9,6,6,6,7,7,6,5,7,8,6,8,9,8,6,5,9,8,6,5,9,9,6,6,6,6,6,7,0,9,9,6,9,6,9,6,9,5,8,5,5,7,5,6,5,6,6,7,7,8,8,8,7,9,9,8,9,9,9,5,5,6,9,5,7,7,6,6,5,6,7,5,6
8,6,8,8,7,6,9,9,9,8,8,6,5,9,5,7,6,6,5,5,7,9,9,8,5,8,7,9,5,7,6,0,6,8,7,8,8,5,9,7,7,5,5,6,8,5,9,6,7,6,9,9,5,6,9,8,8,6,5,8,9,8,9,9,6,7,7,8,8,5,7,6,6,9,7
5,7,7,6,7,6,7,5,8,5,8,5,9,8,8,5,6,5,6,7,8,5,6,5,5,7,5,8,7,8,7,7,0,6,8,9,6,5,5,7,6,7,8,6,8,8,6,7,5,5,5,5,5,9,6,9,9,5,7,5,5,5,8,7,9,8,5,8,5,8,6,9,6,8,9
5,9,9,8,6,8,5,5,8,6,8,6,7,5,9,5,6,7,9,7,6,8,5,6,5,7,8,6,7,8,5,9,7,0,9,5,9,5,7,6,6,9,5,5,6,6,6,7,8,6,8,5,6,6,6,8,7,8,7,7,9,5,8,8,9,5,8,9,8,9,9,9,8,6,8
7,5,7,9,5,9,9,9,5,8,7,8,8,6,6,7,6,7,9,6,5,6,7,6,5,8,6,9,8,6,8,6,5,8,0,9,7,9,8,7,8,9,6,8,9,6,6,9,8,6,7,8,7,8,5,7,5,8,6,9,7,7,5,5,8,9,6,8,5,6,8,7,7,9,6
7,9,7,7,9,8,8,8,7,6,8,6,8,5,5,8,9,8,9,5,6,9,5,5,9,5,8,9,6,8,9,5,7,7,7,0,7,8,5,7,5,8,9,7,9,9,8,7,8,9,8,9,9,7,9,5,7,8,6,8,8,5,8,6,9,7,7,9,5,7,7,9,8,6,9
6,6,6,6,5,6,7,9,9,8,9,9,7,7,7,5,9,6,7,8,5,5,8,8,6,6,8,7,6,7,8,5,8,8,7,8,0,5,6,6,6,6,5,9,7,9,7,9,6,8,7,8,8,6,8,8,6,8,8,9,8,7,5,8,7,9,9,6,9,5,8,9,7,5,5
6,9,5,5,8,9,6,7,8,8,8,5,8,9,9,5,9,7,7,7,9,6,6,7,8,5,5,5,6,9,7,5,7,5,6,9,6,0,8,9,9,6,5,6,9,8,9,5,7,9,9,8,7,5,8,6,5,8,8,6,8,9,6,6,9,5,7,7,8,7,5,9,6,7,7
5,8,5,6,8,8,5,7,6,6,5,5,5,9,9,6,5,7,6,6,5,5,9,7,9,5,6,7,9,8,5,7,9,7,8,8,5,6,0,9,7,8,6,9,9,8,5,7,8,8,6,9,6,9,5,7,9,9,8,7,8,7,7,8,7,6,8,6,8,5,5,6,9,8,8
8,8,5,9,8,9,8,7,8,7,8,8,7,9,5,8,8,7,8,5,5,5,8,7,8,9,8,8,7,8,5,5,8,6,6,8,8,9,9,0,8,5,5,9,5,9,8,6,6,7,7,7,9,5,7,8,8,5,8,6,9,5,9,9,5,7,7,5,6,7,6,5,8,7,5
5,5,6,7,7,5,8,7,5,5,5,5,5,5,7,8,8,9,8,5,8,5,5,8,8,6,8,9,8,6,6,8,6,9,7,8,6,8,6,5,0,5,7,8,9,9,6,7,9,8,9,8,5,5,7,7,9,5,7,9,6,7,8,8,9,8,7,9,5,8,9,6,5,8,8
9,5,6,5,9,6,8,8,6,9,7,6,8,9,7,7,8,9,8,9,8,7,9,9,5,6,7,7,6,8,7,8,6,6,8,6,8,9,7,7,7,0,8,6,8,6,6,9,5,7,6,6,7,6,8,9,7,6,7,5,7,8,6,7,8,7,9,5,6,5,5,8,8,6,6
7,9,5,5,7,8,7,7,9,9,6,5,7,7,6,5,5,5,8,5,8,6,6,8,5,7,6,8,9,6,7,7,5,9,6,5,7,5,9,6,5,6,0,6,7,6,7,6,7,9,5,5,8,5,6,7,6,7,6,9,5,6,9,7,8,7,8,5,7,6,6,8,5,6,7
9,7,9,9,7,8,5,9,8,9,6,9,7,8,7,5,7,5,5,9,9,6,8,8,9,8,6,9,5,7,6,5,7,7,7,5,6,8,9,6,9,7,5,0,8,7,8,5,7,5,6,8,8,9,6,7,8,8,6,9,8,6,6,8,6,7,5,7,5,6,6,9,8,6,9
5,7,5,9,5,6,7,9,8,9,8,8,5,5,5,8,7,9,9,5,9,8,8,9,6,6,6,5,5,8,7,5,7,5,6,5,7,8,5,8,6,6,7,8,0,7,9,9,6,5,7,9,9,9,5,5,6,8,6,8,9,9,6,9,5,7,8,6,5,9,9,5,8,8,6
8,7,5,9,7,6,6,5,5,8,8,7,5,6,9,9,6,6,9,6,8,5,7,6,6,8,7,9,7,5,7,6,6,8,6,8,6,8,9,7,7,9,5,5,7,0,5,7,9,6,9,7,9,9,6,7,8,9,9,8,8,8,7,7,5,6,7,5,7,9,6,8,7,6,7
8,9,9,7,9,5,5,8,8,7,7,7,6,9,5,8,8,7,5,6,8,5,6,5,9,9,9,5,5,9,6,9,7,6,8,8,9,7,9,7,7,5,9,5,7,8,0,5,6,6,6,7,6,7,5,9,7,7,8,7,9,5,5,7,8,6,7,9,5,5,7,9,6,7,7
8,7,6,6,8,6,9,8,8,9,6,9,7,7,7,5,5,5,9,9,6,6,8,5,9,9,8,5,5,9,7,6,8,9,6,6,6,6,9,5,5,7,7,8,7,6,5,0,7,7,5,7,8,6,8,6,6,9,5,7,8,7,8,8,8,7,5,6,8,5,5,8,8,6,9
8,9,9,9,8,7,9,6,7,9,6,9,9,5,8,5,7,6,9,5,7,6,8,8,6,7,5,6,6,6,6,8,6,7,9,6,7,9,6,9,9,6,6,8,7,7,5,5,0,5,5,8,7,9,5,6,6,5,5,8,6,7,7,9,5,8,8,7,6,6,6,7,7,9,5
6,6,5,5,6,8,6,9,6,6,8,8,9,6,6,7,6,6,6,5,6,6,7,5,9,8,5,8,9,9,7,6,7,8,9,9,6,5,9,9,5,8,6,7,7,9,8,5,5,0,8,5,6,5,9,8,9,8,9,5,7,7,7,5,7,9,7,5,5,7,6,6,6,7,6
5,8,9,9,8,5,5,5,8,5,8,6,5,8,9,9,5,6,9,6,6,7,8,9,8,9,8,7,8,8,6,9,9,8,8,5,5,9,6,5,7,7,9,9,8,7,6,7,5,8,0,5,5,6,5,5,7,9,5,5,8,6,7,6,9,8,9,7,6,9,8,9,6,5,9
9,9,8,8,6,5,8,6,6,9,7,6,7,8,8,6,6,9,8,7,8,5,5,9,5,8,5,5,7,6,9,9,9,7,6,5,9,5,9,5,5,5,5,6,7,6,7,8,8,8,7,0,9,8,7,5,9,8,9,8,7,9,7,9,5,5,8,7,5,6,7,6,5,5,8
6,8,9,8,6,8,6,7,7,8,8,5,5,6,6,7,7,9,7,6,5,7,5,5,6,8,9,6,6,5,6,7,8,5,6,7,9,9,7,5,6,7,5,5,6,5,8,5,9,9,5,6,0,7,9,7,9,7,9,7,8,8,9,5,7,6,6,6,5,5,9,7,7,7,7
5,7,6,5,9,5,5,9,7,7,9,5,9,8,7,7,9,9,6,9,6,6,7,8,9,5,8,8,9,9,6,7,9,5,9,5,7,7,5,6,7,8,7,8,7,6,6,8,7,8,5,8,5,0,8,5,8,5,8,5,9,6,7,5,8,5,6,5,9,9,7,9,6,9,9
6,7,9,9,6,7,8,5,5,5,9,8,6,6,5,6,9,8,6,6,9,5,8,9,7,5,6,7,8,9,8,8,8,6,6,7,9,6,6,8,5,6,6,9,8,6,9,8,8,8,7,6,5,8,0,9,5,9,5,6,5,6,6,6,5,6,6,5,5,9,7,6,8,6,8
5,8,8,8,5,5,5,7,8,5,7,7,7,9,6,5,8,8,9,6,6,8,9,6,7,7,6,9,8,5,6,8,9,7,7,6,7,5,9,5,9,9,8,5,8,9,8,5,9,9,9,8,8,5,7,0,7,8,7,5,7,9,6,8,7,9,8,8,5,7,9,8,7,9,9
6,6,9,9,7,8,8,6,9,9,6,8,5,8,9,5,7,9,9,6,6,7,5,5,5,9,5,7,8,5,5,6,8,9,8,5,7,9,9,6,9,8,7,8,6,6,8,9,5,6,6,9,8,7,8,9,0,6,9,8,8,8,5,7,9,9,9,9,5,5,9,7,8,9,7
7,7,5,6,9,9,6,5,7,6,8,6,8,6,6,9,8,8,6,6,8,8,5,7,9,6,7,7,9,5,8,8,9,5,9,5,8,9,9,8,6,7,8,6,6,8,6,7,9,5,5,9,6,8,9,9,7,0,7,7,7,6,8,5,6,7,9,6,7,6,5,5,9,8,7
5,5,9,8,6,6,5,9,8,8,5,8,6,6,6,5,7,6,7,7,7,8,7,7,8,6,6,8,5,8,5,6,6,9,8,8,5,9,5,5,7,7,5,6,6,8,7,5,6,6,7,9,7,6,5,6,8,6,0,9,9,5,6,8,9,8,8,7,7,7,7,9,8,5,6
5,9,7,5,6,5,9,5,7,9,6,6,9,5,9,6,5,8,9,6,9,5,8,5,8,7,6,5,7,8,7,9,8,5,5,5,9,8,5,9,5,9,8,9,8,7,9,7,7,6,7,6,9,9,7,9,6,6,6,0,9,8,9,7,9,6,7,7,8,9,8,7,7,8,9
5,9,6,8,7,6,7,8,7,5,6,6,9,9,8,6,8,7,6,5,5,6,6,9,7,6,9,5,8,8,9,9,7,5,8,7,7,7,9,5,6,5,6,7,8,5,7,8,5,8,5,9,5,7,8,9,7,7,5,6,0,6,6,5,8,6,6,8,9,5,5,8,5,7,6
9,5,9,9,5,6,8,6,5,9,8,9,9,9,6,9,9,5,7,7,8,5,9,8,5,6,7,8,7,9,9,9,6,9,8,7,9,8,6,8,7,5,6,5,9,6,6,9,7,6,6,8,8,9,8,8,5,6,8,9,9,0,5,8,5,9,9,7,5,5,8,9,6,8,8
5,7,8,9,8,9,5,8,5,6,8,6,5,7,6,9,7,8,9,7,9,7,6,6,5,5,8,6,8,8,6,5,5,5,9,5,5,6,8,9,8,6,5,7,7,8,8,5,8,5,6,6,6,5,9,7,6,7,8,8,6,8,0,9,6,9,7,6,5,7,6,9,6,9,5
8,7,7,9,9,7,6,7,8,7,7,5,8,9,6,7,9,8,7,9,7,5,6,8,8,9,6,8,8,7,6,5,6,6,6,6,5,6,7,5,6,9,5,7,8,8,8,7,9,5,6,6,8,5,7,7,5,8,5,9,6,8,8,0,5,5,7,8,6,7,9,6,7,5,6
7,7,5,9,9,9,6,9,9,8,5,5,6,6,9,8,5,6,6,8,9,8,5,9,6,6,9,6,9,9,8,9,5,6,7,9,7,6,9,6,7,6,8,5,9,5,6,7,7,9,9,5,6,6,6,8,6,5,7,8,9,9,5,9,0,9,6,9,9,8,9,6,8,7,9
5,8,9,5,5,6,5,7,9,9,5,8,8,8,9,8,8,6,8,6,6,8,6,9,5,8,5,6,8,8,7,5,8,6,6,8,9,6,9,6,7,6,5,5,9,6,7,6,9,5,6,9,5,6,7,7,6,5,5,7,5,8,9,5,7,0,9,5,7,7,6,9,6,6,7
8,9,8,5,9,8,5,9,6,7,6,7,5,7,8,8,6,8,5,7,5,9,7,9,8,5,6,5,8,8,6,9,8,7,7,7,9,6,6,6,7,6,6,6,8,9,9,7,8,8,9,6,5,9,7,9,6,8,7,9,6,5,5,8,6,7,0,9,7,9,5,9,5,6,8
5,8,7,6,5,8,5,8,7,9,9,9,8,9,5,8,5,5,8,7,5,7,6,8,9,6,5,6,8,7,9,8,9,7,8,8,7,5,8,8,8,7,7,5,9,6,8,5,7,5,9,8,6,9,8,8,7,8,7,9,8,9,5,9,9,5,5,0,6,5,7,6,5,7,5
9,7,9,5,9,7,7,5,9,8,7,6,7,9,8,5,5,8,7,8,9,9,7,8,5,8,6,7,9,5,9,9,5,6,5,6,8,7,8,5,6,8,5,7,6,8,8,5,8,9,6,8,8,8,5,9,9,5,9,5,6,5,5,8,8,8,5,5,0,9,7,6,8,9,7
7,6,9,5,6,7,5,5,9,5,8,6,5,6,6,5,6,8,8,8,9,6,8,6,8,8,8,7,5,6,7,8,8,5,6,8,5,8,9,7,9,5,6,5,9,7,7,8,9,9,5,8,9,6,8,6,8,7,7,8,8,7,9,8,7,5,7,9,5,0,7,9,7,8,6
8,8,9,7,6,5,5,9,8,6,5,8,8,7,7,9,5,8,6,6,8,6,5,8,7,9,5,8,7,6,9,8,9,8,7,9,6,5,6,7,7,8,9,8,7,8,7,5,6,5,6,6,6,7,8,6,8,6,5,7,9,7,7,6,6,7,8,9,9,8,0,8,5,6,8
8,9,7,7,5,8,6,5,6,6,5,8,6,7,5,6,6,9,9,8,7,5,6,7,6,5,9,7,5,8,7,6,9,7,8,8,8,5,6,6,5,9,6,5,6,8,5,6,9,8,6,8,5,8,5,8,7,5,6,5,8,9,9,7,9,9,8,9,8,6,7,0,6,8,8
8,8,8,6,5,7,9,8,8,7,6,8,5,6,6,5,6,8,8,6,7,5,9,8,6,7,5,6,8,7,6,5,5,7,9,7,5,6,9,9,5,5,6,7,5,5,8,7,7,8,5,8,7,7,5,7,8,9,5,8,7,8,5,6,5,5,8,7,6,9,5,5,0,9,9
5,7,9,7,8,5,8,7,8,9,6,7,8,7,7,7,8,5,5,5,7,6,5,5,6,9,6,5,5,8,8,5,9,7,6,8,7,6,6,9,9,9,9,5,9,8,7,5,5,9,5,9,9,8,7,8,7,9,5,8,8,7,7,5,6,6,8,6,6,8,9,7,8,0,6
5,7,7,9,5,8,7,6,9,6,8,8,5,5,5,7,5,7,5,8,5,7,6,9,9,7,5,5,9,6,9,7,5,8,8,9,6,7,8,7,5,7,8,5,6,7,5,8,6,8,8,6,7,5,5,8,5,7,5,7,8,7,6,7,7,5,7,7,6,5,6,8,9,7,0
