R=75
Pi=(29,27,27,26,27,22,23,24,22,29,26,22,25,26,29,22,20,21,29,21,21,23,26,25,26,29,25,28,23,21,28,20,23,22,21,21,23,21,20,26,21,24,28,24,21,26,27,26,21,25,25,22,28,25,21,26,20,22,20,27,27,25,21,20,20,25,29,22,25,27,29,28,21,23,20)
A=
1,2,46
2,3,0
3,4,47
4,5,54
5,6,0
6,7,0
7,8,49
9,10,0
10,11,49
11,12,0
12,13,43
13,14,0
14,15,0
16,21,0
25,26,54
26,27,0
27,28,0
28,29,43
29,30,59
30,31,0
34,35,0
35,36,0
36,38,0
39,40,56
40,42,0
43,45,47
44,46,42
47,49,48
51,53,44
54,56,49
55,57,0
56,58,0
62,64,43
63,65,57
67,69,0
70,72,56
72,74,51
Sij=
0,12,12,11,14,14,12,13,13,10,14,12,11,10,11,10,11,10,13,10,12,14,10,11,12,14,11,12,10,11,14,14,14,11,12,13,14,12,13,13,10,11,14,10,11,13,10,10,10,11,14,12,12,10,10,13,12,11,14,10,13,10,13,11,11,14,13,14,12,12,10,14,11,10,14
10,0,14,14,14,13,14,11,12,14,12,11,12,13,10,14,10,13,13,13,14,10,13,13,13,12,10,10,12,12,11,14,11,11,11,14,13,12,11,10,10,11,13,13,14,10,12,14,14,13,12,11,11,12,10,13,12,11,11,12,13,14,13,14,13,12,10,10,12,10,10,12,11,12,12
13,12,0,14,13,13,10,10,11,13,14,14,13,13,10,12,11,11,11,14,12,11,13,13,10,12,14,11,12,13,13,14,10,14,14,12,11,13,13,13,12,13,13,14,14,14,14,12,10,10,14,14,11,12,10,11,14,14,14,11,13,13,12,12,10,10,14,14,13,13,10,13,13,13,12
13,13,13,0,13,10,13,12,11,11,14,14,13,12,13,12,12,12,14,12,14,13,10,10,14,14,10,10,13,11,14,10,10,12,10,11,13,11,11,13,13,11,12,11,13,11,11,11,10,10,10,13,13,11,13,13,13,12,14,13,10,12,14,14,11,13,13,11,12,12,14,11,11,11,13
13,10,14,11,0,12,13,13,14,12,11,11,12,14,14,11,13,10,12,12,12,10,11,13,14,10,12,10,14,12,11,14,12,12,12,10,13,14,11,11,14,11,13,11,13,10,10,13,12,10,14,13,13,13,13,13,11,11,14,10,14,13,14,12,10,11,14,14,12,13,13,13,14,11,13
11,12,14,10,14,0,14,14,13,13,13,12,11,13,13,13,13,11,14,10,11,11,11,10,11,11,10,11,11,13,11,10,13,12,10,12,11,11,11,10,11,10,10,11,14,13,10,11,10,13,14,12,13,14,14,11,14,11,13,13,13,13,12,14,11,12,14,13,13,11,12,12,14,14,14
10,11,10,11,13,11,0,14,10,12,13,14,11,14,12,13,13,10,12,12,11,12,13,10,10,11,13,11,13,14,11,12,12,14,10,14,10,14,14,10,12,14,13,14,11,12,10,10,11,14,13,12,14,12,12,11,12,10,10,10,14,14,11,11,11,11,11,12,13,13,12,13,10,12,14
12,14,13,13,12,10,13,0,10,13,10,14,12,10,11,14,12,10,13,14,11,13,13,11,13,10,10,13,11,13,12,14,11,12,12,10,12,13,12,12,14,10,13,13,10,11,13,11,10,14,10,12,10,11,10,10,14,12,10,13,12,12,12,12,11,11,12,10,13,10,12,13,13,11,14
11,10,10,11,11,12,14,12,0,12,12,14,14,10,11,11,11,14,13,13,14,11,13,11,12,14,13,13,13,14,11,12,14,13,11,14,10,14,11,14,11,13,14,14,10,11,11,12,13,11,14,12,10,14,12,13,12,13,12,12,12,14,11,13,10,10,10,11,13,12,10,12,13,14,12
11,11,13,11,10,12,11,14,11,0,10,14,11,14,11,13,11,11,11,14,11,12,11,11,13,10,10,10,14,11,10,11,14,11,11,10,11,13,12,12,14,11,14,14,12,11,13,10,14,10,10,14,11,13,12,10,14,10,10,10,10,11,11,13,11,13,14,10,12,10,12,12,14,14,14
10,12,12,13,12,11,14,10,14,10,0,11,14,10,14,11,11,10,13,11,11,13,14,10,13,13,11,12,12,14,13,12,10,12,14,11,12,12,11,13,14,10,10,12,13,10,14,14,11,11,14,11,14,12,12,11,10,11,14,10,10,13,11,11,10,13,11,12,11,12,13,14,14,10,12
10,12,12,12,13,14,12,11,11,10,12,0,12,12,10,12,11,11,12,11,12,10,14,14,11,14,13,11,12,13,12,14,11,14,14,12,14,13,13,11,10,13,11,10,10,13,10,13,12,13,11,12,11,12,13,12,11,12,10,13,14,12,14,13,13,10,10,13,13,12,13,12,12,11,11
14,13,14,13,12,14,10,14,14,12,10,13,0,13,10,12,10,11,12,10,11,12,13,13,11,10,13,11,14,14,14,13,10,14,11,14,14,11,13,13,13,13,13,10,10,13,11,11,12,11,12,12,14,11,14,13,10,14,12,13,14,13,11,10,14,13,10,13,11,11,12,13,12,14,12
13,13,13,13,13,13,11,13,13,12,12,13,13,0,14,13,13,14,14,10,13,14,12,13,11,11,13,13,14,11,13,13,14,10,13,11,14,11,11,14,14,12,10,12,13,11,10,11,13,13,13,13,14,12,10,12,11,10,12,11,14,10,11,12,14,13,13,13,14,13,13,11,13,14,10
11,14,14,10,14,11,11,14,11,12,10,13,11,14,0,11,14,14,14,14,10,14,10,12,13,14,12,11,11,14,10,11,14,10,11,14,12,11,10,12,10,13,10,10,14,14,10,12,13,13,13,13,12,14,14,11,10,11,11,11,12,14,14,14,10,11,10,12,10,10,13,13,13,11,13
11,13,14,13,13,13,10,13,13,11,11,13,10,11,10,0,13,10,10,14,10,11,13,11,10,12,14,12,11,13,14,10,10,10,11,12,13,10,13,12,12,11,10,11,13,13,13,14,10,14,11,12,12,14,11,11,13,11,14,11,14,10,13,10,13,10,11,13,14,14,12,12,12,12,12
14,10,12,13,11,14,14,11,12,11,11,13,10,14,14,14,0,11,11,12,13,11,12,10,12,12,12,14,10,11,12,13,10,14,12,11,11,11,13,12,11,14,14,11,13,12,12,11,13,10,14,10,11,10,13,10,11,14,14,10,14,14,14,10,14,12,11,13,13,12,12,13,12,13,10
14,12,11,12,10,10,10,11,10,11,11,12,14,10,11,10,11,0,11,13,13,11,10,14,12,10,10,14,12,11,12,11,13,13,14,14,13,10,12,13,14,13,13,13,13,12,10,11,12,11,11,11,11,14,14,13,13,13,13,11,14,11,13,10,13,10,13,14,10,11,13,10,13,12,13
14,13,11,10,14,10,14,11,11,14,10,10,14,13,10,10,10,11,0,10,14,13,10,13,10,13,13,10,11,10,13,11,12,13,10,10,10,12,12,14,11,10,14,11,10,12,10,14,10,14,10,13,13,13,13,14,14,10,10,12,11,14,12,11,12,12,13,11,13,13,10,13,12,12,14
13,14,13,12,13,13,14,10,11,10,10,13,14,10,10,10,14,11,14,0,13,11,12,13,13,13,14,13,10,12,13,11,10,11,13,10,10,10,12,12,14,11,14,10,10,12,14,13,10,13,12,10,12,12,14,12,10,10,10,14,14,14,14,12,13,13,14,11,10,10,14,10,12,13,14
11,12,11,12,11,13,10,12,12,10,13,14,12,12,11,14,14,10,13,13,0,10,11,11,12,12,12,12,13,10,13,12,13,13,12,12,10,13,13,13,10,13,11,12,12,10,13,12,14,14,11,10,10,13,10,14,10,10,14,10,13,10,12,12,13,12,14,11,14,10,10,10,11,11,12
14,14,14,14,12,13,14,13,13,14,13,12,14,12,13,12,14,14,12,14,10,0,11,14,13,14,10,12,13,14,13,10,13,13,11,11,10,11,10,11,11,13,11,13,12,10,10,14,13,11,12,10,10,13,11,12,13,14,10,14,12,10,11,14,14,13,14,13,13,11,12,11,13,13,10
11,13,12,11,13,14,10,14,12,11,12,14,14,11,13,12,10,10,11,14,11,11,0,12,14,13,10,11,10,11,13,11,11,12,12,10,14,10,13,12,10,11,11,14,13,11,14,10,11,10,14,12,10,12,13,14,14,10,13,12,12,12,14,12,13,14,11,12,11,11,14,11,12,13,10
13,14,12,14,12,14,10,14,10,12,10,11,14,13,13,11,13,12,10,14,13,11,14,0,10,13,10,11,13,10,10,12,10,11,12,10,10,12,11,11,13,12,12,14,14,13,13,11,13,13,10,10,14,11,14,11,11,14,11,10,11,12,11,14,10,10,10,14,11,13,12,14,11,11,12
12,11,12,14,12,10,13,13,14,10,14,12,13,12,10,13,10,10,11,14,10,10,13,13,0,13,12,13,10,10,11,11,14,13,13,11,10,14,10,13,14,12,14,11,13,10,12,11,11,11,14,11,13,10,11,12,11,12,13,10,10,11,13,13,13,14,10,14,14,11,14,14,10,11,11
12,10,13,14,13,11,10,12,13,10,14,12,13,11,11,14,12,11,14,13,13,13,11,12,14,0,14,12,12,10,11,10,11,11,13,14,11,13,13,14,14,14,14,10,13,14,11,12,13,13,11,11,13,11,12,13,13,14,10,14,14,13,13,12,12,10,12,11,10,12,14,11,14,11,14
14,14,13,13,13,13,12,14,13,13,10,11,14,13,10,10,11,12,14,14,11,11,11,13,12,12,0,10,12,11,13,14,12,11,11,13,14,10,11,12,10,12,14,14,13,11,13,12,12,14,11,12,13,14,11,13,12,12,10,10,10,13,10,13,14,13,12,10,13,14,10,10,10,10,13
12,11,11,13,11,14,14,12,12,14,10,11,12,10,13,11,12,14,11,11,12,12,10,10,14,14,13,0,14,12,14,11,12,12,10,14,11,11,13,14,10,11,10,12,14,13,12,14,10,10,13,13,10,13,13,11,10,11,10,13,11,11,10,10,13,12,13,13,11,11,11,14,13,14,11
10,11,14,11,11,12,14,12,14,13,10,10,14,14,14,13,10,10,10,12,13,10,14,14,11,10,13,13,0,13,13,13,10,10,12,13,14,10,14,14,11,12,13,10,11,12,12,13,14,12,12,10,14,13,12,12,14,11,14,10,11,13,11,13,10,10,14,14,11,10,14,12,11,11,13
10,10,10,13,12,13,12,14,10,11,12,14,12,13,10,13,13,11,13,13,13,11,14,14,11,12,13,11,13,0,13,14,14,13,10,12,11,14,13,12,11,13,14,10,12,13,11,12,10,11,12,11,11,12,13,14,13,10,10,11,14,10,10,10,11,12,13,11,12,11,13,14,14,13,12
14,14,10,12,11,10,14,12,14,11,12,12,12,14,10,13,11,13,11,12,11,13,13,14,10,10,14,10,14,13,0,12,11,12,10,14,14,12,13,13,11,14,13,10,13,14,14,10,11,11,12,12,10,13,11,10,10,10,11,12,11,10,14,12,11,13,11,10,12,10,10,10,13,10,14
12,13,12,14,14,11,14,13,13,12,10,12,13,11,14,13,13,11,11,12,11,10,10,13,14,13,13,13,10,11,11,0,14,10,13,13,12,12,11,11,11,12,11,11,10,11,11,12,14,13,12,11,14,11,13,13,12,13,14,14,11,12,10,13,12,10,11,11,10,12,11,10,12,14,10
14,14,14,14,12,13,10,14,10,12,14,11,12,12,14,10,14,13,11,10,13,11,12,13,10,14,10,12,11,11,12,13,0,10,11,13,14,13,13,12,11,11,12,10,11,13,13,13,14,11,12,11,12,11,14,11,13,11,10,14,12,12,12,13,13,10,10,11,10,14,10,11,10,11,14
13,11,10,11,10,11,10,10,11,13,14,14,12,11,10,14,12,13,14,14,14,13,13,12,10,13,11,13,10,11,10,10,11,0,12,10,14,12,10,10,12,11,12,11,14,13,10,12,10,10,14,12,13,11,11,10,10,13,13,10,12,14,12,10,10,13,13,13,14,10,10,12,12,12,12
13,11,11,13,13,10,10,11,13,11,13,11,14,14,12,10,11,14,14,13,12,13,11,11,11,14,11,12,10,14,12,10,10,13,0,12,13,13,14,14,10,11,13,14,14,11,11,14,14,12,10,14,12,13,14,10,14,10,10,12,13,13,12,11,13,14,12,10,10,12,13,11,11,14,13
11,13,13,12,14,14,10,12,10,14,10,14,12,11,13,12,12,12,12,10,11,14,12,11,10,14,10,13,12,13,13,12,12,14,12,0,11,10,12,11,12,13,11,11,11,13,14,10,14,12,14,10,14,14,14,11,11,10,12,12,10,14,12,10,11,11,12,12,13,13,12,11,10,11,10
12,10,12,11,12,10,13,11,11,12,12,14,12,13,12,11,10,13,10,11,13,10,10,10,14,10,12,12,10,10,12,10,12,14,11,11,0,13,14,10,11,11,12,11,12,13,12,14,13,10,12,11,13,14,10,12,11,14,12,11,12,13,11,11,10,10,12,11,13,12,11,12,11,12,13
14,10,14,12,12,12,10,13,11,12,13,13,10,12,11,14,11,11,12,13,12,10,10,10,12,11,10,10,11,14,14,10,10,11,10,11,12,0,12,10,13,11,10,14,13,12,11,11,13,12,12,10,11,13,14,10,14,10,13,10,10,12,14,11,12,12,13,12,14,12,10,11,14,10,13
11,12,10,11,13,11,14,11,13,13,13,13,11,11,10,10,11,13,11,14,11,11,13,11,10,14,13,11,11,11,10,11,10,14,12,13,14,13,0,10,13,11,10,10,12,13,14,11,11,14,11,14,13,12,11,11,14,13,13,11,13,13,12,10,12,12,12,12,12,13,11,11,13,12,13
13,11,11,10,12,11,12,11,12,14,12,12,13,14,13,13,14,10,12,12,14,13,14,13,10,11,12,14,13,12,10,11,10,13,12,14,13,12,10,0,14,11,11,10,11,10,10,13,12,14,10,11,10,11,10,13,10,12,12,10,11,13,13,13,14,14,11,12,10,12,13,14,11,14,12
10,13,12,13,13,14,12,14,10,12,10,14,10,10,10,12,12,10,12,13,10,12,13,10,11,13,12,13,10,10,10,14,11,13,14,10,12,13,14,10,0,14,13,12,10,13,14,11,12,14,14,10,14,14,10,11,13,14,12,11,14,12,13,14,14,12,10,13,11,10,14,10,13,10,11
14,11,14,12,11,12,12,10,13,10,10,10,14,10,12,11,10,14,12,10,13,10,14,13,12,13,11,14,11,14,14,11,13,13,11,14,13,12,10,14,11,0,11,10,13,13,11,10,13,14,14,14,10,11,10,12,14,12,11,14,13,11,13,14,13,11,13,12,11,14,12,13,13,13,13
14,12,10,10,14,11,12,12,10,12,10,13,10,13,11,11,12,12,12,12,12,12,11,11,11,10,14,14,14,11,10,11,12,12,10,14,14,11,11,13,11,13,0,13,11,13,13,13,13,14,12,10,10,10,11,10,11,11,14,13,14,11,12,13,13,11,13,11,12,12,12,12,10,10,14
11,14,14,14,12,13,11,10,10,11,11,14,11,11,12,14,13,14,13,11,11,14,14,14,10,14,12,10,11,12,10,10,10,10,14,11,11,11,11,10,13,11,11,0,12,11,11,12,10,10,13,13,12,12,13,12,11,14,14,14,12,10,10,14,12,11,11,14,10,11,11,12,11,13,12
13,10,12,12,12,13,11,12,10,12,13,12,13,11,12,13,11,11,12,13,14,12,11,14,10,10,11,12,13,14,10,11,14,14,14,12,14,12,12,10,10,13,10,11,0,13,14,13,13,12,12,10,10,14,14,12,11,13,12,12,11,11,14,13,11,12,11,13,13,11,10,13,13,14,11
12,11,12,10,10,11,12,13,14,10,14,10,12,14,11,13,13,11,10,10,13,11,14,13,14,11,10,14,11,12,14,11,10,12,11,11,13,13,12,10,14,12,10,12,12,0,11,14,13,11,12,11,11,13,14,13,11,12,13,10,13,10,13,12,12,11,12,14,10,13,10,14,10,14,14
10,10,10,11,11,12,12,11,12,13,10,12,13,11,14,14,13,10,12,13,10,11,10,12,11,14,12,14,10,11,13,11,12,13,13,12,10,10,12,12,10,13,10,13,11,13,0,14,12,11,13,11,14,12,10,14,14,10,13,10,11,10,13,11,11,10,14,10,14,13,11,13,13,12,14
12,11,10,11,11,12,10,14,12,11,14,13,13,12,14,13,12,12,14,10,12,12,12,14,13,11,12,10,14,14,14,13,11,12,12,12,14,13,11,12,11,10,10,14,11,11,11,0,13,14,14,13,11,13,11,12,10,14,10,12,14,10,14,10,13,12,11,12,10,14,12,13,13,10,12
14,12,11,12,12,12,10,14,11,14,10,13,14,14,10,11,12,13,10,12,12,11,14,12,12,10,14,10,13,11,10,10,10,11,12,14,14,12,12,10,13,10,13,10,12,13,11,12,0,10,13,14,14,12,13,14,12,12,13,14,12,12,10,10,14,13,10,13,13,12,11,12,10,11,10
13,11,13,14,10,14,14,12,10,10,11,11,12,12,11,10,11,10,13,10,12,13,14,13,11,11,10,13,10,13,10,14,13,12,14,12,13,13,13,10,13,10,14,10,12,12,12,11,11,0,12,14,12,12,10,12,10,12,14,12,13,13,11,11,11,14,12,12,10,12,14,11,13,11,12
11,12,13,14,10,14,13,14,11,13,14,12,12,12,14,13,10,14,11,14,11,12,13,13,10,10,14,12,13,12,10,11,10,14,14,10,12,13,14,13,14,14,14,13,12,12,14,10,10,14,0,13,12,11,11,10,14,13,14,13,10,14,10,11,13,12,12,12,12,13,14,10,12,14,12
14,12,12,14,11,13,10,14,12,14,14,13,14,14,13,14,12,12,14,14,14,14,12,11,11,14,14,11,11,11,13,11,12,13,11,12,11,13,13,10,14,14,13,11,14,13,13,12,14,13,11,0,13,12,10,13,10,14,11,13,11,13,14,13,10,11,12,11,10,12,10,13,14,13,14
14,14,10,10,11,12,11,12,12,12,14,14,13,11,10,11,13,14,14,12,11,14,11,12,10,11,12,12,10,13,10,12,14,13,10,13,10,14,10,10,10,11,11,10,11,11,14,14,10,11,12,13,0,14,11,13,10,13,12,14,14,10,13,11,14,12,12,10,10,10,11,10,13,14,14
11,14,13,10,11,14,12,12,12,14,10,12,13,12,10,10,14,12,14,10,10,11,10,12,12,14,10,13,14,13,10,13,13,10,14,13,11,13,11,10,12,12,11,12,13,10,13,12,10,14,12,12,14,0,14,13,10,14,11,12,12,14,14,13,13,13,11,13,13,12,11,14,11,11,13
13,13,14,13,13,12,10,12,13,14,11,12,13,13,11,14,13,10,10,13,11,13,13,12,13,12,12,10,14,13,10,10,11,10,11,14,10,11,13,10,11,11,10,13,12,10,12,14,11,13,13,14,11,12,0,12,14,10,11,14,10,10,10,13,14,14,11,11,12,12,11,14,11,11,14
12,14,12,14,10,12,14,12,13,11,14,10,13,13,13,11,14,13,11,12,10,11,13,10,14,11,13,14,12,14,14,11,12,11,10,13,12,10,11,12,11,12,12,11,14,13,12,13,14,10,12,10,14,14,14,0,10,11,11,10,14,13,14,10,13,12,13,13,12,12,14,13,14,12,14
11,12,14,11,11,10,13,10,14,11,12,13,11,13,11,10,11,11,10,11,13,11,12,13,14,11,10,10,11,10,12,13,13,10,12,12,11,14,10,14,11,13,10,14,10,13,11,10,10,12,12,12,13,10,11,14,0,14,10,12,14,10,13,13,14,14,14,14,11,10,14,13,12,11,11
10,14,11,12,12,10,10,14,14,13,12,14,14,12,14,13,12,11,12,10,13,12,14,10,10,11,14,14,10,10,13,10,11,12,10,11,13,12,12,11,13,11,13,14,12,14,14,11,12,12,11,12,10,10,12,12,10,0,11,12,11,11,10,14,14,14,11,13,12,12,12,14,10,13,10
11,12,13,14,12,11,11,12,12,12,13,11,10,10,14,12,11,12,14,10,10,13,11,14,14,11,10,12,14,14,12,11,13,14,13,10,14,10,13,11,10,14,13,11,10,13,10,12,13,10,11,12,10,13,14,13,10,14,0,14,11,10,13,12,12,10,12,13,11,12,13,13,10,13,13
10,11,10,14,14,11,10,12,14,14,12,14,10,10,14,14,14,14,10,11,11,11,11,10,11,12,14,14,10,14,11,11,13,12,12,13,13,11,10,13,11,12,14,13,10,10,12,13,11,12,13,13,10,12,12,13,14,14,13,0,11,12,10,12,10,12,11,11,12,12,11,11,13,14,12
10,13,12,13,10,10,10,11,13,13,10,13,11,11,10,14,14,14,12,13,10,10,10,13,10,13,14,14,10,10,11,10,13,12,11,13,10,11,14,13,10,10,12,13,14,14,10,10,12,13,11,12,10,10,11,10,13,13,12,11,0,11,11,10,13,12,10,14,13,14,12,13,12,14,14
13,14,12,11,14,11,13,13,12,12,13,14,14,13,11,11,10,11,14,12,11,14,10,14,11,13,14,11,10,10,14,14,12,11,12,11,12,11,14,10,12,12,14,12,14,12,11,11,12,13,11,12,13,11,12,13,14,13,14,11,12,0,11,13,11,13,13,11,12,10,14,14,13,12,13
10,14,10,12,14,13,12,13,14,12,13,12,11,10,13,14,11,13,11,13,13,10,13,12,14,11,11,13,11,12,13,13,14,14,11,13,13,12,14,11,13,13,12,10,13,10,12,11,14,11,12,10,11,14,10,14,10,12,12,13,12,13,0,12,12,13,10,12,11,14,10,10,14,14,10
14,14,13,13,13,13,13,14,14,14,14,13,11,10,14,11,12,10,14,11,13,10,11,14,12,13,13,11,12,13,10,13,11,11,10,10,11,12,13,13,14,13,13,12,13,10,13,12,12,12,13,10,10,13,12,13,12,13,10,10,10,12,12,0,11,14,11,12,10,10,13,14,14,11,10
11,10,11,14,11,12,10,10,13,14,10,10,12,12,13,11,13,12,11,13,12,12,10,12,13,12,12,12,12,14,12,13,13,14,11,11,12,13,12,13,10,10,13,12,10,13,13,14,11,13,10,12,13,13,12,14,14,13,11,13,14,12,13,14,0,12,12,12,13,11,11,13,14,14,13
13,12,13,13,12,14,13,13,11,13,14,10,10,10,11,12,12,13,12,14,14,13,12,14,10,13,11,10,12,14,14,10,12,14,10,10,10,11,11,11,14,10,10,14,14,11,12,11,11,13,14,10,12,10,13,14,10,13,13,13,12,13,10,11,13,0,13,12,10,10,11,11,11,12,10
14,14,12,12,14,13,11,14,13,14,10,14,12,11,11,10,10,11,13,12,14,10,14,14,10,11,13,12,11,14,11,13,12,12,11,14,12,12,14,14,12,13,14,11,10,13,11,11,13,14,10,10,12,14,11,13,14,13,12,13,14,14,13,13,12,12,0,12,10,10,11,13,13,12,13
10,11,11,12,13,11,10,12,13,11,13,11,10,12,10,13,14,13,14,10,14,13,14,10,14,13,11,10,11,11,11,12,12,14,14,10,12,11,14,10,13,12,10,11,10,10,11,14,14,11,12,14,13,11,13,11,11,10,13,14,10,14,11,11,14,11,13,0,11,12,10,11,12,14,14
12,12,12,13,10,13,11,11,10,14,14,12,14,11,10,13,13,11,13,14,14,13,10,14,11,13,11,10,12,13,10,14,14,14,14,11,14,12,14,14,13,14,14,11,12,12,11,12,10,14,12,14,14,14,14,13,11,13,12,11,11,10,14,11,13,10,12,10,0,12,13,14,11,12,13
11,10,14,14,11,14,11,14,10,12,11,11,14,10,14,10,14,10,10,12,12,12,10,12,13,12,14,11,14,11,10,10,12,11,13,14,14,12,11,12,10,12,10,11,14,12,10,12,10,11,14,13,10,14,10,13,10,11,10,14,10,10,14,13,12,10,14,13,12,0,14,11,12,13,12
12,10,12,13,12,10,11,11,10,13,12,12,10,12,10,14,13,12,11,12,12,14,12,12,14,13,12,12,10,11,10,11,14,12,12,14,11,11,14,14,13,13,14,11,10,10,10,12,12,12,11,14,10,11,10,12,13,14,14,13,13,14,11,14,13,10,12,12,10,10,0,12,11,13,11
13,14,10,11,11,14,13,10,14,12,14,10,11,13,12,14,11,11,12,10,11,14,11,14,12,14,12,13,12,11,10,14,11,13,12,11,12,11,13,14,10,12,14,14,14,12,14,14,14,10,14,10,13,12,14,14,12,10,13,12,11,14,13,13,12,10,14,12,10,10,12,0,10,13,13
14,14,14,12,14,10,10,13,13,11,12,14,10,13,13,13,14,11,13,11,12,11,13,10,12,14,13,11,14,13,12,14,12,10,13,10,14,10,10,13,11,13,10,12,10,12,10,10,14,11,11,11,11,12,10,13,10,13,14,10,11,13,13,14,13,13,11,14,10,13,13,13,0,10,14
14,14,10,11,10,14,13,13,12,12,12,11,12,10,10,10,14,10,10,10,11,13,14,10,13,12,10,10,14,11,13,12,10,12,13,11,12,14,13,10,11,13,11,11,12,12,11,11,14,10,13,12,13,10,13,10,14,14,13,12,14,13,13,10,13,14,10,14,11,14,12,14,12,0,10
13,13,11,12,13,10,11,13,11,14,12,11,14,10,13,12,11,12,11,11,11,13,14,11,13,13,12,11,10,10,12,13,10,13,12,14,14,11,11,12,11,10,12,13,12,12,14,14,11,14,12,14,13,10,14,14,13,10,14,14,13,14,13,10,11,14,11,10,13,14,13,14,11,13,0
