R=75
Pi=(24,24,20,24,22,24,29,29,20,25,29,24,28,21,22,26,26,25,29,27,20,20,25,21,25,23,26,22,20,23,25,28,29,22,27,21,24,25,28,20,24,22,22,22,26,27,23,25,20,24,24,27,21,23,29,23,29,28,28,29,27,26,29,27,20,20,25,26,23,21,21,21,26,28,23)
A=
1,2,57
2,3,0
3,4,0
5,6,0
6,7,0
14,15,0
15,16,54
17,18,46
18,19,0
20,21,0
21,22,0
23,24,54
24,25,0
25,26,46
26,27,0
27,29,58
29,32,56
34,35,0
35,36,0
39,40,49
41,42,52
42,43,0
43,44,47
44,45,0
45,46,0
46,47,58
47,48,58
50,52,0
55,57,44
57,59,42
62,64,45
65,67,0
66,68,49
68,70,40
69,71,40
71,73,0
72,74,43
Sij=
0,11,12,11,11,13,14,13,14,14,11,10,12,11,13,12,11,12,10,10,10,13,13,12,13,12,12,13,14,14,10,13,12,13,12,14,11,14,14,13,11,12,12,11,10,10,14,14,13,13,13,11,10,12,14,12,13,10,13,13,11,11,13,10,14,12,13,13,13,14,10,11,13,11,13
12,0,10,12,11,12,13,12,14,11,10,14,12,14,14,10,11,11,11,10,11,10,13,12,11,12,12,10,11,14,12,11,12,13,14,11,12,10,14,11,14,14,11,12,14,10,10,14,14,13,12,14,10,12,14,12,13,13,10,14,10,13,10,10,13,13,11,14,14,12,13,10,12,14,11
12,14,0,11,12,11,12,12,11,13,12,13,11,10,14,11,12,13,10,14,10,11,13,10,14,11,13,11,14,11,10,11,11,10,10,12,13,12,10,13,11,12,11,12,13,14,12,10,14,12,14,14,10,12,14,14,13,13,12,10,13,11,13,14,13,11,11,10,14,11,13,10,13,12,13
13,14,11,0,12,14,14,13,11,11,12,10,10,14,11,11,13,14,10,14,10,14,13,12,14,11,12,12,10,13,13,14,11,12,13,11,14,12,11,12,11,14,10,12,12,12,10,12,13,13,13,14,14,13,12,13,14,12,11,10,11,12,13,13,12,12,14,12,10,10,12,10,12,13,13
10,14,11,14,0,12,11,10,13,11,14,14,10,12,10,10,12,11,10,10,10,14,10,12,14,10,12,12,11,13,11,13,11,11,14,11,13,12,13,14,13,11,13,11,13,13,12,11,12,10,12,10,14,12,12,14,10,12,12,14,14,14,13,10,10,11,12,14,13,14,11,10,13,11,11
14,10,14,13,11,0,12,10,10,11,10,10,13,14,13,10,11,11,14,13,14,14,13,13,10,12,10,12,13,12,13,12,12,13,10,13,13,10,13,10,11,14,14,11,14,10,13,12,10,12,13,10,10,14,11,12,11,11,13,11,10,10,11,12,13,12,13,14,14,10,11,10,12,14,12
10,10,11,13,10,14,0,12,12,10,14,13,12,12,11,13,12,12,11,12,10,11,12,11,13,12,11,13,13,14,11,12,12,11,12,11,11,14,12,13,12,12,12,10,12,10,14,10,13,11,13,14,13,10,13,10,12,14,13,11,13,10,14,12,14,11,10,11,10,14,11,12,14,13,10
12,13,11,13,12,12,11,0,14,11,11,11,14,11,12,11,14,12,11,11,14,11,13,10,10,11,14,12,10,13,14,11,10,10,10,11,11,10,10,10,13,12,11,12,11,13,12,14,14,13,10,14,10,13,13,14,13,13,11,12,13,10,11,11,12,10,11,14,11,10,14,14,11,11,12
12,10,10,13,12,13,10,12,0,11,13,10,10,11,11,10,12,12,14,13,12,13,11,14,10,10,11,13,12,14,13,11,12,14,10,10,14,13,10,13,13,12,12,14,13,12,10,14,12,10,12,12,14,13,14,13,11,10,10,12,11,10,13,13,12,12,12,10,11,10,11,14,12,11,14
14,11,11,11,13,10,11,10,11,0,12,11,11,13,10,11,14,13,13,12,11,12,14,14,11,10,14,14,13,12,14,12,14,13,13,14,12,14,14,12,12,14,10,11,10,10,10,13,10,14,10,12,11,10,14,12,10,11,14,10,13,11,12,12,12,14,12,12,10,10,13,14,14,11,10
12,12,13,13,10,10,11,13,14,11,0,11,11,13,14,11,14,11,14,13,13,10,11,12,13,11,13,13,13,14,10,11,12,10,10,11,14,12,13,13,10,12,12,13,11,11,13,13,12,13,11,12,14,11,12,14,10,14,14,11,12,11,12,14,14,10,13,10,13,13,12,12,13,11,13
11,12,13,11,11,13,14,10,10,13,12,0,11,11,13,10,11,10,12,11,11,13,14,13,14,11,12,12,10,14,10,14,14,13,12,11,12,11,13,13,13,12,10,12,11,11,13,11,12,12,11,12,14,11,14,14,11,14,14,10,14,11,14,11,14,13,13,12,13,11,13,14,11,14,13
13,13,12,12,12,12,10,14,13,12,13,14,0,12,13,13,10,12,12,13,13,12,13,14,12,12,13,11,13,11,13,12,10,10,13,11,11,13,11,11,13,13,11,10,13,10,14,10,13,10,11,10,11,13,10,10,14,13,14,10,14,10,12,13,14,10,13,13,14,12,11,11,11,11,10
10,10,13,10,12,13,13,12,12,14,12,10,11,0,10,12,11,12,13,11,12,12,10,12,10,13,11,10,10,11,13,14,14,10,13,14,10,11,13,12,12,10,13,10,13,12,14,11,13,11,11,14,12,10,13,12,10,12,12,12,10,12,12,10,13,14,13,10,13,10,12,14,14,11,13
11,13,10,14,13,14,10,12,14,10,14,12,13,12,0,10,14,12,14,11,11,14,13,13,11,13,14,13,13,12,13,11,10,10,11,11,14,14,13,14,12,10,10,13,10,14,12,14,13,13,11,10,10,12,14,14,13,10,13,10,14,10,11,14,10,14,14,11,12,10,10,14,13,10,13
11,14,14,12,11,11,14,10,10,11,12,10,12,11,12,0,13,14,11,13,14,12,13,11,12,11,10,11,12,13,12,11,12,10,14,13,10,13,12,11,14,14,10,11,13,13,13,11,10,10,11,11,13,10,10,11,12,13,12,11,11,10,12,12,12,14,10,10,13,12,11,14,11,14,14
14,12,12,12,14,12,13,11,12,11,10,13,12,14,12,11,0,12,10,10,10,13,12,12,13,14,12,13,13,12,13,11,14,13,10,10,14,10,10,13,14,12,14,10,10,12,10,13,10,10,11,14,14,10,13,10,12,14,13,13,11,14,10,13,13,14,11,14,11,14,12,10,11,12,11
12,14,12,11,11,13,14,12,12,11,13,12,13,14,10,12,10,0,11,11,11,10,12,10,11,11,11,10,11,11,12,10,12,11,14,11,10,10,12,12,14,12,11,12,12,10,11,12,14,11,11,12,13,14,11,11,14,14,10,10,10,13,12,11,10,10,10,11,14,13,14,12,12,14,12
13,14,10,13,10,14,14,10,10,14,10,11,13,10,13,11,11,14,0,11,12,11,10,14,12,11,10,10,12,11,11,13,14,14,12,12,12,14,10,14,10,11,12,11,11,14,13,12,11,11,11,13,12,10,12,11,12,14,13,12,10,14,11,14,13,10,10,12,10,12,11,12,10,14,11
10,13,14,12,12,12,12,14,11,14,13,11,13,11,11,10,12,10,13,0,14,11,14,13,12,10,14,10,11,13,10,13,12,12,14,11,12,13,11,10,14,12,10,14,14,10,14,11,10,14,12,13,11,12,10,14,11,14,11,11,12,11,10,10,11,10,10,14,14,10,13,11,10,14,13
11,11,10,13,12,11,12,14,12,11,11,12,14,11,10,10,12,12,10,12,0,12,12,14,13,13,14,10,12,10,11,10,13,11,13,14,13,10,10,14,10,10,12,13,14,10,13,11,12,14,14,10,14,10,11,11,14,11,12,10,12,11,10,14,11,10,13,10,10,12,11,14,12,12,14
12,10,13,10,13,10,13,13,13,11,10,11,13,10,12,14,12,13,10,11,14,0,14,13,12,13,12,13,10,14,12,14,13,11,10,13,11,10,10,13,14,13,13,11,12,10,13,14,10,13,13,14,10,11,11,10,13,12,11,12,10,11,12,13,11,11,12,10,12,11,11,13,11,14,10
12,10,12,10,11,14,12,13,12,11,12,14,11,10,14,10,13,14,13,13,13,11,0,14,10,11,13,13,12,13,11,14,13,10,10,13,10,10,11,14,12,13,13,10,12,13,12,10,10,13,10,12,14,12,11,12,11,11,11,14,13,10,14,14,10,12,14,13,11,12,14,14,12,14,11
14,14,11,12,12,13,12,13,14,13,14,10,11,13,12,11,13,13,12,11,11,14,13,0,14,10,13,13,14,13,13,10,10,14,10,12,12,10,13,14,10,11,12,10,11,10,12,13,14,13,10,10,11,14,13,10,10,10,11,12,14,10,13,10,10,12,14,10,10,11,14,10,10,14,12
10,14,13,12,13,12,10,14,10,12,12,14,11,10,10,12,12,14,11,14,10,12,11,14,0,13,11,11,13,13,13,14,10,11,11,13,10,11,13,12,14,14,10,12,12,13,13,13,14,14,13,12,11,13,10,12,12,12,13,14,12,11,12,10,11,12,12,12,14,12,14,10,14,11,11
10,14,10,13,11,14,12,12,13,10,11,12,11,11,13,11,13,12,13,10,13,12,10,11,10,0,10,10,13,12,14,12,13,10,11,14,13,12,13,12,10,14,14,13,10,10,10,10,11,10,11,10,13,10,10,13,12,14,14,13,10,13,14,10,13,12,12,11,10,11,10,14,10,10,13
11,13,13,14,10,14,10,14,13,10,13,14,12,10,13,12,14,12,14,11,11,10,14,10,13,13,0,13,14,10,10,11,10,12,12,14,14,14,14,13,14,14,14,11,14,14,13,14,11,11,14,10,11,11,14,11,10,14,13,11,12,11,10,13,12,13,13,11,10,10,13,12,14,14,14
11,11,14,10,10,14,13,11,13,10,14,10,13,13,10,13,10,10,13,11,13,14,11,13,10,11,11,0,14,11,13,11,10,12,11,12,10,11,14,13,11,13,14,12,13,12,13,14,12,14,11,13,12,11,12,11,12,10,10,14,14,13,14,10,14,14,14,13,12,11,10,12,10,12,12
13,14,11,13,11,11,11,13,14,14,10,14,14,14,14,14,14,11,14,13,12,13,13,13,13,13,10,12,0,11,13,14,12,14,13,14,12,11,12,14,13,13,14,14,10,13,10,14,13,12,11,10,11,10,13,14,14,10,12,14,12,11,14,11,10,10,12,14,11,10,12,13,12,11,11
10,13,13,12,14,13,14,12,14,10,13,13,11,11,13,10,11,13,13,11,11,14,12,14,10,11,10,13,12,0,10,12,12,14,14,13,11,10,12,13,10,13,14,14,11,12,12,11,13,12,10,10,10,14,14,10,11,10,14,12,13,13,10,14,14,12,10,13,12,12,12,14,14,10,12
13,12,14,11,11,13,14,12,11,12,14,12,13,14,14,11,11,11,10,10,12,13,10,14,13,12,13,13,10,14,0,10,11,14,11,11,12,11,14,13,14,13,10,14,11,10,14,11,13,13,11,11,13,14,10,10,10,12,10,12,14,14,11,12,11,11,13,12,11,13,11,14,11,12,11
11,11,13,13,14,13,10,14,14,13,13,12,12,14,11,11,10,11,11,13,14,12,13,12,14,12,11,10,10,12,11,0,14,10,12,13,13,11,13,11,13,13,10,11,13,13,14,11,13,14,11,11,13,14,13,12,14,13,10,13,12,11,10,14,12,12,13,11,14,11,13,10,11,10,13
10,13,10,10,14,10,10,13,10,13,11,12,14,11,10,14,10,10,10,13,11,13,11,13,10,14,12,11,11,11,11,14,0,13,11,13,13,13,12,11,13,11,12,14,10,11,14,14,10,13,12,12,14,11,11,11,12,12,11,14,10,13,14,12,14,11,11,14,13,13,12,10,12,14,12
12,13,13,10,12,10,14,11,13,14,13,12,13,11,14,11,11,12,12,11,14,12,10,10,13,14,10,11,12,11,11,10,10,0,14,13,13,13,11,14,14,10,11,10,12,10,14,13,12,13,11,11,12,14,12,12,10,12,12,11,12,10,13,14,12,12,13,11,13,12,11,12,14,13,13
10,13,11,13,14,14,11,12,12,10,14,13,10,12,11,13,10,10,14,11,14,11,11,13,14,12,12,14,14,11,14,12,14,11,0,12,14,13,14,12,12,11,12,11,14,12,13,12,14,11,14,11,11,14,11,14,14,11,13,13,12,11,11,12,11,11,12,14,14,10,12,14,10,12,12
10,11,10,12,10,10,14,13,12,10,14,12,12,13,11,13,12,10,10,10,10,14,14,14,13,14,14,13,13,13,10,10,13,11,11,0,13,13,13,12,12,13,13,13,12,11,13,14,11,12,12,10,13,14,12,12,10,11,10,14,10,11,10,14,13,10,13,14,11,11,13,14,14,13,12
11,12,10,12,13,14,14,13,11,11,13,11,10,10,14,10,11,12,13,11,11,12,13,14,12,12,14,13,14,13,12,10,10,11,10,14,0,14,14,12,10,10,13,13,13,14,13,12,13,11,11,12,11,10,12,11,14,13,10,14,10,10,11,13,13,14,13,11,14,10,14,10,12,10,13
10,13,13,10,14,13,14,11,11,13,11,11,10,13,10,11,11,14,14,11,14,14,14,10,13,11,12,13,13,12,10,10,11,11,11,13,10,0,13,11,10,11,14,14,10,11,13,12,13,13,13,13,11,12,13,14,10,14,13,11,12,11,10,12,14,12,11,14,14,11,12,10,12,13,13
10,10,10,13,13,10,14,14,10,14,13,14,13,12,12,10,13,12,11,13,14,10,11,14,13,10,13,13,11,11,12,10,13,13,13,13,10,10,0,14,10,13,12,10,13,11,13,13,12,11,10,13,13,10,14,14,14,14,11,10,12,12,11,12,14,11,12,10,14,13,13,10,12,13,11
14,11,10,12,13,14,12,10,11,10,12,14,14,13,13,13,14,14,10,11,13,12,10,10,11,13,12,13,13,12,14,10,14,14,10,12,14,11,12,0,10,10,11,14,11,11,12,12,12,11,10,14,11,12,12,13,12,11,14,11,10,11,14,12,13,10,11,14,10,13,11,14,13,11,14
11,11,12,13,13,14,10,10,12,13,13,13,13,12,11,12,10,14,10,12,13,10,14,11,10,10,12,12,13,14,10,11,10,12,11,11,10,13,10,11,0,14,11,12,13,10,12,13,11,13,11,10,10,13,13,10,10,11,11,13,13,12,12,11,12,12,11,12,10,11,14,11,12,13,13
12,12,13,11,10,12,12,10,14,12,14,10,13,11,11,10,10,14,14,12,14,12,14,10,11,13,14,12,10,13,14,12,11,14,10,13,12,14,10,10,10,0,11,12,14,12,11,13,11,13,11,13,12,13,11,14,10,12,13,10,11,12,10,10,10,13,12,14,14,10,13,13,11,13,14
11,12,14,10,12,14,10,13,13,14,14,11,14,14,14,10,10,14,14,13,12,10,11,12,10,10,12,14,10,14,13,12,13,14,14,12,11,12,10,11,11,14,0,11,11,11,11,13,14,14,10,13,13,11,10,11,10,11,12,14,12,11,10,13,13,11,11,13,10,14,12,14,12,13,13
11,13,14,10,10,13,12,12,14,14,11,14,11,13,12,14,10,13,12,13,14,11,10,12,10,14,13,13,14,12,11,10,14,12,13,12,11,11,11,10,10,13,11,0,14,12,11,10,10,12,10,11,10,14,10,13,10,13,11,10,11,10,13,13,12,13,11,14,13,14,10,13,14,12,12
13,11,10,11,10,13,14,13,11,14,11,10,10,14,14,13,14,14,11,10,10,11,10,14,10,10,11,11,10,11,12,11,13,12,12,12,10,11,11,11,11,11,12,13,0,10,12,10,10,14,10,11,13,13,11,11,11,10,11,10,14,11,13,12,14,11,14,12,12,11,11,13,12,12,14
13,13,13,11,13,12,10,11,11,14,10,13,13,11,11,10,12,13,10,11,10,13,14,13,12,11,10,12,14,13,12,13,11,13,13,13,13,13,13,13,14,10,11,12,13,0,13,10,10,11,10,13,14,11,10,14,10,14,14,14,11,11,12,11,13,12,12,12,14,13,13,12,13,10,12
12,14,12,11,14,13,10,10,10,13,14,12,11,10,14,12,13,13,14,11,11,11,13,12,10,11,10,10,12,13,13,10,13,14,13,14,12,13,10,10,11,11,12,12,14,10,0,10,12,10,10,14,13,13,14,11,11,11,14,11,13,12,14,12,12,10,13,13,12,12,14,10,10,13,13
10,14,14,10,13,14,10,13,10,11,14,14,11,14,13,11,12,12,11,11,12,11,14,14,12,10,11,13,10,10,10,14,14,10,14,11,12,10,11,11,12,14,14,11,13,10,11,0,14,14,10,11,12,13,11,10,13,10,14,12,12,13,12,13,14,11,10,10,11,14,11,13,11,10,10
14,13,12,12,11,12,13,12,14,14,13,12,10,12,14,11,10,13,13,14,12,14,11,14,14,13,10,10,14,12,11,14,11,13,12,12,10,12,12,10,13,11,13,13,10,13,14,12,0,11,13,10,10,13,11,12,14,12,12,13,13,11,13,12,11,12,13,11,11,10,12,10,13,10,12
10,11,11,12,13,11,13,12,13,10,11,11,11,14,11,12,14,13,14,14,13,10,13,11,11,12,11,13,11,14,13,12,10,11,11,10,12,14,14,12,10,14,14,11,10,11,12,11,14,0,12,12,12,14,10,13,14,12,10,11,11,14,14,11,14,12,14,10,14,13,10,14,14,13,12
14,14,11,11,11,14,14,14,13,13,11,11,13,14,12,11,13,12,13,12,12,10,12,14,14,10,10,13,13,13,12,12,13,12,11,14,13,10,14,11,12,14,10,12,12,10,11,10,11,12,0,12,12,11,11,14,13,11,11,12,10,13,11,11,14,11,13,13,11,13,13,13,12,12,11
10,13,14,10,11,14,14,10,11,11,11,10,11,12,12,12,12,11,13,13,13,10,12,11,11,14,12,14,12,12,14,10,14,14,10,10,14,11,10,12,11,13,14,10,13,10,12,10,13,10,11,0,11,14,14,13,14,11,13,14,12,12,14,12,13,11,11,10,12,12,12,13,11,10,10
12,14,11,11,12,10,12,11,11,12,11,12,10,10,11,10,14,10,11,13,10,11,11,10,13,12,10,14,13,10,12,14,10,13,11,13,13,14,10,14,10,10,12,10,12,14,10,10,11,11,13,12,0,14,12,10,10,13,11,13,10,10,12,12,10,14,11,11,12,13,12,12,10,10,12
12,14,13,10,13,14,11,14,13,12,12,14,10,13,12,11,10,12,10,10,13,12,13,12,10,10,12,12,11,13,13,12,12,12,10,10,12,12,12,13,13,10,13,14,13,14,11,13,10,12,12,10,14,0,14,13,10,11,11,10,12,11,14,12,14,13,14,12,13,12,11,13,12,14,12
11,13,14,13,13,10,14,14,12,14,11,13,13,12,13,10,14,10,12,14,11,14,12,13,11,13,12,13,10,13,13,14,11,11,13,10,10,12,12,14,13,12,11,13,13,10,11,14,10,12,12,13,14,14,0,10,11,10,10,12,10,13,10,13,14,10,11,12,11,13,12,14,11,13,13
11,14,12,14,10,11,11,12,13,12,10,10,10,11,11,12,10,10,10,11,11,12,13,12,12,11,12,14,11,12,13,10,10,11,13,11,13,10,10,11,13,10,12,11,13,10,11,10,10,11,11,13,10,11,12,0,13,10,14,11,13,13,12,11,10,13,14,14,13,13,14,13,14,10,14
13,10,10,12,14,11,10,11,14,14,11,10,10,14,14,14,10,13,13,11,12,11,14,12,12,13,10,12,12,10,13,11,13,11,13,11,13,12,10,14,12,11,12,11,14,13,14,10,14,13,14,14,11,13,12,11,0,11,12,10,10,11,13,13,14,11,14,11,14,11,12,11,12,13,13
13,10,13,12,13,13,14,14,12,14,11,13,10,10,13,11,10,10,12,14,13,14,12,13,10,14,12,10,14,12,11,11,11,12,14,11,12,13,14,11,11,11,10,14,12,13,13,11,10,14,11,11,10,13,10,14,13,0,10,11,13,11,13,10,10,12,14,11,13,10,12,13,11,10,10
12,12,14,13,10,12,10,10,10,10,10,10,11,12,11,10,13,12,12,11,10,13,11,10,11,13,11,10,10,12,10,14,10,14,10,13,14,14,14,14,12,10,13,14,14,12,13,13,11,10,14,11,14,14,10,14,10,14,0,12,12,11,10,14,12,14,11,10,11,12,13,10,13,12,12
13,14,14,11,10,14,14,12,13,10,13,14,14,11,14,11,12,14,12,12,13,12,11,10,10,12,12,11,11,12,14,10,13,12,10,11,14,13,13,13,12,13,11,13,14,10,11,13,12,11,11,10,11,10,14,10,12,14,11,0,12,11,12,10,10,11,12,10,12,10,13,11,13,11,14
14,14,11,12,11,14,11,13,14,10,11,13,14,12,12,14,13,10,12,10,11,14,12,10,12,12,10,14,12,14,14,12,14,12,11,10,14,10,12,11,11,13,13,10,14,12,13,12,14,10,10,10,11,10,12,14,11,10,14,13,0,14,11,10,10,10,14,13,11,11,12,10,12,12,11
14,13,11,12,11,14,14,12,14,12,13,14,11,14,14,11,13,13,10,13,11,14,12,13,14,14,13,11,10,12,10,12,12,10,11,14,13,14,14,14,14,12,12,13,11,11,13,14,12,10,14,12,11,13,14,14,10,13,13,11,10,0,12,11,12,11,11,11,11,13,10,12,14,13,11
14,14,12,13,11,12,11,14,14,10,12,12,11,13,10,11,13,10,10,13,13,12,10,10,11,10,10,12,11,11,12,14,13,10,14,10,12,11,11,10,14,11,13,11,14,13,10,12,10,11,11,11,13,10,12,11,14,12,11,11,12,14,0,13,12,12,13,14,10,14,10,14,11,14,10
13,12,14,13,10,12,14,12,11,14,10,11,11,13,13,13,11,10,10,14,13,14,13,10,14,11,14,14,13,14,12,14,12,13,11,10,12,10,11,13,11,14,13,13,11,11,11,10,12,10,14,14,11,14,11,14,14,13,14,14,13,10,14,0,12,12,11,13,12,12,13,10,10,13,11
13,13,11,14,13,13,14,14,12,12,10,12,12,12,11,12,10,13,11,12,10,11,10,10,10,10,12,14,13,14,10,13,10,10,11,13,12,14,14,10,14,13,13,11,11,10,14,10,11,10,12,11,14,11,10,12,12,10,13,13,10,10,10,12,0,12,11,11,11,11,13,14,11,14,10
12,11,12,14,14,10,11,11,13,13,12,13,14,14,10,14,10,12,10,11,10,13,13,10,13,10,13,12,14,12,10,10,12,13,13,13,14,13,11,13,11,14,12,12,10,13,11,12,11,11,13,12,11,12,10,13,13,12,10,13,12,14,11,10,12,0,11,10,11,10,11,10,11,10,12
14,10,11,11,14,10,14,11,10,12,14,13,14,14,12,10,10,11,13,13,10,12,12,12,14,14,12,10,11,14,11,11,11,14,13,14,12,12,13,10,14,11,13,14,10,13,12,10,13,10,11,13,12,12,11,11,13,14,11,14,12,13,14,10,10,12,0,12,10,11,13,12,13,12,13
13,14,14,13,11,10,12,11,11,10,13,12,13,13,12,11,10,13,10,13,12,10,11,12,13,12,11,11,14,10,12,13,11,14,14,11,12,10,12,10,12,10,12,14,12,13,14,13,12,10,12,14,12,13,10,13,13,11,14,13,14,10,12,11,12,14,11,0,14,14,11,14,10,10,14
11,12,12,12,10,10,13,12,13,13,13,13,10,12,13,10,13,10,10,14,11,11,12,11,11,12,11,14,14,11,10,12,14,12,11,12,10,10,11,14,14,12,11,14,13,14,14,13,11,13,13,13,14,11,13,10,10,11,11,13,13,14,13,12,12,10,14,12,0,10,10,10,12,14,10
14,13,14,13,13,11,13,12,13,10,13,12,12,12,14,11,12,13,14,13,11,10,14,14,11,12,10,11,13,10,12,10,14,13,12,14,10,12,13,14,14,10,11,12,14,10,13,11,13,14,13,12,12,10,14,13,14,10,12,11,11,12,14,12,12,12,12,13,10,0,14,10,10,10,10
13,10,14,11,14,10,13,14,12,13,12,10,13,13,14,13,10,10,10,11,12,12,10,13,10,11,13,14,10,14,13,12,11,12,12,13,13,13,10,11,12,12,14,10,14,11,14,13,14,11,14,14,10,13,12,10,14,10,10,13,11,14,13,13,10,14,14,11,11,10,0,14,11,10,13
14,10,13,10,13,13,12,10,14,14,14,14,12,12,14,11,13,13,12,12,10,13,14,11,10,10,12,12,11,14,11,12,14,12,14,12,12,14,11,12,10,11,14,13,13,11,11,11,12,14,12,11,13,13,12,11,11,11,14,13,11,10,13,10,12,11,14,10,13,12,14,0,14,11,10
11,13,13,10,12,14,13,10,10,12,11,14,14,10,14,13,11,10,14,13,10,10,13,14,11,11,11,11,13,10,10,13,10,13,11,14,12,10,14,10,10,10,14,11,13,12,12,14,11,10,10,13,14,13,14,11,10,14,13,10,13,12,12,10,11,13,14,10,14,10,10,10,0,11,13
12,10,10,12,10,13,13,12,14,13,14,12,13,11,13,14,13,13,11,13,12,12,12,13,14,14,12,11,14,11,14,10,12,10,10,14,11,13,13,10,11,10,12,14,11,14,10,13,12,14,11,11,13,12,11,14,13,11,12,10,11,11,12,13,13,14,14,12,11,14,13,14,10,0,11
11,11,10,12,12,14,14,14,14,10,14,12,11,14,14,10,11,14,10,13,13,10,13,13,11,11,14,12,11,13,10,11,11,11,10,14,14,10,13,12,11,11,12,12,13,10,13,14,13,10,13,14,13,11,12,11,13,11,11,10,14,12,13,11,14,12,11,14,14,14,10,10,10,13,0
