R=75
Pi=(18,15,19,18,19,18,15,14,17,14,17,11,17,15,11,17,13,17,18,16,16,13,10,11,12,13,10,14,12,19,14,10,17,11,17,10,10,14,13,13,11,13,15,19,10,10,13,15,17,10,11,14,19,17,13,15,15,18,15,15,17,11,12,18,10,16,14,16,18,11,17,19,13,14,15)
A=
1,2,0
4,5,30
5,6,0
6,7,0
7,9,0
10,11,0
11,12,36
12,14,23
17,19,24
18,20,0
20,22,0
21,23,0
22,24,0
23,25,38
26,28,32
27,29,20
28,30,37
31,33,39
32,34,37
33,35,33
36,38,0
37,39,32
38,40,0
43,45,22
44,46,0
45,47,0
49,51,0
50,52,36
51,53,0
53,55,22
55,57,0
57,59,35
59,61,26
68,70,34
69,71,0
70,72,0
73,75,27
Sij=
0,12,11,10,11,14,13,11,14,11,12,12,14,13,11,13,10,12,14,13,14,11,11,10,12,12,12,12,10,11,12,14,14,11,12,14,11,14,12,13,11,12,14,13,12,14,10,10,13,13,13,14,14,12,12,14,10,11,13,13,12,11,11,13,13,13,12,13,10,11,12,10,10,10,11
12,0,12,13,12,13,12,12,13,12,13,13,14,11,13,12,13,14,11,13,11,10,10,10,14,13,11,12,14,11,10,12,13,14,11,14,12,12,13,10,11,10,12,14,14,10,13,11,14,12,13,12,14,11,14,10,11,12,13,14,11,14,12,11,11,10,14,10,10,13,10,11,11,10,12
11,12,0,11,10,14,14,10,12,11,13,13,12,11,14,10,13,14,14,14,13,11,12,10,13,13,10,13,11,10,11,11,11,13,14,13,13,10,11,13,14,11,12,11,13,12,13,12,10,14,10,11,11,12,12,10,13,12,13,11,13,11,13,11,14,11,11,14,12,11,12,12,13,10,14
11,14,10,0,12,10,10,13,12,11,14,10,14,13,11,14,14,10,11,14,14,12,13,10,11,11,11,14,10,13,12,12,12,11,12,10,11,12,14,13,10,10,14,12,11,13,11,13,12,12,12,11,11,13,10,12,13,13,14,10,14,11,12,13,14,11,12,13,10,10,12,11,11,12,13
14,13,10,14,0,12,10,12,11,12,11,10,11,14,10,10,12,13,13,14,14,14,13,10,12,14,11,12,12,12,10,10,10,13,14,11,13,12,14,11,10,11,10,14,12,13,10,13,13,14,13,14,12,11,13,14,11,12,13,14,11,12,10,14,12,10,10,13,14,13,12,14,14,12,14
13,14,13,13,14,0,14,12,14,12,14,11,13,13,10,14,10,10,14,14,14,12,11,11,12,11,13,12,13,14,12,13,10,10,12,14,10,12,14,14,10,14,13,12,14,11,12,11,12,14,12,11,10,14,12,11,12,12,11,11,10,11,13,14,10,10,10,12,10,10,14,13,11,10,14
10,14,13,11,10,14,0,12,14,14,12,11,13,11,12,11,12,12,11,12,13,13,10,13,12,14,10,14,10,12,10,14,10,14,14,12,11,13,11,10,12,13,12,14,12,14,11,14,10,14,12,11,11,13,11,11,14,11,11,11,10,10,11,12,13,12,10,13,11,10,10,14,11,10,10
10,10,11,11,12,12,10,0,14,11,14,14,13,11,13,12,12,10,11,14,10,12,11,14,10,10,13,12,13,14,14,13,10,11,13,11,11,13,14,13,14,14,10,10,12,14,14,14,10,14,12,14,12,11,10,12,13,10,10,11,14,14,12,14,11,11,13,11,13,11,11,14,10,12,10
11,11,11,12,11,10,14,12,0,14,12,14,10,14,10,10,12,10,12,12,14,14,11,11,13,11,10,12,10,14,12,12,14,14,10,13,11,12,13,13,10,10,12,13,12,12,10,14,11,13,13,11,12,12,13,11,10,10,12,10,10,13,13,12,11,14,10,10,13,11,13,10,11,13,12
14,11,12,14,10,11,11,10,12,0,10,11,10,11,11,14,13,11,14,12,13,12,11,14,12,12,12,14,10,14,14,12,14,13,10,13,14,12,10,11,14,13,12,10,12,14,13,13,14,14,13,12,11,14,10,10,12,12,10,11,13,11,11,11,13,12,12,11,10,12,14,11,10,12,12
14,14,11,12,12,13,13,10,10,11,0,12,11,14,13,10,11,11,12,14,13,13,12,10,12,14,12,12,13,11,14,11,11,13,11,10,10,11,10,12,12,14,11,10,10,11,10,12,13,10,11,13,14,11,13,14,11,13,13,12,14,11,10,13,10,14,10,12,13,12,14,10,11,14,11
14,11,11,10,11,14,10,13,13,10,11,0,12,14,14,11,14,12,12,13,12,11,14,12,14,11,10,13,13,11,10,10,11,14,10,14,12,10,13,12,13,14,13,12,13,14,11,10,12,12,13,12,13,13,11,14,10,14,12,14,10,10,11,12,13,14,10,13,14,10,13,13,14,14,10
12,13,12,13,10,14,10,10,11,12,12,12,0,13,12,10,14,13,13,13,12,12,13,10,13,13,14,13,11,12,13,14,13,14,13,13,11,13,10,11,10,10,10,14,14,10,12,12,10,13,10,10,10,10,11,12,14,12,13,10,11,10,13,12,13,13,14,13,14,13,13,11,12,11,13
12,11,14,10,13,11,11,12,12,12,13,13,12,0,12,10,14,14,10,10,10,14,11,13,11,11,10,14,12,12,14,13,12,14,12,13,11,14,11,14,13,14,12,11,14,10,14,12,10,14,13,14,11,12,11,13,11,13,13,14,13,12,14,10,12,13,10,14,10,13,14,10,12,10,11
10,12,14,13,10,11,13,13,12,13,14,12,10,13,0,13,12,12,11,11,10,11,14,11,13,10,14,10,11,11,10,13,12,10,10,10,11,11,10,12,13,10,13,12,12,13,11,10,11,11,11,11,13,10,10,14,11,10,11,12,11,11,11,11,11,14,12,11,14,12,12,10,12,13,13
10,13,12,14,10,14,13,14,14,10,14,14,12,10,10,0,14,10,14,12,11,12,13,11,10,12,11,10,11,13,14,10,14,14,11,14,11,13,11,11,12,12,11,11,10,12,14,14,10,13,13,11,10,14,12,11,11,11,12,11,13,14,12,11,10,10,14,10,10,11,14,10,14,13,14
13,10,12,10,12,12,11,14,13,14,12,14,10,12,10,13,0,10,11,14,12,13,10,10,10,10,13,14,14,14,14,13,12,12,14,13,11,13,10,14,13,12,14,14,11,12,10,14,12,10,13,14,13,14,10,11,13,14,11,10,14,13,11,14,14,10,14,11,10,13,13,14,14,12,11
14,13,10,13,13,14,13,11,14,11,14,14,13,11,13,10,12,0,12,10,14,10,11,14,10,11,13,14,13,14,11,13,14,11,12,10,12,12,10,13,10,11,11,12,13,14,11,10,14,12,13,11,12,14,12,10,13,14,10,12,14,10,14,12,12,12,10,12,10,11,11,12,11,13,14
13,14,13,11,11,10,12,14,11,11,14,11,10,14,12,12,13,12,0,13,13,10,11,13,14,10,14,13,14,13,11,10,10,13,14,13,11,10,12,14,12,12,11,13,11,12,11,14,13,13,14,12,10,13,14,14,12,10,13,11,11,12,12,10,14,10,14,13,11,10,10,11,10,12,10
11,13,13,12,12,14,14,14,11,14,13,10,11,13,10,11,10,11,11,0,12,10,10,11,13,11,12,12,13,13,13,12,12,12,12,13,10,13,13,11,11,12,12,11,10,11,14,13,14,10,13,14,10,14,10,10,11,12,10,11,14,11,11,10,13,12,11,13,13,10,10,12,12,10,14
10,12,13,11,11,11,14,13,12,14,13,11,12,12,12,12,12,13,12,12,0,10,10,11,13,12,10,11,14,14,10,10,12,10,14,14,12,12,11,13,14,14,13,14,10,14,10,13,10,11,12,12,14,10,12,14,14,10,10,13,11,14,10,13,11,14,11,11,12,12,10,14,10,10,12
13,12,11,10,13,11,11,11,12,11,13,11,11,12,10,10,11,11,13,11,14,0,13,14,13,11,13,14,10,12,11,12,11,13,12,14,11,13,10,12,11,10,13,12,12,12,13,14,13,12,12,13,13,12,13,12,14,13,13,14,14,11,10,13,11,13,11,12,14,13,13,12,11,14,11
11,11,10,12,10,13,14,10,13,14,12,14,13,14,14,14,13,14,10,12,14,14,0,10,10,13,10,10,14,10,13,10,11,13,11,12,11,14,10,12,10,10,11,12,13,14,14,13,12,14,13,10,12,10,12,11,12,11,14,13,14,13,14,10,10,14,10,10,12,12,13,10,12,12,10
11,13,11,11,11,14,12,12,14,12,13,13,10,11,10,14,10,14,12,13,12,10,11,0,11,14,13,13,10,14,11,12,12,14,10,10,12,10,14,12,14,11,10,14,12,12,11,14,13,11,13,12,10,10,14,12,11,12,10,12,13,10,12,13,13,14,10,13,10,11,13,13,10,11,12
11,12,10,13,14,13,13,14,13,11,14,11,11,10,13,13,14,10,12,14,13,14,12,11,0,13,11,12,14,12,13,14,11,14,13,12,10,10,14,10,14,14,11,13,11,14,12,14,12,11,12,13,13,13,12,14,11,10,14,14,12,10,13,12,10,12,12,12,13,13,13,13,10,14,13
10,12,11,10,12,10,11,10,13,14,10,11,13,12,13,10,14,11,14,12,13,10,14,12,14,0,12,14,11,14,13,14,13,13,10,12,11,10,14,11,13,10,10,10,12,14,11,13,10,14,12,13,11,10,12,14,14,12,13,11,10,11,10,10,14,14,12,12,13,14,12,10,10,14,10
11,13,14,11,13,13,13,14,11,12,14,13,12,11,10,12,14,11,13,11,12,10,14,11,12,12,0,13,10,10,12,11,12,12,14,10,10,14,11,10,13,11,12,14,13,14,11,14,11,12,12,13,14,12,12,13,11,14,13,13,10,14,13,13,14,10,11,10,12,10,10,13,12,11,14
14,10,10,10,11,11,12,11,12,13,14,12,10,14,11,13,10,10,12,14,13,13,13,14,13,12,10,0,12,10,12,13,10,13,12,12,12,10,14,12,12,13,12,10,14,10,13,11,11,10,12,14,13,10,11,11,11,11,10,12,13,10,10,10,10,10,14,14,12,11,14,12,11,12,14
11,10,13,14,14,14,11,13,11,13,12,10,14,11,11,11,10,10,12,14,11,12,11,14,14,11,14,13,0,10,11,14,12,10,11,14,10,12,12,11,12,11,11,14,12,13,14,14,12,11,14,13,12,14,13,12,14,13,14,14,13,10,12,13,14,14,14,10,13,11,10,13,12,13,10
12,14,13,14,11,10,11,11,12,10,12,11,13,11,13,10,11,13,13,12,11,14,13,14,12,13,13,11,10,0,10,11,10,13,14,11,13,10,14,12,14,12,14,10,13,11,12,11,14,14,11,14,10,14,11,13,12,11,13,11,13,11,14,10,12,14,12,13,14,14,10,14,12,10,13
10,11,14,10,13,10,11,14,11,14,11,10,10,12,10,13,11,12,12,14,13,12,13,13,13,14,14,12,14,14,0,11,11,14,11,10,11,13,11,14,11,11,11,12,10,10,13,11,10,13,11,13,12,10,11,10,12,13,10,11,14,10,14,10,12,13,14,11,14,11,13,14,10,12,10
13,11,10,13,12,10,12,13,13,13,10,13,11,13,10,13,13,13,14,10,10,12,10,10,11,11,11,11,14,10,11,0,13,10,14,12,13,12,14,13,11,11,12,10,12,11,10,13,13,14,13,14,11,10,11,14,11,10,10,11,10,13,11,14,12,11,12,13,11,10,11,11,13,14,13
14,13,11,13,13,11,12,13,12,11,10,14,12,13,10,11,12,12,13,12,12,14,12,13,10,14,11,12,12,12,11,10,0,12,11,12,10,10,11,11,14,13,14,13,13,12,12,14,14,10,13,14,13,10,11,10,14,11,13,13,13,14,10,11,10,14,10,12,11,11,14,11,10,10,14
14,13,11,13,11,12,10,11,11,13,13,13,10,10,10,12,14,12,13,13,14,12,13,13,14,11,14,13,13,11,12,13,13,0,11,12,12,13,12,11,10,13,13,13,12,11,11,10,11,10,14,14,14,12,12,14,11,14,12,14,14,13,12,13,10,11,10,14,13,13,12,13,12,10,12
14,11,14,11,12,13,11,12,12,14,11,12,10,11,11,10,13,11,12,12,12,11,14,13,11,11,11,11,13,12,10,12,14,10,0,12,12,12,13,10,11,12,10,14,14,13,13,14,12,11,13,14,12,14,12,14,12,11,10,10,10,11,10,14,14,14,13,13,14,13,14,12,10,11,11
10,12,11,10,14,12,11,13,14,10,13,12,13,11,11,14,11,11,13,14,14,12,11,10,14,10,14,10,14,12,10,14,11,12,12,0,12,10,10,11,12,13,13,11,13,10,11,14,11,12,13,12,10,12,11,11,13,10,11,10,13,13,11,14,11,14,14,11,10,14,14,14,10,10,10
10,11,10,12,14,13,10,13,12,10,10,14,11,14,11,14,11,14,14,12,14,12,13,14,14,11,14,14,11,13,14,12,10,11,10,10,0,12,12,12,12,13,10,13,13,11,10,12,12,14,10,12,10,10,13,11,13,13,11,13,12,14,11,11,14,10,13,14,10,13,11,12,13,11,12
14,13,14,14,13,13,13,11,10,11,11,14,11,11,14,12,11,10,14,14,12,12,13,13,12,13,10,12,13,13,13,13,13,12,14,12,13,0,13,13,14,14,12,11,14,12,11,11,12,10,11,14,11,14,12,10,11,14,10,11,14,13,11,13,11,13,13,11,13,12,11,13,13,12,14
10,14,11,14,11,11,11,12,11,12,13,11,13,10,12,12,12,12,11,13,11,12,14,14,11,14,10,13,14,13,12,10,14,10,12,10,10,10,0,14,10,13,10,10,11,13,11,14,10,11,10,13,10,12,13,13,12,10,12,12,11,11,13,13,12,14,13,12,13,13,11,11,12,13,11
10,10,12,12,10,10,10,14,11,14,14,11,13,10,11,14,14,13,13,12,13,10,12,12,11,14,13,10,12,14,14,11,12,11,12,12,10,13,11,0,12,11,12,11,13,12,12,10,11,11,13,12,12,14,10,12,10,12,14,10,11,11,14,12,12,14,13,14,12,12,13,14,11,12,10
11,11,13,13,14,14,14,11,13,13,11,11,12,11,13,12,10,10,12,14,10,12,10,13,14,14,13,13,13,13,13,11,10,13,13,10,11,14,10,11,0,11,10,10,13,11,13,10,12,13,10,13,14,14,12,10,14,11,10,14,10,10,11,12,10,10,10,11,14,13,12,10,11,10,10
12,14,11,12,12,10,14,11,14,13,14,14,12,12,12,14,14,11,14,14,11,10,12,14,12,10,12,10,14,10,14,12,14,13,14,10,12,14,12,13,11,0,14,11,14,10,10,13,13,12,13,13,14,11,10,14,12,12,12,14,11,13,13,11,13,13,12,14,13,13,11,11,10,13,10
13,11,13,13,13,11,12,13,13,10,12,10,10,13,14,12,13,10,10,10,10,13,12,12,10,13,11,14,10,10,12,13,10,10,12,12,13,14,13,12,14,14,0,14,10,11,13,11,11,13,10,12,10,14,12,10,10,13,10,12,10,10,12,13,12,13,14,14,14,11,12,13,14,12,13
11,10,13,12,11,11,11,14,11,14,12,11,13,12,10,11,13,12,11,13,11,12,10,11,12,11,14,12,14,11,12,13,13,11,11,10,11,11,13,11,13,10,11,0,14,14,12,10,11,14,10,13,10,13,14,11,13,14,12,14,10,11,14,10,14,12,14,12,12,11,10,10,12,13,14
14,10,11,11,11,10,10,13,13,14,13,11,10,14,14,13,10,13,12,13,14,14,10,11,12,10,14,13,10,14,14,11,11,13,14,11,12,13,11,14,14,13,10,11,0,11,10,14,13,12,12,14,11,10,10,14,14,10,14,14,10,10,11,12,14,14,12,10,11,14,12,11,12,12,12
14,11,13,13,10,12,11,11,11,12,14,13,11,11,13,14,11,12,14,10,13,12,10,11,12,14,10,12,13,14,11,11,13,12,10,13,10,11,13,12,14,14,10,10,14,0,11,10,13,13,10,11,13,13,12,13,12,10,12,11,11,11,13,13,11,11,13,14,13,11,14,13,14,13,11
10,14,11,10,12,11,13,11,13,13,13,12,13,11,13,12,13,13,10,12,10,10,11,13,14,11,11,11,12,13,11,11,10,11,12,14,10,10,14,14,13,14,10,14,13,13,0,14,13,10,13,11,10,14,11,11,14,13,13,11,11,14,11,14,14,12,12,12,11,13,14,12,12,14,10
13,10,10,11,10,10,11,13,11,13,12,11,12,13,14,12,10,12,13,12,10,12,14,10,12,11,10,13,14,10,11,13,10,13,12,10,14,11,12,10,10,11,14,11,12,11,14,0,14,11,11,13,14,14,11,10,11,11,10,13,14,14,13,13,11,12,13,10,13,10,14,13,13,14,12
12,13,12,13,12,11,11,11,11,12,11,11,14,13,12,11,14,13,13,13,10,11,13,13,14,14,10,11,13,12,13,14,10,11,13,12,14,12,13,11,12,13,11,10,14,10,14,11,0,10,14,14,14,10,10,11,11,10,14,14,13,11,14,13,13,14,11,11,12,10,10,12,12,10,11
11,12,14,12,13,13,14,13,10,13,13,14,14,14,14,12,11,14,13,14,10,12,14,13,11,12,14,11,11,14,12,12,13,13,14,14,11,12,11,10,13,12,14,10,10,10,12,12,13,0,12,14,12,13,10,11,13,13,11,11,10,13,13,12,11,10,11,10,10,14,10,11,14,13,12
11,12,13,14,12,10,10,12,12,13,10,10,13,12,12,11,10,14,11,10,11,14,10,12,14,14,14,12,13,13,11,10,14,10,14,13,14,13,13,10,10,11,10,13,10,10,12,13,13,12,0,14,11,12,13,11,11,12,10,10,13,11,13,14,14,12,10,10,13,13,13,11,12,11,10
14,10,13,11,12,13,12,11,13,10,13,10,12,11,14,12,11,14,13,10,14,12,12,11,10,10,14,14,10,14,10,12,14,12,13,10,12,10,13,11,11,14,14,13,10,12,13,14,13,10,12,0,12,13,10,10,11,12,12,11,11,13,13,11,14,10,11,10,14,12,13,14,10,10,12
14,10,13,14,10,13,11,10,10,14,12,12,14,14,11,11,13,10,14,11,12,13,12,10,13,14,11,13,12,10,10,11,12,11,11,10,13,13,11,12,10,13,12,11,12,12,12,10,12,10,10,14,0,11,13,14,11,12,13,10,11,12,13,12,14,14,10,10,12,13,11,13,14,14,12
11,13,10,10,13,10,11,10,11,11,10,11,10,13,11,14,12,14,12,14,10,11,10,12,12,11,12,14,12,10,12,10,14,14,12,10,10,11,10,14,14,11,12,11,14,12,14,11,11,13,13,13,12,0,14,11,14,13,12,13,11,13,12,13,10,14,10,11,11,10,11,13,11,14,12
10,13,14,14,13,10,12,10,13,13,11,13,12,10,12,12,12,13,13,14,11,12,13,11,11,14,10,12,10,10,14,12,13,14,14,13,14,13,14,12,13,13,14,14,13,10,12,11,14,13,13,10,12,10,0,11,13,10,12,12,13,10,14,14,12,14,14,14,12,10,13,12,13,14,10
10,12,12,14,13,10,12,13,13,12,11,14,14,13,13,11,13,12,10,10,12,13,13,11,10,14,11,14,10,10,10,14,10,11,14,13,10,10,14,11,11,11,11,11,11,14,14,10,14,14,10,10,13,14,13,0,12,13,10,14,14,14,12,12,13,12,11,14,13,14,14,10,12,12,13
13,10,12,12,10,10,14,10,10,11,14,14,11,11,13,12,14,14,11,10,12,14,13,13,14,14,10,11,11,14,13,13,13,14,10,12,14,11,10,13,14,14,12,11,13,12,10,12,14,12,14,10,11,12,11,14,0,12,14,12,11,10,13,13,10,12,11,11,12,10,10,12,13,14,12
10,12,11,11,14,11,14,12,11,14,10,12,12,10,12,11,10,10,13,13,13,11,10,12,14,12,10,12,12,14,14,11,11,13,12,13,13,10,14,11,12,13,12,14,14,14,14,11,10,14,10,11,14,11,14,14,12,0,13,12,12,10,11,10,11,14,13,11,13,13,13,12,14,10,12
11,14,13,11,12,14,13,14,11,12,13,13,11,14,13,12,11,14,12,12,10,10,12,10,14,10,12,10,13,11,11,11,11,11,14,14,10,10,11,13,13,11,10,12,12,11,12,11,14,10,11,13,11,12,12,11,11,13,0,11,11,11,12,11,14,10,12,11,14,10,13,12,10,13,14
14,14,14,14,12,13,13,11,10,13,10,13,14,13,14,13,12,11,14,14,11,11,14,10,12,10,14,12,11,10,12,11,10,11,13,13,11,11,11,13,13,10,11,13,14,11,13,13,10,12,11,10,11,14,12,12,14,14,12,0,12,13,11,14,10,10,13,13,12,14,11,11,10,10,11
10,11,14,11,10,10,11,11,11,14,14,12,14,11,14,10,13,11,14,13,14,12,11,11,13,10,13,10,13,14,10,10,14,10,13,11,13,13,14,11,10,12,14,14,10,12,14,12,13,14,12,10,11,11,11,13,10,12,13,14,0,12,10,12,12,14,14,12,14,13,12,12,10,12,12
13,11,12,11,11,10,11,11,12,14,12,10,13,12,13,14,11,11,14,14,14,14,10,12,10,10,10,10,14,10,11,11,12,13,13,10,11,13,10,13,13,10,13,13,10,14,10,14,10,13,11,11,10,12,12,13,11,10,10,10,14,0,11,11,11,12,10,12,14,14,13,12,12,10,11
11,14,11,11,12,11,14,10,14,10,14,10,10,14,11,14,14,10,13,10,13,11,14,11,10,14,11,11,10,12,11,13,11,14,11,13,12,14,13,14,11,13,12,11,12,11,10,12,13,14,14,12,14,10,12,14,10,10,11,12,14,13,0,10,12,14,10,14,11,13,13,12,14,12,14
13,14,14,12,13,13,13,13,12,10,13,13,14,11,11,11,13,11,13,10,14,12,13,10,12,12,12,14,14,10,12,14,14,14,11,13,10,12,11,12,14,11,10,10,13,10,10,13,14,11,14,10,11,11,14,11,11,14,10,11,11,14,14,0,12,12,14,14,14,10,13,11,11,10,10
11,13,11,13,11,11,11,14,14,13,10,11,12,13,14,14,11,11,11,10,11,14,11,13,12,14,11,10,13,11,10,13,10,11,10,11,10,13,13,14,14,12,14,11,11,11,12,10,10,10,11,10,14,14,14,11,11,13,10,11,10,10,10,13,0,12,11,11,11,12,13,14,13,12,12
10,14,14,10,11,11,12,10,10,12,10,14,14,11,11,13,10,11,12,11,13,13,11,11,13,14,10,11,13,11,11,12,12,11,13,10,12,10,11,14,14,14,10,13,12,13,12,10,14,14,12,12,11,11,13,12,12,12,12,11,10,11,12,13,11,0,12,12,12,12,10,11,10,10,13
12,13,13,12,13,14,12,10,11,13,14,13,11,10,12,11,12,14,12,10,13,12,12,11,11,10,10,10,12,13,13,12,12,12,14,10,13,10,14,12,14,10,10,13,14,12,11,11,14,10,13,11,12,14,14,14,11,11,11,13,14,12,12,12,14,11,0,11,13,11,12,12,12,10,14
11,12,12,13,12,13,13,14,10,12,10,11,14,12,13,14,13,11,13,10,13,11,13,12,14,12,10,12,14,12,12,10,11,12,13,12,11,12,14,12,10,10,12,10,11,12,11,14,10,11,13,10,13,14,11,14,14,10,14,14,12,10,14,13,14,10,10,0,12,13,11,13,11,12,11
10,13,14,13,10,11,10,11,12,13,13,11,11,11,11,14,12,11,13,10,14,14,11,14,10,11,12,14,11,14,13,12,13,12,14,13,14,11,14,13,13,11,13,10,14,12,13,13,10,13,13,11,13,11,11,10,11,10,12,14,13,11,14,13,14,11,12,13,0,12,13,14,11,12,14
12,13,11,10,14,13,12,14,14,12,10,12,13,12,11,14,11,13,13,14,14,11,11,14,11,13,14,14,10,12,13,11,13,13,14,13,13,11,11,14,11,14,12,12,12,12,12,10,12,13,12,11,12,12,10,10,11,12,14,11,13,13,13,12,13,13,13,10,13,0,12,10,14,12,14
13,10,14,14,11,13,10,14,12,12,14,12,13,10,13,13,12,11,12,10,10,13,10,10,13,13,14,12,12,14,13,12,13,13,14,14,10,11,10,10,10,14,10,11,12,11,10,12,11,14,10,13,12,12,13,14,14,14,11,12,14,13,12,12,14,12,13,10,11,13,0,12,10,11,11
10,11,12,14,12,12,13,12,10,12,13,14,14,11,14,14,10,10,10,12,11,11,11,13,11,14,12,14,11,13,12,10,11,11,12,12,12,10,11,13,13,12,13,10,13,14,12,12,11,11,13,11,14,14,14,13,14,14,12,13,10,14,10,11,14,13,13,13,14,11,12,0,14,13,12
13,14,12,11,14,12,11,14,13,14,10,10,10,12,11,13,13,12,12,13,13,14,11,11,10,10,11,14,13,14,13,13,12,12,10,10,11,12,10,10,11,10,10,10,11,14,12,10,12,10,13,14,12,10,13,13,13,11,11,13,11,12,11,14,11,11,12,13,12,10,12,10,0,12,12
12,13,13,10,14,10,12,10,12,12,10,13,11,12,13,11,12,14,11,11,13,14,13,11,14,10,12,14,13,11,13,13,12,14,12,10,14,12,11,10,11,10,14,14,14,12,10,14,14,10,13,12,14,11,13,12,14,12,10,14,13,12,12,11,13,11,11,11,14,13,11,14,13,0,10
10,12,14,14,11,12,14,12,10,12,12,11,14,10,10,14,11,12,12,11,12,13,13,13,10,13,10,14,14,10,13,13,13,13,11,10,13,14,11,13,10,10,12,14,13,12,11,11,10,10,12,14,12,12,12,11,14,11,13,13,12,10,12,14,14,13,12,10,14,10,11,11,10,14,0
