R=75
Pi=(14,14,10,14,12,14,19,19,10,15,19,14,18,11,12,16,16,15,19,17,10,10,15,11,15,13,16,12,10,13,15,18,19,12,17,11,14,15,18,10,14,12,12,12,16,17,13,15,10,14,14,17,11,13,19,13,19,18,18,19,17,16,19,17,10,10,15,16,13,11,11,11,16,18,13)
A=
1,2,57
2,3,0
3,4,0
5,6,0
6,7,0
14,15,0
15,16,54
17,18,46
18,19,0
20,21,0
21,22,0
23,24,54
24,25,0
25,26,46
26,27,0
27,29,58
29,32,56
34,35,0
35,36,0
39,40,49
41,42,52
42,43,0
43,44,47
44,45,0
45,46,0
46,47,58
47,48,58
50,52,0
55,57,44
57,59,42
62,64,45
65,67,0
66,68,49
68,70,40
69,71,40
71,73,0
72,74,43
Sij=
0,6,7,6,6,8,9,8,9,9,6,5,7,6,8,7,6,7,5,5,5,8,8,7,8,7,7,8,9,9,5,8,7,8,7,9,6,9,9,8,6,7,7,6,5,5,9,9,8,8,8,6,5,7,9,7,8,5,8,8,6,6,8,5,9,7,8,8,8,9,5,6,8,6,8
7,0,5,7,6,7,8,7,9,6,5,9,7,9,9,5,6,6,6,5,6,5,8,7,6,7,7,5,6,9,7,6,7,8,9,6,7,5,9,6,9,9,6,7,9,5,5,9,9,8,7,9,5,7,9,7,8,8,5,9,5,8,5,5,8,8,6,9,9,7,8,5,7,9,6
7,9,0,6,7,6,7,7,6,8,7,8,6,5,9,6,7,8,5,9,5,6,8,5,9,6,8,6,9,6,5,6,6,5,5,7,8,7,5,8,6,7,6,7,8,9,7,5,9,7,9,9,5,7,9,9,8,8,7,5,8,6,8,9,8,6,6,5,9,6,8,5,8,7,8
8,9,6,0,7,9,9,8,6,6,7,5,5,9,6,6,8,9,5,9,5,9,8,7,9,6,7,7,5,8,8,9,6,7,8,6,9,7,6,7,6,9,5,7,7,7,5,7,8,8,8,9,9,8,7,8,9,7,6,5,6,7,8,8,7,7,9,7,5,5,7,5,7,8,8
5,9,6,9,0,7,6,5,8,6,9,9,5,7,5,5,7,6,5,5,5,9,5,7,9,5,7,7,6,8,6,8,6,6,9,6,8,7,8,9,8,6,8,6,8,8,7,6,7,5,7,5,9,7,7,9,5,7,7,9,9,9,8,5,5,6,7,9,8,9,6,5,8,6,6
9,5,9,8,6,0,7,5,5,6,5,5,8,9,8,5,6,6,9,8,9,9,8,8,5,7,5,7,8,7,8,7,7,8,5,8,8,5,8,5,6,9,9,6,9,5,8,7,5,7,8,5,5,9,6,7,6,6,8,6,5,5,6,7,8,7,8,9,9,5,6,5,7,9,7
5,5,6,8,5,9,0,7,7,5,9,8,7,7,6,8,7,7,6,7,5,6,7,6,8,7,6,8,8,9,6,7,7,6,7,6,6,9,7,8,7,7,7,5,7,5,9,5,8,6,8,9,8,5,8,5,7,9,8,6,8,5,9,7,9,6,5,6,5,9,6,7,9,8,5
7,8,6,8,7,7,6,0,9,6,6,6,9,6,7,6,9,7,6,6,9,6,8,5,5,6,9,7,5,8,9,6,5,5,5,6,6,5,5,5,8,7,6,7,6,8,7,9,9,8,5,9,5,8,8,9,8,8,6,7,8,5,6,6,7,5,6,9,6,5,9,9,6,6,7
7,5,5,8,7,8,5,7,0,6,8,5,5,6,6,5,7,7,9,8,7,8,6,9,5,5,6,8,7,9,8,6,7,9,5,5,9,8,5,8,8,7,7,9,8,7,5,9,7,5,7,7,9,8,9,8,6,5,5,7,6,5,8,8,7,7,7,5,6,5,6,9,7,6,9
9,6,6,6,8,5,6,5,6,0,7,6,6,8,5,6,9,8,8,7,6,7,9,9,6,5,9,9,8,7,9,7,9,8,8,9,7,9,9,7,7,9,5,6,5,5,5,8,5,9,5,7,6,5,9,7,5,6,9,5,8,6,7,7,7,9,7,7,5,5,8,9,9,6,5
7,7,8,8,5,5,6,8,9,6,0,6,6,8,9,6,9,6,9,8,8,5,6,7,8,6,8,8,8,9,5,6,7,5,5,6,9,7,8,8,5,7,7,8,6,6,8,8,7,8,6,7,9,6,7,9,5,9,9,6,7,6,7,9,9,5,8,5,8,8,7,7,8,6,8
6,7,8,6,6,8,9,5,5,8,7,0,6,6,8,5,6,5,7,6,6,8,9,8,9,6,7,7,5,9,5,9,9,8,7,6,7,6,8,8,8,7,5,7,6,6,8,6,7,7,6,7,9,6,9,9,6,9,9,5,9,6,9,6,9,8,8,7,8,6,8,9,6,9,8
8,8,7,7,7,7,5,9,8,7,8,9,0,7,8,8,5,7,7,8,8,7,8,9,7,7,8,6,8,6,8,7,5,5,8,6,6,8,6,6,8,8,6,5,8,5,9,5,8,5,6,5,6,8,5,5,9,8,9,5,9,5,7,8,9,5,8,8,9,7,6,6,6,6,5
5,5,8,5,7,8,8,7,7,9,7,5,6,0,5,7,6,7,8,6,7,7,5,7,5,8,6,5,5,6,8,9,9,5,8,9,5,6,8,7,7,5,8,5,8,7,9,6,8,6,6,9,7,5,8,7,5,7,7,7,5,7,7,5,8,9,8,5,8,5,7,9,9,6,8
6,8,5,9,8,9,5,7,9,5,9,7,8,7,0,5,9,7,9,6,6,9,8,8,6,8,9,8,8,7,8,6,5,5,6,6,9,9,8,9,7,5,5,8,5,9,7,9,8,8,6,5,5,7,9,9,8,5,8,5,9,5,6,9,5,9,9,6,7,5,5,9,8,5,8
6,9,9,7,6,6,9,5,5,6,7,5,7,6,7,0,8,9,6,8,9,7,8,6,7,6,5,6,7,8,7,6,7,5,9,8,5,8,7,6,9,9,5,6,8,8,8,6,5,5,6,6,8,5,5,6,7,8,7,6,6,5,7,7,7,9,5,5,8,7,6,9,6,9,9
9,7,7,7,9,7,8,6,7,6,5,8,7,9,7,6,0,7,5,5,5,8,7,7,8,9,7,8,8,7,8,6,9,8,5,5,9,5,5,8,9,7,9,5,5,7,5,8,5,5,6,9,9,5,8,5,7,9,8,8,6,9,5,8,8,9,6,9,6,9,7,5,6,7,6
7,9,7,6,6,8,9,7,7,6,8,7,8,9,5,7,5,0,6,6,6,5,7,5,6,6,6,5,6,6,7,5,7,6,9,6,5,5,7,7,9,7,6,7,7,5,6,7,9,6,6,7,8,9,6,6,9,9,5,5,5,8,7,6,5,5,5,6,9,8,9,7,7,9,7
8,9,5,8,5,9,9,5,5,9,5,6,8,5,8,6,6,9,0,6,7,6,5,9,7,6,5,5,7,6,6,8,9,9,7,7,7,9,5,9,5,6,7,6,6,9,8,7,6,6,6,8,7,5,7,6,7,9,8,7,5,9,6,9,8,5,5,7,5,7,6,7,5,9,6
5,8,9,7,7,7,7,9,6,9,8,6,8,6,6,5,7,5,8,0,9,6,9,8,7,5,9,5,6,8,5,8,7,7,9,6,7,8,6,5,9,7,5,9,9,5,9,6,5,9,7,8,6,7,5,9,6,9,6,6,7,6,5,5,6,5,5,9,9,5,8,6,5,9,8
6,6,5,8,7,6,7,9,7,6,6,7,9,6,5,5,7,7,5,7,0,7,7,9,8,8,9,5,7,5,6,5,8,6,8,9,8,5,5,9,5,5,7,8,9,5,8,6,7,9,9,5,9,5,6,6,9,6,7,5,7,6,5,9,6,5,8,5,5,7,6,9,7,7,9
7,5,8,5,8,5,8,8,8,6,5,6,8,5,7,9,7,8,5,6,9,0,9,8,7,8,7,8,5,9,7,9,8,6,5,8,6,5,5,8,9,8,8,6,7,5,8,9,5,8,8,9,5,6,6,5,8,7,6,7,5,6,7,8,6,6,7,5,7,6,6,8,6,9,5
7,5,7,5,6,9,7,8,7,6,7,9,6,5,9,5,8,9,8,8,8,6,0,9,5,6,8,8,7,8,6,9,8,5,5,8,5,5,6,9,7,8,8,5,7,8,7,5,5,8,5,7,9,7,6,7,6,6,6,9,8,5,9,9,5,7,9,8,6,7,9,9,7,9,6
9,9,6,7,7,8,7,8,9,8,9,5,6,8,7,6,8,8,7,6,6,9,8,0,9,5,8,8,9,8,8,5,5,9,5,7,7,5,8,9,5,6,7,5,6,5,7,8,9,8,5,5,6,9,8,5,5,5,6,7,9,5,8,5,5,7,9,5,5,6,9,5,5,9,7
5,9,8,7,8,7,5,9,5,7,7,9,6,5,5,7,7,9,6,9,5,7,6,9,0,8,6,6,8,8,8,9,5,6,6,8,5,6,8,7,9,9,5,7,7,8,8,8,9,9,8,7,6,8,5,7,7,7,8,9,7,6,7,5,6,7,7,7,9,7,9,5,9,6,6
5,9,5,8,6,9,7,7,8,5,6,7,6,6,8,6,8,7,8,5,8,7,5,6,5,0,5,5,8,7,9,7,8,5,6,9,8,7,8,7,5,9,9,8,5,5,5,5,6,5,6,5,8,5,5,8,7,9,9,8,5,8,9,5,8,7,7,6,5,6,5,9,5,5,8
6,8,8,9,5,9,5,9,8,5,8,9,7,5,8,7,9,7,9,6,6,5,9,5,8,8,0,8,9,5,5,6,5,7,7,9,9,9,9,8,9,9,9,6,9,9,8,9,6,6,9,5,6,6,9,6,5,9,8,6,7,6,5,8,7,8,8,6,5,5,8,7,9,9,9
6,6,9,5,5,9,8,6,8,5,9,5,8,8,5,8,5,5,8,6,8,9,6,8,5,6,6,0,9,6,8,6,5,7,6,7,5,6,9,8,6,8,9,7,8,7,8,9,7,9,6,8,7,6,7,6,7,5,5,9,9,8,9,5,9,9,9,8,7,6,5,7,5,7,7
8,9,6,8,6,6,6,8,9,9,5,9,9,9,9,9,9,6,9,8,7,8,8,8,8,8,5,7,0,6,8,9,7,9,8,9,7,6,7,9,8,8,9,9,5,8,5,9,8,7,6,5,6,5,8,9,9,5,7,9,7,6,9,6,5,5,7,9,6,5,7,8,7,6,6
5,8,8,7,9,8,9,7,9,5,8,8,6,6,8,5,6,8,8,6,6,9,7,9,5,6,5,8,7,0,5,7,7,9,9,8,6,5,7,8,5,8,9,9,6,7,7,6,8,7,5,5,5,9,9,5,6,5,9,7,8,8,5,9,9,7,5,8,7,7,7,9,9,5,7
8,7,9,6,6,8,9,7,6,7,9,7,8,9,9,6,6,6,5,5,7,8,5,9,8,7,8,8,5,9,0,5,6,9,6,6,7,6,9,8,9,8,5,9,6,5,9,6,8,8,6,6,8,9,5,5,5,7,5,7,9,9,6,7,6,6,8,7,6,8,6,9,6,7,6
6,6,8,8,9,8,5,9,9,8,8,7,7,9,6,6,5,6,6,8,9,7,8,7,9,7,6,5,5,7,6,0,9,5,7,8,8,6,8,6,8,8,5,6,8,8,9,6,8,9,6,6,8,9,8,7,9,8,5,8,7,6,5,9,7,7,8,6,9,6,8,5,6,5,8
5,8,5,5,9,5,5,8,5,8,6,7,9,6,5,9,5,5,5,8,6,8,6,8,5,9,7,6,6,6,6,9,0,8,6,8,8,8,7,6,8,6,7,9,5,6,9,9,5,8,7,7,9,6,6,6,7,7,6,9,5,8,9,7,9,6,6,9,8,8,7,5,7,9,7
7,8,8,5,7,5,9,6,8,9,8,7,8,6,9,6,6,7,7,6,9,7,5,5,8,9,5,6,7,6,6,5,5,0,9,8,8,8,6,9,9,5,6,5,7,5,9,8,7,8,6,6,7,9,7,7,5,7,7,6,7,5,8,9,7,7,8,6,8,7,6,7,9,8,8
5,8,6,8,9,9,6,7,7,5,9,8,5,7,6,8,5,5,9,6,9,6,6,8,9,7,7,9,9,6,9,7,9,6,0,7,9,8,9,7,7,6,7,6,9,7,8,7,9,6,9,6,6,9,6,9,9,6,8,8,7,6,6,7,6,6,7,9,9,5,7,9,5,7,7
5,6,5,7,5,5,9,8,7,5,9,7,7,8,6,8,7,5,5,5,5,9,9,9,8,9,9,8,8,8,5,5,8,6,6,0,8,8,8,7,7,8,8,8,7,6,8,9,6,7,7,5,8,9,7,7,5,6,5,9,5,6,5,9,8,5,8,9,6,6,8,9,9,8,7
6,7,5,7,8,9,9,8,6,6,8,6,5,5,9,5,6,7,8,6,6,7,8,9,7,7,9,8,9,8,7,5,5,6,5,9,0,9,9,7,5,5,8,8,8,9,8,7,8,6,6,7,6,5,7,6,9,8,5,9,5,5,6,8,8,9,8,6,9,5,9,5,7,5,8
5,8,8,5,9,8,9,6,6,8,6,6,5,8,5,6,6,9,9,6,9,9,9,5,8,6,7,8,8,7,5,5,6,6,6,8,5,0,8,6,5,6,9,9,5,6,8,7,8,8,8,8,6,7,8,9,5,9,8,6,7,6,5,7,9,7,6,9,9,6,7,5,7,8,8
5,5,5,8,8,5,9,9,5,9,8,9,8,7,7,5,8,7,6,8,9,5,6,9,8,5,8,8,6,6,7,5,8,8,8,8,5,5,0,9,5,8,7,5,8,6,8,8,7,6,5,8,8,5,9,9,9,9,6,5,7,7,6,7,9,6,7,5,9,8,8,5,7,8,6
9,6,5,7,8,9,7,5,6,5,7,9,9,8,8,8,9,9,5,6,8,7,5,5,6,8,7,8,8,7,9,5,9,9,5,7,9,6,7,0,5,5,6,9,6,6,7,7,7,6,5,9,6,7,7,8,7,6,9,6,5,6,9,7,8,5,6,9,5,8,6,9,8,6,9
6,6,7,8,8,9,5,5,7,8,8,8,8,7,6,7,5,9,5,7,8,5,9,6,5,5,7,7,8,9,5,6,5,7,6,6,5,8,5,6,0,9,6,7,8,5,7,8,6,8,6,5,5,8,8,5,5,6,6,8,8,7,7,6,7,7,6,7,5,6,9,6,7,8,8
7,7,8,6,5,7,7,5,9,7,9,5,8,6,6,5,5,9,9,7,9,7,9,5,6,8,9,7,5,8,9,7,6,9,5,8,7,9,5,5,5,0,6,7,9,7,6,8,6,8,6,8,7,8,6,9,5,7,8,5,6,7,5,5,5,8,7,9,9,5,8,8,6,8,9
6,7,9,5,7,9,5,8,8,9,9,6,9,9,9,5,5,9,9,8,7,5,6,7,5,5,7,9,5,9,8,7,8,9,9,7,6,7,5,6,6,9,0,6,6,6,6,8,9,9,5,8,8,6,5,6,5,6,7,9,7,6,5,8,8,6,6,8,5,9,7,9,7,8,8
6,8,9,5,5,8,7,7,9,9,6,9,6,8,7,9,5,8,7,8,9,6,5,7,5,9,8,8,9,7,6,5,9,7,8,7,6,6,6,5,5,8,6,0,9,7,6,5,5,7,5,6,5,9,5,8,5,8,6,5,6,5,8,8,7,8,6,9,8,9,5,8,9,7,7
8,6,5,6,5,8,9,8,6,9,6,5,5,9,9,8,9,9,6,5,5,6,5,9,5,5,6,6,5,6,7,6,8,7,7,7,5,6,6,6,6,6,7,8,0,5,7,5,5,9,5,6,8,8,6,6,6,5,6,5,9,6,8,7,9,6,9,7,7,6,6,8,7,7,9
8,8,8,6,8,7,5,6,6,9,5,8,8,6,6,5,7,8,5,6,5,8,9,8,7,6,5,7,9,8,7,8,6,8,8,8,8,8,8,8,9,5,6,7,8,0,8,5,5,6,5,8,9,6,5,9,5,9,9,9,6,6,7,6,8,7,7,7,9,8,8,7,8,5,7
7,9,7,6,9,8,5,5,5,8,9,7,6,5,9,7,8,8,9,6,6,6,8,7,5,6,5,5,7,8,8,5,8,9,8,9,7,8,5,5,6,6,7,7,9,5,0,5,7,5,5,9,8,8,9,6,6,6,9,6,8,7,9,7,7,5,8,8,7,7,9,5,5,8,8
5,9,9,5,8,9,5,8,5,6,9,9,6,9,8,6,7,7,6,6,7,6,9,9,7,5,6,8,5,5,5,9,9,5,9,6,7,5,6,6,7,9,9,6,8,5,6,0,9,9,5,6,7,8,6,5,8,5,9,7,7,8,7,8,9,6,5,5,6,9,6,8,6,5,5
9,8,7,7,6,7,8,7,9,9,8,7,5,7,9,6,5,8,8,9,7,9,6,9,9,8,5,5,9,7,6,9,6,8,7,7,5,7,7,5,8,6,8,8,5,8,9,7,0,6,8,5,5,8,6,7,9,7,7,8,8,6,8,7,6,7,8,6,6,5,7,5,8,5,7
5,6,6,7,8,6,8,7,8,5,6,6,6,9,6,7,9,8,9,9,8,5,8,6,6,7,6,8,6,9,8,7,5,6,6,5,7,9,9,7,5,9,9,6,5,6,7,6,9,0,7,7,7,9,5,8,9,7,5,6,6,9,9,6,9,7,9,5,9,8,5,9,9,8,7
9,9,6,6,6,9,9,9,8,8,6,6,8,9,7,6,8,7,8,7,7,5,7,9,9,5,5,8,8,8,7,7,8,7,6,9,8,5,9,6,7,9,5,7,7,5,6,5,6,7,0,7,7,6,6,9,8,6,6,7,5,8,6,6,9,6,8,8,6,8,8,8,7,7,6
5,8,9,5,6,9,9,5,6,6,6,5,6,7,7,7,7,6,8,8,8,5,7,6,6,9,7,9,7,7,9,5,9,9,5,5,9,6,5,7,6,8,9,5,8,5,7,5,8,5,6,0,6,9,9,8,9,6,8,9,7,7,9,7,8,6,6,5,7,7,7,8,6,5,5
7,9,6,6,7,5,7,6,6,7,6,7,5,5,6,5,9,5,6,8,5,6,6,5,8,7,5,9,8,5,7,9,5,8,6,8,8,9,5,9,5,5,7,5,7,9,5,5,6,6,8,7,0,9,7,5,5,8,6,8,5,5,7,7,5,9,6,6,7,8,7,7,5,5,7
7,9,8,5,8,9,6,9,8,7,7,9,5,8,7,6,5,7,5,5,8,7,8,7,5,5,7,7,6,8,8,7,7,7,5,5,7,7,7,8,8,5,8,9,8,9,6,8,5,7,7,5,9,0,9,8,5,6,6,5,7,6,9,7,9,8,9,7,8,7,6,8,7,9,7
6,8,9,8,8,5,9,9,7,9,6,8,8,7,8,5,9,5,7,9,6,9,7,8,6,8,7,8,5,8,8,9,6,6,8,5,5,7,7,9,8,7,6,8,8,5,6,9,5,7,7,8,9,9,0,5,6,5,5,7,5,8,5,8,9,5,6,7,6,8,7,9,6,8,8
6,9,7,9,5,6,6,7,8,7,5,5,5,6,6,7,5,5,5,6,6,7,8,7,7,6,7,9,6,7,8,5,5,6,8,6,8,5,5,6,8,5,7,6,8,5,6,5,5,6,6,8,5,6,7,0,8,5,9,6,8,8,7,6,5,8,9,9,8,8,9,8,9,5,9
8,5,5,7,9,6,5,6,9,9,6,5,5,9,9,9,5,8,8,6,7,6,9,7,7,8,5,7,7,5,8,6,8,6,8,6,8,7,5,9,7,6,7,6,9,8,9,5,9,8,9,9,6,8,7,6,0,6,7,5,5,6,8,8,9,6,9,6,9,6,7,6,7,8,8
8,5,8,7,8,8,9,9,7,9,6,8,5,5,8,6,5,5,7,9,8,9,7,8,5,9,7,5,9,7,6,6,6,7,9,6,7,8,9,6,6,6,5,9,7,8,8,6,5,9,6,6,5,8,5,9,8,0,5,6,8,6,8,5,5,7,9,6,8,5,7,8,6,5,5
7,7,9,8,5,7,5,5,5,5,5,5,6,7,6,5,8,7,7,6,5,8,6,5,6,8,6,5,5,7,5,9,5,9,5,8,9,9,9,9,7,5,8,9,9,7,8,8,6,5,9,6,9,9,5,9,5,9,0,7,7,6,5,9,7,9,6,5,6,7,8,5,8,7,7
8,9,9,6,5,9,9,7,8,5,8,9,9,6,9,6,7,9,7,7,8,7,6,5,5,7,7,6,6,7,9,5,8,7,5,6,9,8,8,8,7,8,6,8,9,5,6,8,7,6,6,5,6,5,9,5,7,9,6,0,7,6,7,5,5,6,7,5,7,5,8,6,8,6,9
9,9,6,7,6,9,6,8,9,5,6,8,9,7,7,9,8,5,7,5,6,9,7,5,7,7,5,9,7,9,9,7,9,7,6,5,9,5,7,6,6,8,8,5,9,7,8,7,9,5,5,5,6,5,7,9,6,5,9,8,0,9,6,5,5,5,9,8,6,6,7,5,7,7,6
9,8,6,7,6,9,9,7,9,7,8,9,6,9,9,6,8,8,5,8,6,9,7,8,9,9,8,6,5,7,5,7,7,5,6,9,8,9,9,9,9,7,7,8,6,6,8,9,7,5,9,7,6,8,9,9,5,8,8,6,5,0,7,6,7,6,6,6,6,8,5,7,9,8,6
9,9,7,8,6,7,6,9,9,5,7,7,6,8,5,6,8,5,5,8,8,7,5,5,6,5,5,7,6,6,7,9,8,5,9,5,7,6,6,5,9,6,8,6,9,8,5,7,5,6,6,6,8,5,7,6,9,7,6,6,7,9,0,8,7,7,8,9,5,9,5,9,6,9,5
8,7,9,8,5,7,9,7,6,9,5,6,6,8,8,8,6,5,5,9,8,9,8,5,9,6,9,9,8,9,7,9,7,8,6,5,7,5,6,8,6,9,8,8,6,6,6,5,7,5,9,9,6,9,6,9,9,8,9,9,8,5,9,0,7,7,6,8,7,7,8,5,5,8,6
8,8,6,9,8,8,9,9,7,7,5,7,7,7,6,7,5,8,6,7,5,6,5,5,5,5,7,9,8,9,5,8,5,5,6,8,7,9,9,5,9,8,8,6,6,5,9,5,6,5,7,6,9,6,5,7,7,5,8,8,5,5,5,7,0,7,6,6,6,6,8,9,6,9,5
7,6,7,9,9,5,6,6,8,8,7,8,9,9,5,9,5,7,5,6,5,8,8,5,8,5,8,7,9,7,5,5,7,8,8,8,9,8,6,8,6,9,7,7,5,8,6,7,6,6,8,7,6,7,5,8,8,7,5,8,7,9,6,5,7,0,6,5,6,5,6,5,6,5,7
9,5,6,6,9,5,9,6,5,7,9,8,9,9,7,5,5,6,8,8,5,7,7,7,9,9,7,5,6,9,6,6,6,9,8,9,7,7,8,5,9,6,8,9,5,8,7,5,8,5,6,8,7,7,6,6,8,9,6,9,7,8,9,5,5,7,0,7,5,6,8,7,8,7,8
8,9,9,8,6,5,7,6,6,5,8,7,8,8,7,6,5,8,5,8,7,5,6,7,8,7,6,6,9,5,7,8,6,9,9,6,7,5,7,5,7,5,7,9,7,8,9,8,7,5,7,9,7,8,5,8,8,6,9,8,9,5,7,6,7,9,6,0,9,9,6,9,5,5,9
6,7,7,7,5,5,8,7,8,8,8,8,5,7,8,5,8,5,5,9,6,6,7,6,6,7,6,9,9,6,5,7,9,7,6,7,5,5,6,9,9,7,6,9,8,9,9,8,6,8,8,8,9,6,8,5,5,6,6,8,8,9,8,7,7,5,9,7,0,5,5,5,7,9,5
9,8,9,8,8,6,8,7,8,5,8,7,7,7,9,6,7,8,9,8,6,5,9,9,6,7,5,6,8,5,7,5,9,8,7,9,5,7,8,9,9,5,6,7,9,5,8,6,8,9,8,7,7,5,9,8,9,5,7,6,6,7,9,7,7,7,7,8,5,0,9,5,5,5,5
8,5,9,6,9,5,8,9,7,8,7,5,8,8,9,8,5,5,5,6,7,7,5,8,5,6,8,9,5,9,8,7,6,7,7,8,8,8,5,6,7,7,9,5,9,6,9,8,9,6,9,9,5,8,7,5,9,5,5,8,6,9,8,8,5,9,9,6,6,5,0,9,6,5,8
9,5,8,5,8,8,7,5,9,9,9,9,7,7,9,6,8,8,7,7,5,8,9,6,5,5,7,7,6,9,6,7,9,7,9,7,7,9,6,7,5,6,9,8,8,6,6,6,7,9,7,6,8,8,7,6,6,6,9,8,6,5,8,5,7,6,9,5,8,7,9,0,9,6,5
6,8,8,5,7,9,8,5,5,7,6,9,9,5,9,8,6,5,9,8,5,5,8,9,6,6,6,6,8,5,5,8,5,8,6,9,7,5,9,5,5,5,9,6,8,7,7,9,6,5,5,8,9,8,9,6,5,9,8,5,8,7,7,5,6,8,9,5,9,5,5,5,0,6,8
7,5,5,7,5,8,8,7,9,8,9,7,8,6,8,9,8,8,6,8,7,7,7,8,9,9,7,6,9,6,9,5,7,5,5,9,6,8,8,5,6,5,7,9,6,9,5,8,7,9,6,6,8,7,6,9,8,6,7,5,6,6,7,8,8,9,9,7,6,9,8,9,5,0,6
6,6,5,7,7,9,9,9,9,5,9,7,6,9,9,5,6,9,5,8,8,5,8,8,6,6,9,7,6,8,5,6,6,6,5,9,9,5,8,7,6,6,7,7,8,5,8,9,8,5,8,9,8,6,7,6,8,6,6,5,9,7,8,6,9,7,6,9,9,9,5,5,5,8,0
