R=75
Pi=(29,21,23,22,28,25,24,24,29,22,21,27,21,26,25,20,22,29,28,24,28,28,23,28,24,26,28,26,27,25,21,25,25,21,24,21,26,28,27,24,26,29,26,21,21,28,20,25,29,22,23,23,24,21,27,20,28,25,27,21,27,28,26,24,20,26,21,29,21,24,23,23,22,23,27)
A=
1,2,41
2,4,0
3,5,53
4,6,0
6,8,0
8,10,0
9,11,0
10,12,56
12,14,0
15,17,44
16,18,0
17,19,0
19,21,0
20,22,0
22,24,52
23,25,0
24,26,43
25,27,0
28,30,55
30,32,47
32,34,0
34,36,49
35,37,58
36,38,0
37,39,0
40,42,52
43,45,49
45,47,0
47,49,0
50,52,49
52,54,41
54,56,0
63,65,49
65,67,51
66,68,46
68,70,42
71,73,49
Sij=
0,11,10,11,14,12,12,14,14,13,14,11,14,11,14,11,13,11,10,13,12,12,14,14,13,12,12,13,10,14,12,10,14,14,13,14,11,14,12,12,10,12,12,12,13,12,13,12,14,13,10,14,10,14,11,14,11,10,12,11,10,14,14,14,11,13,12,10,13,10,10,13,13,12,12
10,0,10,12,10,11,13,14,13,11,13,12,10,14,12,13,12,10,11,11,11,11,12,12,10,14,10,13,14,13,13,11,11,12,12,11,14,14,10,11,12,10,10,13,10,13,12,12,13,14,12,14,11,12,10,11,12,13,11,10,10,10,10,14,12,12,11,13,12,10,14,13,10,10,13
10,10,0,14,11,12,11,13,14,10,11,14,10,13,11,11,14,10,12,14,10,12,10,10,10,13,11,14,14,13,14,14,13,11,14,14,10,13,11,14,13,12,10,10,13,13,12,12,12,11,11,13,10,11,14,10,10,10,14,12,10,12,13,11,10,12,10,13,14,11,11,10,14,13,10
12,11,10,0,12,11,11,13,11,12,11,10,13,12,11,13,14,14,13,14,14,11,14,14,14,10,13,13,13,11,10,10,14,12,11,12,13,14,13,12,10,11,10,10,14,14,14,12,12,11,11,11,12,14,14,14,13,12,11,11,12,13,10,10,12,11,11,10,11,14,14,10,11,10,13
12,10,13,14,0,10,11,10,10,11,14,14,13,10,13,11,13,11,13,12,14,11,10,14,13,13,13,14,11,13,12,10,10,11,10,11,13,10,12,11,14,11,12,14,11,13,12,10,11,14,10,12,12,13,10,11,11,10,10,10,11,12,14,12,14,13,13,11,14,12,13,13,13,12,12
12,14,11,13,10,0,10,12,12,11,12,14,13,11,10,13,14,13,14,11,14,12,12,10,14,12,14,11,11,14,11,12,13,10,10,12,12,10,12,10,10,14,14,12,10,10,10,11,11,10,12,10,13,11,12,10,10,13,11,11,10,14,11,13,10,14,10,13,10,12,10,14,10,14,11
10,12,14,10,14,12,0,12,14,10,11,11,14,12,12,14,12,14,13,10,14,10,12,10,12,10,14,11,11,13,14,13,14,13,10,12,13,11,13,11,14,12,14,10,12,14,10,13,11,10,10,11,10,10,10,11,12,11,11,14,14,10,11,11,10,12,12,10,11,14,11,10,10,11,11
11,10,12,13,13,14,11,0,10,10,13,12,13,14,13,13,14,11,14,14,12,13,11,13,14,14,11,10,11,11,14,14,11,13,13,13,10,14,13,12,14,13,10,11,12,13,14,13,12,12,14,10,11,10,14,13,10,12,13,13,11,14,14,14,10,13,11,10,10,14,13,14,12,11,14
13,13,14,10,11,10,13,13,0,13,11,13,13,10,13,14,13,12,11,10,11,14,13,11,10,14,12,14,12,12,14,10,13,14,11,11,14,10,12,11,12,13,11,11,12,12,10,10,11,10,11,10,13,12,10,10,10,12,14,11,14,11,11,10,14,11,10,13,14,12,10,12,10,10,12
13,13,12,13,13,13,11,12,11,0,10,13,12,11,13,11,10,12,11,10,12,11,11,10,11,11,11,11,10,14,10,13,14,13,14,12,11,12,14,11,12,12,14,14,14,10,14,14,10,13,11,12,11,10,12,11,11,12,10,12,11,11,10,12,10,12,13,14,11,10,14,13,13,10,12
10,11,11,10,11,11,12,11,12,13,0,12,12,14,10,12,11,13,12,11,14,11,11,11,13,12,12,10,12,14,14,13,14,10,12,12,14,14,11,14,10,13,14,13,14,12,14,13,13,13,14,10,10,11,10,11,13,10,13,13,13,11,14,12,13,14,13,12,12,13,12,11,11,12,11
11,12,12,12,10,13,13,12,13,14,13,0,12,12,10,10,13,14,11,13,10,13,14,11,10,14,14,12,10,14,11,12,13,12,14,14,14,10,13,12,14,14,14,10,13,14,12,10,11,11,10,12,10,13,12,13,11,10,12,12,11,11,12,12,12,11,14,14,13,10,11,12,11,14,14
10,13,13,13,10,12,13,10,14,14,13,12,0,10,10,11,12,13,13,10,10,13,12,12,13,11,14,13,12,11,10,12,11,11,13,11,14,13,12,11,10,12,11,13,12,14,14,14,13,12,12,12,14,11,13,10,13,11,10,11,11,13,11,13,14,12,12,11,11,14,11,14,11,11,10
12,12,13,14,13,12,10,14,14,13,12,12,14,0,12,12,12,13,13,10,10,11,11,12,14,10,11,13,12,14,11,13,11,12,11,10,13,10,11,11,13,11,14,11,10,11,14,12,13,13,11,13,11,11,11,13,11,14,13,14,12,14,12,14,13,10,11,10,13,12,14,12,11,11,11
13,11,14,12,12,10,14,14,13,13,13,12,10,10,0,12,13,13,11,12,14,14,13,10,13,14,10,14,13,10,14,14,11,14,14,12,12,11,12,10,13,12,14,13,11,10,13,10,14,11,13,10,10,14,12,12,10,11,11,12,12,11,10,14,14,13,11,12,10,13,10,11,10,10,14
11,14,10,13,12,11,14,10,12,11,13,13,12,11,12,0,12,10,10,10,13,12,12,10,14,12,13,10,10,10,11,11,14,14,10,11,12,10,12,13,10,12,10,13,12,10,14,14,11,13,10,14,11,10,12,11,14,14,10,11,13,11,14,14,10,14,14,14,12,10,14,12,13,11,10
11,11,13,12,13,12,14,14,11,10,12,10,14,12,13,12,0,13,14,11,14,13,12,11,13,12,11,10,11,10,14,12,10,14,10,10,10,10,11,12,13,14,12,13,14,13,14,14,11,14,13,11,13,11,11,11,14,14,10,10,12,12,12,13,12,12,11,10,14,12,12,11,11,11,13
10,11,13,12,14,12,11,14,12,12,12,14,13,12,13,10,10,0,10,10,14,10,11,14,10,11,11,13,10,14,11,11,14,11,13,11,10,10,12,10,12,10,13,10,10,14,13,12,12,11,11,11,10,10,12,12,14,11,12,10,12,13,11,14,10,10,12,12,10,11,12,10,13,10,13
13,12,10,13,11,13,14,11,14,13,10,11,14,14,11,12,13,12,0,11,12,13,14,13,14,14,12,10,12,11,13,11,13,10,12,13,14,13,13,11,12,13,12,12,11,10,14,13,13,14,14,14,12,11,12,14,14,14,11,14,13,13,12,14,10,12,11,10,11,10,11,13,10,11,14
14,11,12,12,13,10,13,11,13,12,13,13,12,13,13,14,10,12,13,0,12,13,10,13,11,13,14,13,12,13,12,10,13,10,11,12,12,12,11,12,13,10,12,14,12,12,13,14,12,13,11,11,11,11,13,10,13,13,10,13,14,11,11,12,10,11,10,12,10,10,10,12,14,10,10
12,11,11,11,14,10,14,10,13,12,11,14,11,12,10,14,14,11,12,12,0,11,13,14,13,10,11,10,14,12,12,13,12,11,11,10,14,12,11,11,13,14,11,12,10,14,12,13,10,14,11,10,11,11,12,13,14,12,12,10,12,14,10,13,11,13,14,13,10,11,11,11,12,14,13
12,10,10,13,14,12,13,10,10,11,12,12,10,13,12,11,12,14,11,14,14,0,14,13,11,12,14,14,12,13,12,14,12,11,12,10,13,13,13,12,12,13,14,10,11,14,10,13,14,12,10,14,12,11,10,14,13,12,14,11,14,13,10,11,12,12,14,10,12,13,14,12,13,11,13
10,10,13,11,12,11,11,14,14,13,13,11,10,11,13,11,11,14,12,13,14,13,0,12,13,14,14,10,10,11,13,12,10,10,13,14,14,14,10,12,10,13,14,10,13,13,10,13,14,14,11,12,13,11,13,14,12,12,10,12,12,11,10,12,11,11,12,11,12,11,14,12,10,12,12
14,14,12,14,14,13,10,10,11,10,10,13,14,12,14,12,12,13,12,14,13,13,11,0,14,11,11,14,11,13,14,13,12,11,14,13,14,14,12,11,13,11,10,13,12,10,12,13,13,13,13,12,14,12,12,13,11,13,12,12,13,14,14,12,11,11,13,12,14,13,14,13,14,12,14
13,13,14,14,14,14,12,10,12,14,12,14,14,13,10,12,10,12,14,13,14,11,13,11,0,10,11,14,13,14,13,10,12,11,13,14,10,11,14,13,13,10,13,11,12,14,12,14,13,14,11,13,11,14,14,14,11,10,13,13,12,14,13,11,14,14,10,12,10,14,10,10,11,14,11
12,11,14,10,12,13,12,11,14,13,14,14,12,12,14,12,10,13,10,10,13,12,12,12,13,0,13,14,14,14,13,11,12,11,13,11,13,11,14,10,10,10,13,13,12,14,10,12,14,11,11,10,12,11,13,12,14,14,11,11,13,13,13,11,10,12,12,12,14,11,10,11,10,12,10
14,10,13,14,13,13,11,14,12,13,13,13,10,13,10,11,14,14,13,12,11,12,11,12,10,11,0,13,12,13,10,10,10,10,11,14,12,11,14,13,13,12,14,10,13,12,13,12,14,14,14,11,11,12,14,13,12,13,10,13,12,10,13,10,12,12,12,13,14,13,12,10,14,11,14
10,12,11,13,10,11,14,13,13,14,13,13,13,10,12,11,14,11,10,10,13,13,13,13,10,10,10,0,13,10,11,13,12,10,12,14,11,10,10,10,11,13,11,10,10,13,14,14,12,11,12,13,14,13,10,11,11,13,13,12,10,11,11,13,11,11,11,13,10,10,11,10,13,10,14
12,12,13,13,14,11,10,12,11,13,13,14,14,14,11,13,13,12,13,10,10,12,12,13,14,12,10,13,0,12,14,11,14,13,14,12,13,13,10,13,11,14,13,14,10,13,11,12,14,13,12,13,13,10,10,13,10,14,14,13,12,10,11,10,12,12,13,10,14,11,12,10,12,13,11
10,11,12,12,10,12,14,11,14,14,11,12,14,13,10,12,14,13,11,10,10,12,13,12,13,14,11,12,12,0,11,12,10,14,13,14,12,12,11,13,10,12,13,11,10,10,14,14,12,14,14,12,11,10,12,11,13,13,10,14,11,11,12,14,13,12,10,12,10,13,13,14,13,10,11
13,11,11,12,11,13,10,14,12,12,13,10,14,12,12,11,14,11,12,12,14,10,14,13,13,10,12,13,13,11,0,14,14,11,14,14,14,12,10,14,10,10,11,14,11,10,11,10,10,13,12,13,12,10,12,11,13,12,13,14,10,11,11,10,11,13,13,14,14,12,12,14,13,12,11
12,12,10,12,12,11,14,11,10,11,12,11,14,13,13,11,12,14,10,13,13,13,11,13,13,11,11,10,12,10,13,0,10,10,13,10,13,12,14,10,12,11,10,11,14,13,11,14,11,11,11,10,10,12,14,13,13,11,12,14,11,14,14,14,10,12,12,11,10,13,14,13,12,13,12
12,13,12,11,14,12,11,10,14,11,14,12,12,11,10,11,12,14,10,13,12,11,10,10,11,11,14,14,12,11,12,13,0,11,10,11,14,11,10,13,11,14,14,10,12,10,10,10,10,14,11,12,13,11,10,10,10,12,11,14,12,12,12,12,12,13,11,11,11,14,11,10,11,11,13
14,13,11,13,10,11,10,13,14,11,14,13,11,11,14,11,11,10,11,10,13,12,12,13,13,14,13,13,11,13,11,11,12,0,13,10,11,14,14,11,12,11,14,12,11,13,10,14,10,11,13,14,10,14,10,14,12,11,13,14,10,13,12,12,11,10,12,10,13,10,13,11,11,13,14
14,14,14,11,14,13,10,13,11,12,13,11,11,11,13,13,10,10,10,10,13,14,11,11,10,10,14,11,10,13,11,13,11,10,0,11,14,12,14,13,10,10,10,10,14,13,14,11,14,14,11,12,10,11,12,10,14,13,13,10,14,13,13,12,12,11,10,14,10,10,13,11,10,12,14
10,13,13,11,13,11,14,10,12,13,11,10,12,13,10,11,11,14,14,14,11,12,12,12,13,12,14,10,13,10,10,11,13,11,12,0,12,11,11,10,13,10,13,10,14,11,10,13,11,10,13,12,12,11,13,12,13,10,10,12,10,12,13,11,11,13,14,12,10,11,13,10,14,13,11
13,13,11,12,11,13,14,13,10,10,13,13,10,14,13,13,11,10,13,14,10,11,12,13,11,12,12,12,10,12,13,12,13,14,14,14,0,12,12,14,14,10,14,13,10,13,14,13,12,12,12,11,14,11,14,10,12,10,12,11,13,10,12,13,13,12,10,14,11,10,13,11,13,10,13
14,11,13,11,10,11,14,10,14,12,10,13,11,14,14,12,14,10,11,11,14,13,10,10,13,12,10,12,12,14,10,13,13,12,14,13,14,0,14,11,10,14,14,12,10,12,14,14,10,12,13,14,11,12,14,14,11,10,13,13,12,11,12,12,10,12,12,14,14,14,10,12,14,13,11
12,14,10,10,12,14,13,14,14,14,14,14,11,14,13,13,12,10,11,14,13,11,12,12,12,10,14,10,11,11,10,14,13,10,12,14,10,10,0,10,13,14,12,12,13,10,13,10,10,11,10,12,12,13,13,12,10,12,12,12,12,14,12,12,13,13,10,10,10,11,13,13,12,10,12
10,11,14,13,11,14,14,14,14,10,14,13,11,14,13,12,12,12,12,13,13,11,14,14,10,10,12,10,13,12,12,14,11,10,13,10,11,14,10,0,13,12,10,13,11,13,10,14,11,12,14,11,10,10,12,13,13,12,14,13,11,11,13,11,11,13,14,11,10,10,12,11,12,12,14
10,13,13,12,10,14,11,10,13,14,11,12,14,14,12,14,13,11,11,14,11,13,13,11,13,14,13,13,10,14,13,13,13,11,11,14,10,10,14,13,0,10,11,10,11,10,11,14,12,13,10,13,10,11,12,12,11,14,11,13,10,10,12,10,13,10,12,14,13,12,12,14,13,11,12
14,10,13,11,10,12,14,11,10,10,11,13,11,10,13,10,14,14,11,13,13,12,10,12,11,13,12,11,14,10,11,10,13,14,13,12,13,12,11,11,11,0,13,11,10,12,12,10,13,14,12,12,10,12,12,14,11,14,11,10,12,14,13,12,10,13,11,14,12,11,11,12,11,12,14
12,14,11,10,14,13,13,13,11,12,13,11,13,10,10,12,12,11,12,14,11,12,11,11,11,11,13,12,12,13,10,10,12,12,14,14,14,13,11,12,14,11,0,11,10,11,11,13,13,12,14,13,10,14,13,12,10,13,10,14,13,10,10,10,13,12,12,14,10,10,10,12,14,10,14
14,10,10,11,14,10,13,14,10,13,14,14,10,13,14,14,11,14,14,13,11,14,10,13,13,14,12,12,12,11,11,14,10,10,13,12,14,11,10,13,10,11,14,0,12,14,12,12,11,10,11,14,13,14,12,12,10,14,12,13,10,13,10,11,14,12,14,14,10,14,12,10,14,13,10
13,10,14,12,14,11,12,10,11,11,11,12,10,12,12,13,12,11,13,10,10,14,14,14,10,14,12,11,11,13,10,10,10,13,14,11,11,11,13,12,13,12,13,14,0,13,14,14,11,13,11,14,14,10,12,10,13,10,10,12,14,13,10,14,13,11,11,11,11,13,10,12,10,12,11
12,13,10,10,11,10,14,10,12,10,13,11,14,12,13,10,11,10,14,14,13,12,13,10,12,12,12,13,13,12,14,13,11,13,10,11,13,10,14,11,10,13,12,13,14,0,10,11,14,12,13,14,11,11,13,13,14,10,10,12,14,12,11,12,14,11,10,14,10,12,11,12,11,11,13
13,14,14,14,10,12,10,13,10,14,13,13,12,12,10,10,11,13,12,10,13,13,11,12,12,14,10,11,12,10,11,13,14,13,14,13,14,10,14,10,13,14,10,12,11,13,0,12,11,10,11,10,14,14,11,14,10,13,11,12,10,11,14,11,14,13,10,13,14,13,11,11,11,13,11
11,14,13,13,11,14,11,13,10,10,10,12,14,13,13,14,10,12,13,13,13,14,12,10,13,10,14,13,13,13,10,13,10,12,10,10,11,14,10,12,14,13,13,10,13,11,11,0,14,11,13,11,13,12,10,12,11,11,12,10,11,14,13,10,12,10,12,11,11,13,12,12,10,12,10
14,10,11,11,11,12,13,10,12,14,12,11,11,10,14,13,13,13,14,13,13,10,13,11,14,11,14,10,11,13,10,10,10,11,10,12,10,10,10,12,12,14,10,10,14,14,10,11,0,11,10,14,13,11,13,12,13,12,10,11,10,12,13,13,14,13,11,11,14,14,12,12,13,13,11
11,14,14,12,11,10,10,13,13,11,14,11,13,11,14,11,10,10,13,10,14,13,10,11,11,12,12,11,11,14,12,10,10,14,12,13,13,14,13,11,14,14,10,12,14,11,13,14,10,0,13,11,12,10,12,12,13,13,12,11,13,12,14,11,13,14,13,11,14,14,11,13,11,11,12
11,10,12,13,12,14,14,12,11,13,13,14,10,13,12,14,14,10,12,14,13,14,12,12,13,10,10,13,10,13,14,10,10,12,10,12,10,10,10,12,13,10,13,13,14,14,13,12,11,14,0,11,12,13,11,13,11,12,10,14,11,13,10,11,12,13,13,13,12,12,10,13,14,10,10
11,13,11,14,12,13,12,13,12,11,12,12,11,14,13,14,14,10,10,14,13,12,13,10,10,11,10,10,14,10,10,12,12,13,10,10,10,13,12,11,13,10,13,10,10,10,11,14,13,13,10,0,13,13,10,12,13,14,10,14,10,12,11,13,11,10,10,10,12,13,12,13,11,12,14
10,12,14,12,10,14,10,11,12,10,10,12,13,11,11,12,11,14,14,11,13,12,11,12,10,14,14,13,10,10,10,14,10,14,10,14,13,12,10,14,10,10,14,12,11,12,12,14,11,11,11,14,0,12,11,10,13,10,12,11,10,14,11,11,11,10,11,11,13,10,11,13,13,14,14
11,12,12,14,10,12,12,10,12,14,13,10,11,14,14,12,13,11,10,14,14,14,14,12,11,10,11,13,14,14,12,13,14,13,10,12,10,11,11,13,12,14,14,11,13,14,14,12,13,13,13,12,12,0,14,14,11,12,10,12,10,11,14,11,12,11,10,10,13,14,11,11,11,14,12
11,10,10,13,14,12,10,14,14,10,11,10,10,10,13,13,10,10,14,10,12,13,13,11,14,12,14,10,12,12,11,11,12,10,12,14,11,14,10,10,14,12,14,10,10,11,10,10,14,11,11,11,12,14,0,14,13,11,13,13,12,12,10,11,12,14,10,12,14,12,14,11,10,14,14
10,14,14,13,11,12,12,13,10,11,10,14,14,13,10,14,12,12,11,13,12,14,10,12,11,14,14,10,12,10,14,11,11,12,13,10,14,13,12,10,14,14,14,14,11,14,11,14,14,13,12,13,14,11,12,0,10,13,11,12,11,13,12,11,10,12,14,13,11,14,10,14,13,10,10
13,12,10,10,10,11,13,14,10,13,13,10,12,10,10,12,11,12,11,10,12,12,13,13,12,11,11,14,10,14,14,13,13,13,13,14,10,13,11,10,12,13,11,12,11,11,12,13,10,11,14,11,12,10,13,10,0,14,11,13,13,10,13,14,11,14,14,12,13,11,11,12,13,11,11
12,13,10,11,11,10,14,13,14,13,14,12,11,13,14,12,10,13,14,12,10,14,14,10,12,11,14,14,11,14,13,11,10,10,12,10,10,13,14,12,14,12,14,11,11,12,13,14,13,14,11,14,13,13,11,13,14,0,10,13,10,11,10,12,14,14,13,11,10,10,14,11,11,13,12
12,12,14,13,13,10,13,10,10,11,13,14,12,12,14,13,11,14,10,14,11,14,10,10,11,13,10,13,13,14,12,14,10,10,10,13,14,11,12,12,11,10,10,10,10,10,10,14,10,12,13,12,11,13,11,13,12,14,0,11,10,10,10,12,10,13,14,13,12,11,11,14,14,11,13
13,10,14,14,14,11,12,10,12,11,11,10,13,11,13,12,10,14,14,12,11,11,13,14,12,11,11,13,13,13,13,13,10,13,10,11,13,13,10,10,13,10,12,11,14,13,10,12,13,14,11,14,10,14,11,11,12,14,12,0,12,14,13,12,13,12,12,14,10,11,12,13,12,14,13
14,11,13,12,10,14,10,13,14,14,12,13,13,11,11,14,14,14,11,12,10,14,12,14,13,11,13,10,11,11,10,13,10,11,10,10,13,14,14,12,11,10,14,12,10,14,14,12,13,12,13,14,11,11,13,10,13,14,13,13,0,10,10,12,13,13,14,13,11,11,11,10,14,14,13
11,14,14,10,13,13,12,11,12,14,12,11,12,13,13,14,11,13,11,10,12,11,13,10,14,11,10,12,11,12,11,14,14,13,10,13,10,13,10,14,11,13,13,13,11,11,11,10,13,11,14,11,13,13,10,14,11,14,10,12,13,0,14,10,14,12,12,11,14,12,14,14,13,13,11
14,13,13,14,14,12,14,10,13,14,12,14,11,11,12,10,11,11,12,13,11,11,13,13,10,13,14,12,12,14,11,11,13,11,14,11,11,12,14,13,12,12,11,10,11,13,11,10,11,11,12,13,10,14,14,12,10,14,13,11,12,12,0,12,14,12,11,10,14,12,11,14,14,11,14
11,14,10,13,11,12,11,14,10,10,11,13,11,13,12,11,11,11,13,13,10,14,14,11,12,10,12,11,13,10,12,13,11,10,13,10,12,11,13,11,14,13,11,12,13,13,10,11,12,10,14,12,10,13,14,11,14,13,11,11,14,10,11,0,14,13,13,12,10,14,11,14,10,13,12
14,12,12,12,13,13,14,10,14,12,11,14,12,12,10,12,11,13,10,11,11,14,12,12,13,14,11,14,12,10,11,14,14,13,14,12,13,11,14,12,11,13,10,13,13,14,11,10,14,12,10,10,14,12,11,14,10,10,13,13,12,10,13,14,0,11,12,10,13,13,13,14,14,14,13
14,13,13,13,13,14,13,11,14,14,14,10,14,12,12,14,12,12,13,10,10,11,14,10,11,11,14,12,12,11,12,11,11,11,12,13,11,11,12,14,10,11,10,13,10,10,12,12,11,13,11,12,11,13,12,13,13,13,11,12,10,11,14,13,12,0,12,14,13,14,13,13,10,10,13
10,13,10,10,10,11,14,11,10,13,14,10,10,13,13,14,14,13,14,14,14,13,12,12,11,13,10,14,13,12,10,10,11,12,12,14,12,12,12,10,13,14,11,10,13,11,11,11,14,10,14,10,11,10,14,11,11,13,13,12,10,14,13,12,13,13,0,13,13,10,14,12,12,10,13
11,14,12,11,13,14,11,14,14,12,13,10,14,11,12,11,12,13,13,10,10,13,10,13,12,14,13,13,11,10,13,12,14,12,14,14,13,14,10,14,10,10,14,10,13,12,14,12,10,14,11,13,13,10,13,12,14,14,14,13,11,12,13,14,13,11,10,0,11,12,13,12,13,12,14
14,14,13,10,10,14,10,11,12,12,13,14,13,14,14,11,10,14,10,11,12,12,12,14,11,12,12,12,14,12,11,13,10,13,10,13,13,14,13,14,13,10,10,10,11,14,12,11,12,10,12,12,12,11,12,11,11,13,13,13,12,12,11,10,10,10,14,10,0,13,10,12,11,10,11
12,11,12,11,13,12,14,11,14,14,14,13,10,14,11,14,11,10,11,10,11,10,14,14,10,11,14,12,12,11,13,10,12,11,13,10,13,14,10,10,13,11,12,11,10,12,14,14,13,14,13,12,10,14,14,11,12,13,11,12,12,12,13,13,10,14,11,14,10,0,11,10,12,14,10
12,10,13,12,14,13,11,10,13,12,13,10,10,12,11,11,12,10,12,12,12,10,12,14,10,11,10,10,13,12,14,11,12,14,12,14,13,10,14,13,11,12,14,11,14,10,13,14,12,14,13,10,14,11,13,11,12,13,11,12,12,11,11,10,13,11,13,10,14,11,0,12,12,11,14
11,14,11,11,14,10,12,10,12,14,14,14,12,10,10,10,12,10,13,11,11,14,11,13,12,13,11,13,14,10,11,10,13,14,10,14,10,10,13,10,10,11,13,11,10,14,13,12,14,14,14,12,13,10,13,11,13,12,13,11,14,14,10,11,13,13,10,12,10,11,10,0,11,11,13
11,14,11,14,12,13,14,13,13,10,11,13,12,13,11,13,11,12,11,12,10,10,10,11,13,12,13,11,12,13,13,12,11,14,14,13,10,13,14,10,11,10,11,10,10,14,11,12,10,11,10,12,10,13,12,10,13,14,11,10,14,13,11,10,11,13,11,12,14,12,12,12,0,12,10
10,10,14,10,11,13,11,11,10,10,12,11,12,12,12,13,10,11,12,14,10,13,14,11,13,11,13,13,12,12,14,12,10,14,13,12,11,12,12,12,14,12,12,10,12,10,11,13,10,10,12,11,10,13,14,11,10,13,12,14,10,12,13,12,11,10,10,12,14,14,12,13,13,0,14
10,13,11,14,13,12,10,14,13,12,10,12,11,12,14,11,11,12,10,13,11,11,14,14,13,11,14,13,14,10,13,14,13,10,12,11,10,11,14,14,14,11,14,11,12,13,13,13,13,13,12,14,12,10,13,13,13,11,10,11,12,12,10,12,14,10,14,11,14,12,10,10,13,10,0
