R=75
Pi=(28,25,29,28,29,28,25,24,27,24,27,21,27,25,21,27,23,27,28,26,26,23,20,21,22,23,20,24,22,29,24,20,27,21,27,20,20,24,23,23,21,23,25,29,20,20,23,25,27,20,21,24,29,27,23,25,25,28,25,25,27,21,22,28,20,26,24,26,28,21,27,29,23,24,25)
A=
1,2,0
4,5,30
5,6,0
6,7,0
7,9,0
10,11,0
11,12,36
12,14,23
17,19,24
18,20,0
20,22,0
21,23,0
22,24,0
23,25,38
26,28,32
27,29,20
28,30,37
31,33,39
32,34,37
33,35,33
36,38,0
37,39,32
38,40,0
43,45,22
44,46,0
45,47,0
49,51,0
50,52,36
51,53,0
53,55,22
55,57,0
57,59,35
59,61,26
68,70,34
69,71,0
70,72,0
73,75,27
Sij=
0,7,6,5,6,9,8,6,9,6,7,7,9,8,6,8,5,7,9,8,9,6,6,5,7,7,7,7,5,6,7,9,9,6,7,9,6,9,7,8,6,7,9,8,7,9,5,5,8,8,8,9,9,7,7,9,5,6,8,8,7,6,6,8,8,8,7,8,5,6,7,5,5,5,6
7,0,7,8,7,8,7,7,8,7,8,8,9,6,8,7,8,9,6,8,6,5,5,5,9,8,6,7,9,6,5,7,8,9,6,9,7,7,8,5,6,5,7,9,9,5,8,6,9,7,8,7,9,6,9,5,6,7,8,9,6,9,7,6,6,5,9,5,5,8,5,6,6,5,7
6,7,0,6,5,9,9,5,7,6,8,8,7,6,9,5,8,9,9,9,8,6,7,5,8,8,5,8,6,5,6,6,6,8,9,8,8,5,6,8,9,6,7,6,8,7,8,7,5,9,5,6,6,7,7,5,8,7,8,6,8,6,8,6,9,6,6,9,7,6,7,7,8,5,9
6,9,5,0,7,5,5,8,7,6,9,5,9,8,6,9,9,5,6,9,9,7,8,5,6,6,6,9,5,8,7,7,7,6,7,5,6,7,9,8,5,5,9,7,6,8,6,8,7,7,7,6,6,8,5,7,8,8,9,5,9,6,7,8,9,6,7,8,5,5,7,6,6,7,8
9,8,5,9,0,7,5,7,6,7,6,5,6,9,5,5,7,8,8,9,9,9,8,5,7,9,6,7,7,7,5,5,5,8,9,6,8,7,9,6,5,6,5,9,7,8,5,8,8,9,8,9,7,6,8,9,6,7,8,9,6,7,5,9,7,5,5,8,9,8,7,9,9,7,9
8,9,8,8,9,0,9,7,9,7,9,6,8,8,5,9,5,5,9,9,9,7,6,6,7,6,8,7,8,9,7,8,5,5,7,9,5,7,9,9,5,9,8,7,9,6,7,6,7,9,7,6,5,9,7,6,7,7,6,6,5,6,8,9,5,5,5,7,5,5,9,8,6,5,9
5,9,8,6,5,9,0,7,9,9,7,6,8,6,7,6,7,7,6,7,8,8,5,8,7,9,5,9,5,7,5,9,5,9,9,7,6,8,6,5,7,8,7,9,7,9,6,9,5,9,7,6,6,8,6,6,9,6,6,6,5,5,6,7,8,7,5,8,6,5,5,9,6,5,5
5,5,6,6,7,7,5,0,9,6,9,9,8,6,8,7,7,5,6,9,5,7,6,9,5,5,8,7,8,9,9,8,5,6,8,6,6,8,9,8,9,9,5,5,7,9,9,9,5,9,7,9,7,6,5,7,8,5,5,6,9,9,7,9,6,6,8,6,8,6,6,9,5,7,5
6,6,6,7,6,5,9,7,0,9,7,9,5,9,5,5,7,5,7,7,9,9,6,6,8,6,5,7,5,9,7,7,9,9,5,8,6,7,8,8,5,5,7,8,7,7,5,9,6,8,8,6,7,7,8,6,5,5,7,5,5,8,8,7,6,9,5,5,8,6,8,5,6,8,7
9,6,7,9,5,6,6,5,7,0,5,6,5,6,6,9,8,6,9,7,8,7,6,9,7,7,7,9,5,9,9,7,9,8,5,8,9,7,5,6,9,8,7,5,7,9,8,8,9,9,8,7,6,9,5,5,7,7,5,6,8,6,6,6,8,7,7,6,5,7,9,6,5,7,7
9,9,6,7,7,8,8,5,5,6,0,7,6,9,8,5,6,6,7,9,8,8,7,5,7,9,7,7,8,6,9,6,6,8,6,5,5,6,5,7,7,9,6,5,5,6,5,7,8,5,6,8,9,6,8,9,6,8,8,7,9,6,5,8,5,9,5,7,8,7,9,5,6,9,6
9,6,6,5,6,9,5,8,8,5,6,0,7,9,9,6,9,7,7,8,7,6,9,7,9,6,5,8,8,6,5,5,6,9,5,9,7,5,8,7,8,9,8,7,8,9,6,5,7,7,8,7,8,8,6,9,5,9,7,9,5,5,6,7,8,9,5,8,9,5,8,8,9,9,5
7,8,7,8,5,9,5,5,6,7,7,7,0,8,7,5,9,8,8,8,7,7,8,5,8,8,9,8,6,7,8,9,8,9,8,8,6,8,5,6,5,5,5,9,9,5,7,7,5,8,5,5,5,5,6,7,9,7,8,5,6,5,8,7,8,8,9,8,9,8,8,6,7,6,8
7,6,9,5,8,6,6,7,7,7,8,8,7,0,7,5,9,9,5,5,5,9,6,8,6,6,5,9,7,7,9,8,7,9,7,8,6,9,6,9,8,9,7,6,9,5,9,7,5,9,8,9,6,7,6,8,6,8,8,9,8,7,9,5,7,8,5,9,5,8,9,5,7,5,6
5,7,9,8,5,6,8,8,7,8,9,7,5,8,0,8,7,7,6,6,5,6,9,6,8,5,9,5,6,6,5,8,7,5,5,5,6,6,5,7,8,5,8,7,7,8,6,5,6,6,6,6,8,5,5,9,6,5,6,7,6,6,6,6,6,9,7,6,9,7,7,5,7,8,8
5,8,7,9,5,9,8,9,9,5,9,9,7,5,5,0,9,5,9,7,6,7,8,6,5,7,6,5,6,8,9,5,9,9,6,9,6,8,6,6,7,7,6,6,5,7,9,9,5,8,8,6,5,9,7,6,6,6,7,6,8,9,7,6,5,5,9,5,5,6,9,5,9,8,9
8,5,7,5,7,7,6,9,8,9,7,9,5,7,5,8,0,5,6,9,7,8,5,5,5,5,8,9,9,9,9,8,7,7,9,8,6,8,5,9,8,7,9,9,6,7,5,9,7,5,8,9,8,9,5,6,8,9,6,5,9,8,6,9,9,5,9,6,5,8,8,9,9,7,6
9,8,5,8,8,9,8,6,9,6,9,9,8,6,8,5,7,0,7,5,9,5,6,9,5,6,8,9,8,9,6,8,9,6,7,5,7,7,5,8,5,6,6,7,8,9,6,5,9,7,8,6,7,9,7,5,8,9,5,7,9,5,9,7,7,7,5,7,5,6,6,7,6,8,9
8,9,8,6,6,5,7,9,6,6,9,6,5,9,7,7,8,7,0,8,8,5,6,8,9,5,9,8,9,8,6,5,5,8,9,8,6,5,7,9,7,7,6,8,6,7,6,9,8,8,9,7,5,8,9,9,7,5,8,6,6,7,7,5,9,5,9,8,6,5,5,6,5,7,5
6,8,8,7,7,9,9,9,6,9,8,5,6,8,5,6,5,6,6,0,7,5,5,6,8,6,7,7,8,8,8,7,7,7,7,8,5,8,8,6,6,7,7,6,5,6,9,8,9,5,8,9,5,9,5,5,6,7,5,6,9,6,6,5,8,7,6,8,8,5,5,7,7,5,9
5,7,8,6,6,6,9,8,7,9,8,6,7,7,7,7,7,8,7,7,0,5,5,6,8,7,5,6,9,9,5,5,7,5,9,9,7,7,6,8,9,9,8,9,5,9,5,8,5,6,7,7,9,5,7,9,9,5,5,8,6,9,5,8,6,9,6,6,7,7,5,9,5,5,7
8,7,6,5,8,6,6,6,7,6,8,6,6,7,5,5,6,6,8,6,9,0,8,9,8,6,8,9,5,7,6,7,6,8,7,9,6,8,5,7,6,5,8,7,7,7,8,9,8,7,7,8,8,7,8,7,9,8,8,9,9,6,5,8,6,8,6,7,9,8,8,7,6,9,6
6,6,5,7,5,8,9,5,8,9,7,9,8,9,9,9,8,9,5,7,9,9,0,5,5,8,5,5,9,5,8,5,6,8,6,7,6,9,5,7,5,5,6,7,8,9,9,8,7,9,8,5,7,5,7,6,7,6,9,8,9,8,9,5,5,9,5,5,7,7,8,5,7,7,5
6,8,6,6,6,9,7,7,9,7,8,8,5,6,5,9,5,9,7,8,7,5,6,0,6,9,8,8,5,9,6,7,7,9,5,5,7,5,9,7,9,6,5,9,7,7,6,9,8,6,8,7,5,5,9,7,6,7,5,7,8,5,7,8,8,9,5,8,5,6,8,8,5,6,7
6,7,5,8,9,8,8,9,8,6,9,6,6,5,8,8,9,5,7,9,8,9,7,6,0,8,6,7,9,7,8,9,6,9,8,7,5,5,9,5,9,9,6,8,6,9,7,9,7,6,7,8,8,8,7,9,6,5,9,9,7,5,8,7,5,7,7,7,8,8,8,8,5,9,8
5,7,6,5,7,5,6,5,8,9,5,6,8,7,8,5,9,6,9,7,8,5,9,7,9,0,7,9,6,9,8,9,8,8,5,7,6,5,9,6,8,5,5,5,7,9,6,8,5,9,7,8,6,5,7,9,9,7,8,6,5,6,5,5,9,9,7,7,8,9,7,5,5,9,5
6,8,9,6,8,8,8,9,6,7,9,8,7,6,5,7,9,6,8,6,7,5,9,6,7,7,0,8,5,5,7,6,7,7,9,5,5,9,6,5,8,6,7,9,8,9,6,9,6,7,7,8,9,7,7,8,6,9,8,8,5,9,8,8,9,5,6,5,7,5,5,8,7,6,9
9,5,5,5,6,6,7,6,7,8,9,7,5,9,6,8,5,5,7,9,8,8,8,9,8,7,5,0,7,5,7,8,5,8,7,7,7,5,9,7,7,8,7,5,9,5,8,6,6,5,7,9,8,5,6,6,6,6,5,7,8,5,5,5,5,5,9,9,7,6,9,7,6,7,9
6,5,8,9,9,9,6,8,6,8,7,5,9,6,6,6,5,5,7,9,6,7,6,9,9,6,9,8,0,5,6,9,7,5,6,9,5,7,7,6,7,6,6,9,7,8,9,9,7,6,9,8,7,9,8,7,9,8,9,9,8,5,7,8,9,9,9,5,8,6,5,8,7,8,5
7,9,8,9,6,5,6,6,7,5,7,6,8,6,8,5,6,8,8,7,6,9,8,9,7,8,8,6,5,0,5,6,5,8,9,6,8,5,9,7,9,7,9,5,8,6,7,6,9,9,6,9,5,9,6,8,7,6,8,6,8,6,9,5,7,9,7,8,9,9,5,9,7,5,8
5,6,9,5,8,5,6,9,6,9,6,5,5,7,5,8,6,7,7,9,8,7,8,8,8,9,9,7,9,9,0,6,6,9,6,5,6,8,6,9,6,6,6,7,5,5,8,6,5,8,6,8,7,5,6,5,7,8,5,6,9,5,9,5,7,8,9,6,9,6,8,9,5,7,5
8,6,5,8,7,5,7,8,8,8,5,8,6,8,5,8,8,8,9,5,5,7,5,5,6,6,6,6,9,5,6,0,8,5,9,7,8,7,9,8,6,6,7,5,7,6,5,8,8,9,8,9,6,5,6,9,6,5,5,6,5,8,6,9,7,6,7,8,6,5,6,6,8,9,8
9,8,6,8,8,6,7,8,7,6,5,9,7,8,5,6,7,7,8,7,7,9,7,8,5,9,6,7,7,7,6,5,0,7,6,7,5,5,6,6,9,8,9,8,8,7,7,9,9,5,8,9,8,5,6,5,9,6,8,8,8,9,5,6,5,9,5,7,6,6,9,6,5,5,9
9,8,6,8,6,7,5,6,6,8,8,8,5,5,5,7,9,7,8,8,9,7,8,8,9,6,9,8,8,6,7,8,8,0,6,7,7,8,7,6,5,8,8,8,7,6,6,5,6,5,9,9,9,7,7,9,6,9,7,9,9,8,7,8,5,6,5,9,8,8,7,8,7,5,7
9,6,9,6,7,8,6,7,7,9,6,7,5,6,6,5,8,6,7,7,7,6,9,8,6,6,6,6,8,7,5,7,9,5,0,7,7,7,8,5,6,7,5,9,9,8,8,9,7,6,8,9,7,9,7,9,7,6,5,5,5,6,5,9,9,9,8,8,9,8,9,7,5,6,6
5,7,6,5,9,7,6,8,9,5,8,7,8,6,6,9,6,6,8,9,9,7,6,5,9,5,9,5,9,7,5,9,6,7,7,0,7,5,5,6,7,8,8,6,8,5,6,9,6,7,8,7,5,7,6,6,8,5,6,5,8,8,6,9,6,9,9,6,5,9,9,9,5,5,5
5,6,5,7,9,8,5,8,7,5,5,9,6,9,6,9,6,9,9,7,9,7,8,9,9,6,9,9,6,8,9,7,5,6,5,5,0,7,7,7,7,8,5,8,8,6,5,7,7,9,5,7,5,5,8,6,8,8,6,8,7,9,6,6,9,5,8,9,5,8,6,7,8,6,7
9,8,9,9,8,8,8,6,5,6,6,9,6,6,9,7,6,5,9,9,7,7,8,8,7,8,5,7,8,8,8,8,8,7,9,7,8,0,8,8,9,9,7,6,9,7,6,6,7,5,6,9,6,9,7,5,6,9,5,6,9,8,6,8,6,8,8,6,8,7,6,8,8,7,9
5,9,6,9,6,6,6,7,6,7,8,6,8,5,7,7,7,7,6,8,6,7,9,9,6,9,5,8,9,8,7,5,9,5,7,5,5,5,0,9,5,8,5,5,6,8,6,9,5,6,5,8,5,7,8,8,7,5,7,7,6,6,8,8,7,9,8,7,8,8,6,6,7,8,6
5,5,7,7,5,5,5,9,6,9,9,6,8,5,6,9,9,8,8,7,8,5,7,7,6,9,8,5,7,9,9,6,7,6,7,7,5,8,6,0,7,6,7,6,8,7,7,5,6,6,8,7,7,9,5,7,5,7,9,5,6,6,9,7,7,9,8,9,7,7,8,9,6,7,5
6,6,8,8,9,9,9,6,8,8,6,6,7,6,8,7,5,5,7,9,5,7,5,8,9,9,8,8,8,8,8,6,5,8,8,5,6,9,5,6,0,6,5,5,8,6,8,5,7,8,5,8,9,9,7,5,9,6,5,9,5,5,6,7,5,5,5,6,9,8,7,5,6,5,5
7,9,6,7,7,5,9,6,9,8,9,9,7,7,7,9,9,6,9,9,6,5,7,9,7,5,7,5,9,5,9,7,9,8,9,5,7,9,7,8,6,0,9,6,9,5,5,8,8,7,8,8,9,6,5,9,7,7,7,9,6,8,8,6,8,8,7,9,8,8,6,6,5,8,5
8,6,8,8,8,6,7,8,8,5,7,5,5,8,9,7,8,5,5,5,5,8,7,7,5,8,6,9,5,5,7,8,5,5,7,7,8,9,8,7,9,9,0,9,5,6,8,6,6,8,5,7,5,9,7,5,5,8,5,7,5,5,7,8,7,8,9,9,9,6,7,8,9,7,8
6,5,8,7,6,6,6,9,6,9,7,6,8,7,5,6,8,7,6,8,6,7,5,6,7,6,9,7,9,6,7,8,8,6,6,5,6,6,8,6,8,5,6,0,9,9,7,5,6,9,5,8,5,8,9,6,8,9,7,9,5,6,9,5,9,7,9,7,7,6,5,5,7,8,9
9,5,6,6,6,5,5,8,8,9,8,6,5,9,9,8,5,8,7,8,9,9,5,6,7,5,9,8,5,9,9,6,6,8,9,6,7,8,6,9,9,8,5,6,0,6,5,9,8,7,7,9,6,5,5,9,9,5,9,9,5,5,6,7,9,9,7,5,6,9,7,6,7,7,7
9,6,8,8,5,7,6,6,6,7,9,8,6,6,8,9,6,7,9,5,8,7,5,6,7,9,5,7,8,9,6,6,8,7,5,8,5,6,8,7,9,9,5,5,9,0,6,5,8,8,5,6,8,8,7,8,7,5,7,6,6,6,8,8,6,6,8,9,8,6,9,8,9,8,6
5,9,6,5,7,6,8,6,8,8,8,7,8,6,8,7,8,8,5,7,5,5,6,8,9,6,6,6,7,8,6,6,5,6,7,9,5,5,9,9,8,9,5,9,8,8,0,9,8,5,8,6,5,9,6,6,9,8,8,6,6,9,6,9,9,7,7,7,6,8,9,7,7,9,5
8,5,5,6,5,5,6,8,6,8,7,6,7,8,9,7,5,7,8,7,5,7,9,5,7,6,5,8,9,5,6,8,5,8,7,5,9,6,7,5,5,6,9,6,7,6,9,0,9,6,6,8,9,9,6,5,6,6,5,8,9,9,8,8,6,7,8,5,8,5,9,8,8,9,7
7,8,7,8,7,6,6,6,6,7,6,6,9,8,7,6,9,8,8,8,5,6,8,8,9,9,5,6,8,7,8,9,5,6,8,7,9,7,8,6,7,8,6,5,9,5,9,6,0,5,9,9,9,5,5,6,6,5,9,9,8,6,9,8,8,9,6,6,7,5,5,7,7,5,6
6,7,9,7,8,8,9,8,5,8,8,9,9,9,9,7,6,9,8,9,5,7,9,8,6,7,9,6,6,9,7,7,8,8,9,9,6,7,6,5,8,7,9,5,5,5,7,7,8,0,7,9,7,8,5,6,8,8,6,6,5,8,8,7,6,5,6,5,5,9,5,6,9,8,7
6,7,8,9,7,5,5,7,7,8,5,5,8,7,7,6,5,9,6,5,6,9,5,7,9,9,9,7,8,8,6,5,9,5,9,8,9,8,8,5,5,6,5,8,5,5,7,8,8,7,0,9,6,7,8,6,6,7,5,5,8,6,8,9,9,7,5,5,8,8,8,6,7,6,5
9,5,8,6,7,8,7,6,8,5,8,5,7,6,9,7,6,9,8,5,9,7,7,6,5,5,9,9,5,9,5,7,9,7,8,5,7,5,8,6,6,9,9,8,5,7,8,9,8,5,7,0,7,8,5,5,6,7,7,6,6,8,8,6,9,5,6,5,9,7,8,9,5,5,7
9,5,8,9,5,8,6,5,5,9,7,7,9,9,6,6,8,5,9,6,7,8,7,5,8,9,6,8,7,5,5,6,7,6,6,5,8,8,6,7,5,8,7,6,7,7,7,5,7,5,5,9,0,6,8,9,6,7,8,5,6,7,8,7,9,9,5,5,7,8,6,8,9,9,7
6,8,5,5,8,5,6,5,6,6,5,6,5,8,6,9,7,9,7,9,5,6,5,7,7,6,7,9,7,5,7,5,9,9,7,5,5,6,5,9,9,6,7,6,9,7,9,6,6,8,8,8,7,0,9,6,9,8,7,8,6,8,7,8,5,9,5,6,6,5,6,8,6,9,7
5,8,9,9,8,5,7,5,8,8,6,8,7,5,7,7,7,8,8,9,6,7,8,6,6,9,5,7,5,5,9,7,8,9,9,8,9,8,9,7,8,8,9,9,8,5,7,6,9,8,8,5,7,5,0,6,8,5,7,7,8,5,9,9,7,9,9,9,7,5,8,7,8,9,5
5,7,7,9,8,5,7,8,8,7,6,9,9,8,8,6,8,7,5,5,7,8,8,6,5,9,6,9,5,5,5,9,5,6,9,8,5,5,9,6,6,6,6,6,6,9,9,5,9,9,5,5,8,9,8,0,7,8,5,9,9,9,7,7,8,7,6,9,8,9,9,5,7,7,8
8,5,7,7,5,5,9,5,5,6,9,9,6,6,8,7,9,9,6,5,7,9,8,8,9,9,5,6,6,9,8,8,8,9,5,7,9,6,5,8,9,9,7,6,8,7,5,7,9,7,9,5,6,7,6,9,0,7,9,7,6,5,8,8,5,7,6,6,7,5,5,7,8,9,7
5,7,6,6,9,6,9,7,6,9,5,7,7,5,7,6,5,5,8,8,8,6,5,7,9,7,5,7,7,9,9,6,6,8,7,8,8,5,9,6,7,8,7,9,9,9,9,6,5,9,5,6,9,6,9,9,7,0,8,7,7,5,6,5,6,9,8,6,8,8,8,7,9,5,7
6,9,8,6,7,9,8,9,6,7,8,8,6,9,8,7,6,9,7,7,5,5,7,5,9,5,7,5,8,6,6,6,6,6,9,9,5,5,6,8,8,6,5,7,7,6,7,6,9,5,6,8,6,7,7,6,6,8,0,6,6,6,7,6,9,5,7,6,9,5,8,7,5,8,9
9,9,9,9,7,8,8,6,5,8,5,8,9,8,9,8,7,6,9,9,6,6,9,5,7,5,9,7,6,5,7,6,5,6,8,8,6,6,6,8,8,5,6,8,9,6,8,8,5,7,6,5,6,9,7,7,9,9,7,0,7,8,6,9,5,5,8,8,7,9,6,6,5,5,6
5,6,9,6,5,5,6,6,6,9,9,7,9,6,9,5,8,6,9,8,9,7,6,6,8,5,8,5,8,9,5,5,9,5,8,6,8,8,9,6,5,7,9,9,5,7,9,7,8,9,7,5,6,6,6,8,5,7,8,9,0,7,5,7,7,9,9,7,9,8,7,7,5,7,7
8,6,7,6,6,5,6,6,7,9,7,5,8,7,8,9,6,6,9,9,9,9,5,7,5,5,5,5,9,5,6,6,7,8,8,5,6,8,5,8,8,5,8,8,5,9,5,9,5,8,6,6,5,7,7,8,6,5,5,5,9,0,6,6,6,7,5,7,9,9,8,7,7,5,6
6,9,6,6,7,6,9,5,9,5,9,5,5,9,6,9,9,5,8,5,8,6,9,6,5,9,6,6,5,7,6,8,6,9,6,8,7,9,8,9,6,8,7,6,7,6,5,7,8,9,9,7,9,5,7,9,5,5,6,7,9,8,0,5,7,9,5,9,6,8,8,7,9,7,9
8,9,9,7,8,8,8,8,7,5,8,8,9,6,6,6,8,6,8,5,9,7,8,5,7,7,7,9,9,5,7,9,9,9,6,8,5,7,6,7,9,6,5,5,8,5,5,8,9,6,9,5,6,6,9,6,6,9,5,6,6,9,9,0,7,7,9,9,9,5,8,6,6,5,5
6,8,6,8,6,6,6,9,9,8,5,6,7,8,9,9,6,6,6,5,6,9,6,8,7,9,6,5,8,6,5,8,5,6,5,6,5,8,8,9,9,7,9,6,6,6,7,5,5,5,6,5,9,9,9,6,6,8,5,6,5,5,5,8,0,7,6,6,6,7,8,9,8,7,7
5,9,9,5,6,6,7,5,5,7,5,9,9,6,6,8,5,6,7,6,8,8,6,6,8,9,5,6,8,6,6,7,7,6,8,5,7,5,6,9,9,9,5,8,7,8,7,5,9,9,7,7,6,6,8,7,7,7,7,6,5,6,7,8,6,0,7,7,7,7,5,6,5,5,8
7,8,8,7,8,9,7,5,6,8,9,8,6,5,7,6,7,9,7,5,8,7,7,6,6,5,5,5,7,8,8,7,7,7,9,5,8,5,9,7,9,5,5,8,9,7,6,6,9,5,8,6,7,9,9,9,6,6,6,8,9,7,7,7,9,6,0,6,8,6,7,7,7,5,9
6,7,7,8,7,8,8,9,5,7,5,6,9,7,8,9,8,6,8,5,8,6,8,7,9,7,5,7,9,7,7,5,6,7,8,7,6,7,9,7,5,5,7,5,6,7,6,9,5,6,8,5,8,9,6,9,9,5,9,9,7,5,9,8,9,5,5,0,7,8,6,8,6,7,6
5,8,9,8,5,6,5,6,7,8,8,6,6,6,6,9,7,6,8,5,9,9,6,9,5,6,7,9,6,9,8,7,8,7,9,8,9,6,9,8,8,6,8,5,9,7,8,8,5,8,8,6,8,6,6,5,6,5,7,9,8,6,9,8,9,6,7,8,0,7,8,9,6,7,9
7,8,6,5,9,8,7,9,9,7,5,7,8,7,6,9,6,8,8,9,9,6,6,9,6,8,9,9,5,7,8,6,8,8,9,8,8,6,6,9,6,9,7,7,7,7,7,5,7,8,7,6,7,7,5,5,6,7,9,6,8,8,8,7,8,8,8,5,8,0,7,5,9,7,9
8,5,9,9,6,8,5,9,7,7,9,7,8,5,8,8,7,6,7,5,5,8,5,5,8,8,9,7,7,9,8,7,8,8,9,9,5,6,5,5,5,9,5,6,7,6,5,7,6,9,5,8,7,7,8,9,9,9,6,7,9,8,7,7,9,7,8,5,6,8,0,7,5,6,6
5,6,7,9,7,7,8,7,5,7,8,9,9,6,9,9,5,5,5,7,6,6,6,8,6,9,7,9,6,8,7,5,6,6,7,7,7,5,6,8,8,7,8,5,8,9,7,7,6,6,8,6,9,9,9,8,9,9,7,8,5,9,5,6,9,8,8,8,9,6,7,0,9,8,7
8,9,7,6,9,7,6,9,8,9,5,5,5,7,6,8,8,7,7,8,8,9,6,6,5,5,6,9,8,9,8,8,7,7,5,5,6,7,5,5,6,5,5,5,6,9,7,5,7,5,8,9,7,5,8,8,8,6,6,8,6,7,6,9,6,6,7,8,7,5,7,5,0,7,7
7,8,8,5,9,5,7,5,7,7,5,8,6,7,8,6,7,9,6,6,8,9,8,6,9,5,7,9,8,6,8,8,7,9,7,5,9,7,6,5,6,5,9,9,9,7,5,9,9,5,8,7,9,6,8,7,9,7,5,9,8,7,7,6,8,6,6,6,9,8,6,9,8,0,5
5,7,9,9,6,7,9,7,5,7,7,6,9,5,5,9,6,7,7,6,7,8,8,8,5,8,5,9,9,5,8,8,8,8,6,5,8,9,6,8,5,5,7,9,8,7,6,6,5,5,7,9,7,7,7,6,9,6,8,8,7,5,7,9,9,8,7,5,9,5,6,6,5,9,0
