R=75
Pi=(18,19,15,14,10,10,16,14,14,17,12,15,13,15,17,15,15,14,17,18,13,18,16,14,10,10,13,11,16,13,16,15,19,10,10,19,13,11,10,12,15,18,14,17,10,13,16,15,15,17,18,15,15,13,19,19,13,11,13,19,16,15,17,11,10,17,16,12,15,18,11,14,14,15,12)
A=
1,2,40
2,3,0
3,4,0
5,7,0
8,9,58
9,10,0
12,13,48
13,14,0
15,16,54
16,17,0
17,19,53
20,21,0
21,22,0
24,26,48
28,29,42
29,30,53
30,31,43
32,33,0
33,34,40
35,36,0
36,37,0
37,38,0
39,41,54
40,42,55
42,44,0
44,46,49
45,47,0
47,49,56
48,50,0
49,51,58
50,52,58
57,59,0
59,61,0
60,62,0
61,63,40
64,66,52
72,74,58
Sij=
0,10,14,12,12,13,11,13,12,14,10,12,10,13,13,12,11,14,10,10,12,13,10,12,14,10,11,14,14,13,12,14,11,12,13,11,10,10,12,10,13,11,14,12,10,11,11,13,13,13,14,11,12,11,10,11,10,11,13,11,11,12,13,13,11,10,10,13,14,11,11,11,12,14,12
11,0,13,12,11,12,13,13,11,11,14,11,12,14,11,12,10,13,11,10,13,11,13,11,11,10,10,13,13,11,11,13,14,13,14,14,12,13,14,10,13,13,11,12,14,10,13,10,12,12,11,13,14,11,10,11,13,12,11,11,12,10,10,14,14,10,11,13,10,12,10,12,13,11,12
10,14,0,11,11,10,12,14,11,10,10,13,13,13,12,12,11,10,12,12,13,12,12,11,12,13,13,14,10,10,12,13,14,12,13,14,11,12,10,10,14,12,14,14,14,10,12,13,10,12,10,14,10,10,12,10,13,13,13,13,12,12,14,10,13,12,13,10,14,12,11,14,14,11,13
10,13,12,0,11,11,11,10,13,13,14,12,12,13,10,13,11,12,13,12,13,11,13,13,11,12,12,11,13,13,11,11,10,13,12,12,11,10,11,11,11,11,14,10,11,10,14,10,10,10,11,13,10,12,13,11,12,14,10,14,14,10,11,10,11,12,12,13,11,12,11,10,11,11,10
11,12,12,11,0,11,12,11,10,13,11,12,10,12,10,10,10,12,14,12,12,11,10,13,13,14,13,10,14,13,13,10,12,14,11,12,14,14,12,14,11,12,10,13,13,14,11,14,13,10,12,14,11,13,14,14,11,13,13,12,12,11,12,12,14,11,14,11,11,12,10,10,14,10,10
14,11,11,10,14,0,12,13,12,13,10,14,14,13,14,12,11,11,10,10,11,14,10,12,14,12,14,14,13,10,14,12,10,10,13,14,13,14,13,14,10,14,14,13,11,10,12,11,11,14,11,14,14,13,13,11,13,13,12,12,14,12,14,12,14,13,13,13,10,10,13,11,12,11,10
12,10,12,10,14,14,0,13,13,14,13,14,12,11,12,11,11,10,11,10,14,12,14,12,14,13,11,14,10,11,10,14,12,12,13,10,11,11,12,13,13,11,14,10,13,14,10,11,10,13,13,13,10,12,12,12,12,12,12,12,12,10,12,11,13,13,12,14,13,11,10,14,12,12,12
12,13,14,13,10,13,14,0,13,11,13,12,14,14,10,11,12,13,13,10,10,12,14,12,11,14,11,11,13,13,13,13,10,12,14,10,14,13,13,12,13,12,12,10,13,11,14,12,14,12,14,12,11,11,12,14,13,10,13,14,13,12,11,14,13,14,11,11,10,10,12,14,14,10,11
13,10,13,14,14,10,13,11,0,11,14,11,12,14,10,14,11,13,10,14,13,11,11,12,12,14,10,12,12,14,10,14,12,10,10,14,14,14,10,13,14,10,10,10,10,12,12,12,11,10,13,13,13,14,12,14,11,12,11,10,13,12,11,12,11,14,13,11,13,11,10,12,12,12,10
13,11,10,11,14,12,13,10,12,0,10,11,11,13,13,10,12,11,13,10,14,11,14,12,14,11,14,10,13,10,14,11,10,11,13,13,13,10,11,11,13,10,11,13,11,14,13,10,13,13,14,13,13,12,12,14,14,13,11,10,10,11,10,10,12,14,11,14,14,14,11,11,10,11,11
14,14,10,10,14,12,14,12,14,11,0,11,12,13,14,14,14,14,14,10,10,11,14,11,10,12,13,13,10,13,11,12,12,11,10,12,14,13,13,12,12,11,14,10,14,11,12,12,10,14,10,12,12,10,10,14,14,13,14,13,11,14,13,14,12,13,13,10,12,11,14,10,11,11,12
14,12,14,11,14,14,10,13,10,12,14,0,10,12,10,10,13,10,13,14,10,13,12,14,12,11,12,12,10,13,14,10,10,10,12,11,12,10,12,10,13,10,10,12,12,13,12,11,14,11,13,13,11,11,11,13,11,12,11,10,12,12,14,14,10,11,13,10,10,14,13,12,13,13,11
14,12,10,12,14,13,10,12,14,10,10,14,0,13,14,13,14,14,13,11,12,10,11,11,12,10,14,12,11,14,12,10,10,12,10,11,10,11,14,11,12,11,14,10,14,14,11,10,10,11,14,14,13,12,11,10,13,11,12,12,10,10,14,13,11,14,10,12,13,12,12,13,14,12,14
10,11,11,12,12,13,14,12,14,10,13,11,12,0,11,10,12,14,13,12,11,12,12,11,13,14,13,14,11,13,13,11,14,11,13,10,14,12,14,10,13,11,13,10,12,13,13,13,11,12,10,13,14,12,10,11,13,14,12,13,13,14,12,13,10,14,13,10,14,10,10,10,14,12,13
14,14,12,13,14,10,10,13,13,13,10,11,12,10,0,11,12,14,14,10,12,14,14,14,14,13,10,13,13,10,12,14,13,12,13,11,12,10,10,13,12,12,10,13,10,10,12,11,14,12,12,10,10,14,10,13,10,14,12,10,14,12,12,12,11,13,11,14,13,14,13,11,14,11,13
14,13,11,13,14,10,14,13,10,13,11,13,14,11,14,0,10,12,13,14,13,10,10,13,11,12,13,13,12,14,13,11,11,14,10,10,10,14,11,13,14,10,13,11,14,10,14,12,12,14,14,11,13,14,12,12,14,10,14,10,11,11,11,14,12,11,14,14,13,11,14,10,11,10,14
13,11,14,13,10,13,10,11,13,10,12,13,11,11,12,11,0,14,14,10,11,13,13,14,14,12,11,14,13,11,14,13,10,13,14,14,10,14,11,14,12,10,10,13,13,14,13,12,12,10,14,10,10,10,13,11,10,12,10,11,13,13,12,14,13,11,12,14,12,12,11,11,12,10,13
11,12,14,10,14,13,13,11,12,11,14,12,10,14,12,14,13,0,14,10,10,14,13,11,10,11,11,13,10,10,13,13,12,10,11,11,14,10,12,10,12,10,11,14,12,14,14,12,10,14,13,13,11,11,14,13,13,11,14,13,12,10,12,11,14,13,12,12,13,12,13,13,11,14,13
10,13,13,13,11,12,14,13,11,11,10,11,10,11,12,13,12,10,0,13,12,12,12,14,10,14,12,11,13,12,10,14,12,12,13,14,10,14,12,13,11,13,11,11,10,13,11,11,10,10,14,10,13,12,11,11,12,13,13,14,14,10,10,11,11,11,12,14,12,12,12,14,10,11,11
14,10,11,14,11,12,10,11,13,12,14,10,14,11,11,11,11,10,13,0,14,10,12,10,10,13,11,12,13,13,13,10,10,12,10,11,11,10,14,12,11,13,14,12,13,11,10,12,12,11,10,10,13,12,11,11,12,10,11,10,10,10,12,12,14,12,14,13,13,14,10,10,12,13,11
11,10,14,11,13,12,13,14,12,12,12,11,13,10,14,13,10,14,13,12,0,11,11,12,12,11,11,12,13,13,10,10,13,10,10,10,10,12,13,12,13,11,10,14,14,11,10,11,12,14,10,14,11,13,10,14,10,13,12,10,12,10,14,11,12,12,14,11,12,10,13,11,12,11,10
10,10,11,12,10,10,10,14,14,12,11,13,10,14,11,14,12,10,12,10,13,0,11,14,12,12,12,14,13,12,11,14,11,14,12,14,14,13,10,11,10,11,10,10,13,10,13,14,11,11,10,10,10,14,11,12,14,10,14,10,13,10,11,12,12,12,14,14,12,10,12,11,11,14,12
13,12,10,10,11,13,12,13,12,11,10,14,12,13,10,10,13,14,10,13,14,10,0,13,12,11,11,14,12,11,14,14,14,10,12,12,10,13,10,13,12,10,12,13,11,12,13,12,11,11,14,13,12,11,11,13,13,13,12,14,14,13,10,12,13,11,11,13,14,10,10,11,13,11,13
12,11,11,12,10,13,14,13,10,11,10,12,12,14,14,14,11,10,10,13,13,14,10,0,10,14,11,14,12,10,11,13,10,11,13,13,11,11,11,12,11,10,10,10,11,13,13,13,13,10,11,13,10,12,12,14,13,11,11,12,14,13,12,13,14,12,14,11,14,10,13,12,10,13,14
13,12,14,14,12,10,12,10,11,13,12,12,13,13,13,10,14,10,13,13,12,12,12,10,0,13,13,12,14,13,12,14,13,11,13,14,12,13,12,13,11,11,12,10,14,11,10,11,13,10,10,13,11,12,10,11,10,14,13,11,13,13,13,12,14,14,14,10,14,13,11,12,11,11,11
11,14,12,13,14,12,12,13,13,12,13,12,10,11,12,13,12,14,11,14,13,12,10,10,14,0,11,14,11,14,13,13,12,14,10,13,11,12,11,13,13,11,14,10,14,11,12,14,14,12,14,14,12,10,11,13,14,14,12,13,13,13,10,14,14,14,11,12,14,12,10,11,10,10,13
13,13,12,10,13,12,12,10,14,14,14,10,11,13,12,14,12,10,13,10,14,11,10,10,10,10,0,14,14,11,12,13,14,11,12,13,14,11,14,13,10,11,13,11,10,10,13,14,14,11,13,13,10,12,10,13,11,12,12,14,13,13,12,13,11,10,14,14,14,14,12,12,12,12,12
13,11,10,10,14,11,10,14,12,12,13,13,12,10,13,11,11,14,14,14,12,13,14,14,14,10,14,0,10,10,13,11,10,13,14,11,11,11,12,13,13,13,13,10,11,13,12,12,13,10,12,11,12,13,12,10,10,12,11,10,13,12,14,14,13,10,13,10,12,14,11,10,14,11,11
11,13,13,12,10,12,13,11,10,12,12,14,12,10,13,11,14,14,11,14,11,13,13,11,10,14,12,14,0,13,13,11,11,11,12,11,11,11,14,10,13,10,10,14,12,10,11,10,14,14,13,12,10,12,12,10,13,14,12,12,11,14,13,12,11,10,11,13,10,14,11,14,14,14,12
14,10,13,11,10,13,13,13,10,10,10,10,13,14,11,12,12,14,12,14,14,12,13,13,11,14,13,10,14,0,12,13,12,11,10,12,10,14,13,11,13,12,11,12,11,10,10,12,13,13,11,14,10,12,10,13,11,11,10,10,10,14,13,13,13,12,13,14,13,11,11,13,13,12,13
12,12,14,11,12,10,12,14,12,13,12,12,10,11,11,10,13,14,12,11,13,14,13,14,14,12,10,13,12,11,0,13,10,12,13,13,11,12,14,13,14,13,14,10,10,10,14,12,12,12,10,13,14,10,11,10,12,13,10,12,14,14,14,12,11,14,11,14,12,13,14,13,13,10,13
13,13,13,13,13,10,14,13,10,12,13,14,10,11,13,10,12,11,12,13,14,13,12,14,10,14,14,10,14,12,11,0,14,13,12,13,11,14,10,12,12,14,11,13,14,12,10,11,13,13,12,12,12,11,12,13,14,10,13,12,14,10,14,13,13,11,13,10,12,13,11,10,11,13,10
13,12,10,13,11,10,12,11,11,11,10,13,13,11,13,14,10,10,13,13,11,10,13,10,12,14,14,13,14,12,12,10,0,13,11,13,11,13,12,12,12,11,14,12,11,12,12,14,14,14,14,11,10,13,10,13,13,14,10,10,11,10,13,11,14,14,14,10,12,12,12,10,13,13,10
11,11,12,12,12,10,14,10,14,10,10,11,11,12,12,14,12,13,11,10,12,12,13,13,11,13,11,12,11,11,14,13,12,0,12,13,11,11,12,12,10,12,14,13,10,13,12,12,12,10,13,10,11,11,12,13,13,13,13,10,14,13,12,13,12,11,12,14,14,14,10,12,10,10,11
13,12,13,12,14,13,10,14,12,13,11,12,11,14,14,14,13,12,11,13,11,10,11,11,14,10,13,13,13,14,10,14,10,10,0,14,11,14,10,13,11,13,14,14,10,10,13,11,10,14,14,11,14,13,12,14,13,11,12,13,14,10,11,11,12,12,12,11,10,14,13,14,13,14,10
14,12,10,10,10,10,14,12,14,13,13,10,11,13,10,11,14,12,11,14,10,12,13,12,13,13,11,10,10,11,14,12,10,13,12,0,12,12,11,12,13,10,12,12,12,14,11,10,13,10,13,13,12,12,14,14,12,14,12,12,11,13,13,12,12,14,10,10,13,10,13,13,13,14,13
14,12,10,10,12,11,13,13,10,12,12,12,10,10,13,10,12,10,13,10,14,11,10,14,12,14,11,12,13,11,14,10,12,13,10,11,0,11,13,10,10,13,10,13,14,10,12,14,14,14,10,11,13,14,14,13,13,12,11,13,13,14,10,14,13,13,12,14,12,10,11,13,13,14,13
12,14,12,10,13,10,10,12,12,13,10,10,10,13,10,12,14,10,10,11,11,12,10,14,11,13,12,12,13,13,11,12,13,11,11,14,10,0,11,12,12,13,12,13,11,13,12,12,11,12,13,12,12,13,13,12,14,13,12,14,10,13,12,13,14,11,12,12,13,11,10,11,13,13,13
13,13,14,13,11,13,11,11,10,10,10,14,13,10,14,11,10,12,11,11,13,10,13,13,10,10,10,13,14,11,11,14,13,10,14,13,10,10,0,11,10,14,11,12,13,13,12,14,11,13,14,10,14,11,12,14,12,10,10,13,10,13,12,11,13,13,11,10,13,10,11,11,10,11,11
11,12,12,14,14,12,11,13,14,10,10,12,12,11,10,12,12,14,11,11,11,12,10,13,14,12,12,10,11,12,13,10,13,10,10,12,10,11,10,0,10,14,10,13,11,13,11,13,13,12,13,13,11,13,14,14,14,11,13,14,12,10,10,12,11,11,10,14,12,11,13,11,11,14,10
11,11,13,13,10,13,14,14,12,12,13,11,11,13,11,10,10,11,11,13,10,13,13,11,14,12,11,10,11,14,11,12,12,13,12,12,10,13,13,11,0,12,10,13,14,13,10,14,11,11,10,13,10,10,10,14,13,13,12,13,13,11,13,12,13,11,11,14,13,10,13,14,11,13,14
10,14,10,13,13,14,13,10,14,10,10,10,11,11,13,14,13,13,14,10,14,14,13,14,12,11,11,10,11,12,10,11,12,10,10,14,13,14,13,14,14,0,11,14,11,13,10,14,12,10,11,10,11,11,13,10,11,11,10,10,11,12,12,13,11,10,13,13,11,11,13,10,14,14,10
10,12,14,11,10,12,12,14,10,10,12,14,14,14,14,13,13,13,13,12,11,11,12,12,11,14,11,12,10,11,10,10,11,11,12,12,11,14,14,13,14,13,0,12,13,13,10,13,14,11,12,10,12,10,12,13,14,14,12,10,11,10,14,13,14,14,11,12,13,11,11,12,13,13,10
13,13,14,13,13,11,11,12,11,12,11,13,10,14,13,13,13,14,14,13,12,14,14,13,14,12,12,10,12,14,10,11,14,10,13,10,14,11,13,13,14,13,13,0,11,12,10,11,13,10,13,13,13,13,14,12,13,13,10,14,11,13,10,10,11,12,14,14,10,10,12,13,11,11,10
13,14,11,13,10,13,10,14,10,13,11,12,12,14,12,10,12,14,11,11,10,13,12,11,14,12,11,11,12,12,10,11,12,12,10,13,12,14,10,10,11,14,10,12,0,10,10,12,14,12,10,10,14,10,14,10,14,11,14,14,13,12,14,11,13,13,14,14,14,14,13,12,12,13,10
10,11,13,10,11,14,10,11,13,12,11,10,11,12,12,10,11,12,10,11,13,12,13,12,13,11,10,12,10,14,12,13,10,14,14,14,11,11,12,14,12,10,10,13,11,0,12,12,11,12,13,11,14,11,12,12,13,13,10,11,10,13,13,11,14,10,13,14,12,13,13,13,14,10,10
13,13,11,14,11,10,13,13,10,12,12,12,11,13,11,11,10,11,10,12,11,14,14,11,12,13,12,14,13,13,14,12,14,11,13,13,11,13,14,10,11,10,12,13,12,13,0,11,11,10,12,12,12,14,13,14,13,14,10,11,12,12,14,14,11,12,10,12,10,14,13,14,12,11,14
10,10,12,10,13,14,11,11,13,11,11,12,12,11,11,14,14,10,11,11,12,12,10,11,10,11,10,11,11,12,12,10,10,14,12,13,11,14,11,11,10,11,10,13,10,10,12,0,10,13,14,13,13,10,14,12,12,14,10,14,11,14,10,14,10,13,10,11,12,13,13,13,10,14,14
11,10,12,12,11,10,14,14,13,12,13,13,14,10,12,10,13,11,14,14,12,10,12,14,14,14,14,14,11,14,11,13,14,10,13,11,10,12,14,14,12,14,11,12,12,14,11,10,0,10,13,14,11,10,14,12,10,13,12,12,11,11,14,12,13,10,10,14,13,12,11,14,11,12,10
12,12,13,10,12,14,12,13,14,13,10,10,13,10,13,12,12,12,14,12,13,13,11,13,11,12,10,12,13,13,13,13,14,14,11,14,12,13,10,13,14,12,14,14,12,10,11,13,10,0,14,13,11,11,14,12,13,11,10,13,10,14,14,14,11,14,12,10,13,13,13,10,14,12,11
13,10,13,11,10,11,10,11,12,14,10,11,12,14,12,12,13,11,14,14,13,14,13,13,10,10,14,13,10,11,13,14,14,14,11,11,10,14,10,11,14,12,12,14,10,12,14,10,11,10,0,14,14,14,12,13,14,12,10,11,14,12,12,11,10,11,10,12,13,13,10,12,14,11,13
14,11,11,13,12,13,11,13,11,14,12,14,14,11,11,12,14,14,13,10,14,12,11,11,13,10,14,11,12,10,12,10,12,11,12,11,12,14,13,12,13,13,10,11,13,11,11,10,11,10,10,0,13,10,10,13,12,10,10,14,12,14,14,11,10,11,11,11,13,13,14,10,10,11,10
12,11,12,14,13,11,14,13,14,12,10,14,14,11,12,10,11,11,14,11,13,14,11,14,10,11,10,12,12,12,14,10,12,10,13,12,10,10,12,13,13,10,14,14,10,12,12,10,11,13,12,13,0,10,14,12,13,14,12,14,11,11,11,11,12,12,14,12,14,13,10,10,10,14,11
13,13,14,12,13,13,14,10,10,13,14,11,10,12,12,10,12,12,11,10,11,11,13,12,11,11,14,12,11,11,13,12,14,13,11,14,13,12,13,10,11,11,10,13,12,11,14,14,11,13,12,12,13,0,13,10,11,14,12,11,12,13,12,13,14,10,12,12,11,10,13,11,10,14,10
14,10,10,10,14,10,12,10,10,13,13,11,13,10,13,14,10,11,10,11,12,14,13,11,12,10,13,13,14,13,11,12,12,12,14,14,11,13,13,10,10,13,11,14,11,13,13,12,12,10,13,10,14,13,0,13,14,11,13,12,13,11,13,10,12,12,10,13,10,10,13,13,11,13,10
10,14,13,13,14,14,12,11,11,13,10,11,13,14,14,14,12,12,11,14,13,11,12,13,12,10,10,12,11,13,12,11,12,13,12,13,11,12,14,13,11,14,12,12,11,10,12,14,11,10,11,10,10,13,11,0,14,12,14,11,14,14,14,10,12,10,13,14,14,12,10,13,10,13,12
13,14,13,14,12,11,13,10,11,10,12,12,11,13,12,12,11,11,10,14,14,11,14,14,11,13,11,12,11,10,12,10,11,12,10,12,10,12,12,10,11,13,13,14,10,13,12,10,12,14,13,11,14,13,13,11,0,14,13,13,13,14,10,14,10,13,11,10,13,13,14,11,14,14,10
13,11,13,14,14,13,10,10,10,12,11,11,11,12,14,14,12,12,13,13,10,10,13,13,11,14,12,13,12,12,13,14,11,13,10,12,12,10,14,14,13,14,14,12,13,12,14,13,14,14,12,14,10,11,14,12,12,0,10,13,14,10,11,13,13,13,12,14,13,12,12,11,12,12,14
10,11,11,11,14,14,10,14,14,12,14,13,13,10,14,12,14,12,12,14,13,11,10,11,13,10,12,11,11,12,13,10,11,11,10,12,11,10,10,13,14,11,12,10,13,10,14,13,13,14,12,13,14,12,10,14,11,10,0,13,14,11,14,13,12,14,14,11,12,14,11,11,14,12,13
10,11,13,14,12,12,11,14,12,11,14,14,10,13,11,11,11,11,12,10,12,10,13,10,10,14,13,12,13,11,13,12,11,11,12,13,10,11,13,10,12,12,11,11,12,10,13,12,10,13,10,14,12,11,11,10,13,13,13,0,12,14,14,10,10,12,12,13,14,11,12,11,14,13,11
13,14,13,12,12,10,10,10,11,10,10,13,10,14,14,11,10,11,12,10,10,13,11,10,13,10,12,14,11,13,11,11,11,10,13,11,11,11,11,13,12,14,13,14,10,14,11,13,14,14,12,10,12,13,10,14,13,13,13,12,0,13,11,14,12,14,14,11,14,11,12,10,13,10,14
12,11,14,11,10,14,13,13,14,11,10,11,13,13,14,13,13,13,12,13,10,11,10,10,10,10,12,11,12,11,14,13,14,13,10,14,10,11,12,13,13,14,11,12,12,12,10,12,10,12,14,12,11,11,13,11,11,14,11,10,12,0,11,11,12,12,11,11,10,13,10,13,12,10,14
10,10,14,12,13,12,14,14,11,14,12,11,12,13,14,13,13,10,14,12,11,11,13,13,10,10,11,10,14,10,14,11,12,11,11,13,11,13,11,13,11,12,10,11,10,10,14,13,11,14,12,12,12,12,13,13,11,11,12,12,11,14,0,10,11,10,10,14,11,11,10,12,14,14,11
11,13,11,11,13,10,11,13,13,14,13,11,14,14,13,13,11,14,11,13,12,12,12,13,11,14,10,13,11,11,12,12,12,11,11,14,11,14,13,12,11,13,10,10,13,13,11,10,12,13,13,12,12,11,14,14,11,12,10,13,14,13,11,0,12,12,10,14,12,12,14,11,12,11,14
11,13,11,11,10,13,12,10,10,13,12,14,14,11,12,12,12,14,14,14,12,13,12,13,13,13,14,14,12,12,11,11,11,12,14,10,12,14,12,11,11,13,12,12,14,12,10,12,10,10,11,12,12,11,11,13,11,12,13,12,14,12,13,12,0,11,10,13,12,11,12,14,13,12,12
13,14,11,14,13,11,12,11,14,11,11,14,14,14,11,11,13,14,11,14,12,13,10,14,11,14,13,13,11,13,10,13,10,14,13,12,12,12,14,12,14,13,13,11,11,12,11,14,10,10,13,14,11,12,10,14,13,11,12,14,12,14,14,10,11,0,13,14,14,11,13,13,10,10,14
10,14,14,14,13,14,13,14,12,10,14,11,11,13,13,13,14,10,10,10,14,10,13,13,14,12,12,11,13,12,11,13,13,12,12,11,14,13,13,13,11,12,11,14,11,14,12,11,10,12,13,12,10,10,14,14,11,11,14,10,11,11,11,14,13,10,0,12,13,10,12,13,10,12,11
13,11,13,14,11,10,10,11,10,11,14,14,12,13,13,12,10,13,13,13,12,14,11,12,10,10,12,13,10,13,13,12,10,13,11,12,11,11,14,14,14,14,11,10,10,14,12,13,10,13,11,10,11,14,14,14,10,11,13,10,12,12,11,11,12,11,14,0,14,12,10,11,13,13,14
14,12,13,10,12,10,12,13,13,11,11,12,10,11,14,12,12,14,13,14,11,12,13,14,12,13,10,13,11,14,12,13,12,12,10,12,10,14,14,13,12,14,13,14,10,10,11,13,14,14,13,11,10,14,13,11,13,14,13,13,14,14,11,13,14,13,10,13,0,11,11,11,12,10,14
11,12,13,13,13,12,12,12,13,11,11,11,13,12,14,13,13,11,11,10,13,13,12,10,10,12,14,12,11,12,13,11,10,10,12,10,13,14,10,10,11,12,10,14,12,12,14,12,14,13,13,10,10,10,11,12,14,12,13,11,12,14,10,11,13,10,11,12,14,0,13,14,14,10,10
13,11,13,12,13,13,12,12,13,13,14,13,10,14,14,14,11,10,11,14,13,12,11,14,11,11,10,12,12,10,13,13,14,14,11,10,14,12,14,10,13,10,10,11,11,14,14,11,13,10,11,13,13,11,12,11,14,13,10,11,12,10,14,13,10,11,14,11,13,14,0,10,14,11,11
10,13,11,10,13,12,12,14,13,12,13,10,10,12,12,14,11,10,11,12,12,13,10,12,11,14,10,13,13,13,14,12,11,12,11,13,10,14,10,13,14,12,11,11,14,14,10,11,14,13,13,14,12,13,13,11,13,14,13,13,11,14,10,14,12,10,13,13,11,13,14,0,11,10,12
13,14,12,13,12,11,14,13,13,10,10,10,14,13,14,14,10,11,10,12,11,14,12,11,13,13,11,12,10,10,14,11,14,10,14,13,14,14,11,11,13,12,10,10,14,12,11,10,14,11,12,13,11,12,10,14,12,10,14,14,10,11,13,13,11,14,11,14,13,10,10,11,0,10,14
13,13,14,12,12,11,12,11,13,13,12,11,10,11,14,10,10,14,14,11,11,11,14,12,14,14,11,11,11,13,11,11,12,12,14,11,10,10,13,13,12,14,13,10,10,10,14,14,10,13,10,11,11,13,13,11,14,11,12,12,10,10,14,14,11,10,13,13,11,12,10,10,10,0,11
14,11,13,13,11,14,10,11,11,13,12,10,14,14,13,12,12,13,12,10,13,11,10,14,13,10,11,11,13,12,12,10,10,10,13,11,13,10,10,13,12,13,14,10,11,11,10,13,14,14,10,11,12,10,12,13,11,14,10,10,12,13,13,13,10,12,10,14,10,12,14,11,12,13,0
