R=75
Pi=(12,16,18,11,15,11,12,19,13,13,15,18,16,10,10,19,11,18,17,14,12,15,14,10,19,14,15,15,13,14,12,12,15,10,16,18,15,14,18,16,18,15,18,16,14,14,13,15,14,16,17,10,18,10,17,17,11,17,12,11,16,17,15,18,10,12,13,16,13,11,13,16,19,10,16)
A=
1,2,0
3,4,0
5,6,0
6,7,57
7,8,57
9,10,0
11,12,51
13,14,46
14,15,0
18,20,57
20,22,0
21,23,55
22,24,0
24,26,50
25,27,0
26,28,0
28,30,0
29,31,0
30,32,43
31,33,58
36,38,0
39,41,40
40,42,46
41,43,0
42,44,46
43,45,0
46,48,45
48,50,0
49,51,0
51,53,48
54,56,0
56,58,48
66,68,55
70,72,46
71,73,58
72,74,0
73,75,53
Sij=
0,13,14,10,14,14,11,12,11,10,14,10,14,13,13,13,13,14,10,10,10,11,11,12,14,10,14,11,13,10,11,10,11,14,11,14,11,10,12,13,11,14,11,12,10,10,14,12,14,11,10,13,14,10,11,11,12,11,11,14,10,10,14,11,13,13,14,10,12,13,11,13,12,12,14
11,0,10,14,12,14,10,11,11,11,10,13,10,10,12,14,12,10,14,12,13,11,14,10,13,11,10,13,14,10,14,12,10,12,11,10,11,13,13,11,13,13,13,12,10,14,12,13,13,12,11,10,14,14,14,13,11,10,10,11,13,12,11,10,11,12,13,13,14,12,13,14,12,12,14
14,12,0,12,14,14,13,12,10,11,14,14,13,10,13,12,13,10,12,12,12,11,11,12,10,13,11,14,13,10,14,12,13,11,10,14,10,14,11,11,12,11,11,10,11,12,14,12,14,11,13,12,11,10,10,13,12,10,12,11,13,13,13,14,12,12,10,11,10,13,11,14,14,11,14
11,14,11,0,11,12,13,13,10,12,12,12,10,13,11,11,11,10,12,10,13,13,12,12,12,13,11,13,12,10,10,14,12,10,10,13,14,11,13,14,12,14,13,11,12,10,11,12,10,13,12,10,12,14,13,10,13,11,14,12,10,14,10,14,11,13,14,10,12,12,12,10,12,12,12
13,14,11,10,0,12,11,14,13,13,13,14,11,13,12,14,10,12,12,10,13,12,14,14,14,13,11,11,14,12,11,11,13,14,12,10,11,12,11,11,10,11,11,12,11,12,11,10,13,13,12,10,13,11,14,14,14,10,11,11,11,10,10,10,12,11,10,11,11,11,13,12,10,10,14
12,11,11,13,11,0,11,10,13,11,14,10,13,11,10,13,10,10,10,14,10,10,11,10,14,14,12,14,14,11,14,14,14,12,11,12,12,12,11,14,14,10,12,13,11,12,12,13,11,12,11,12,11,10,14,14,11,10,12,13,14,11,10,11,11,14,10,10,10,13,10,13,14,10,10
10,13,12,14,12,11,0,14,13,11,10,11,12,14,12,12,10,12,14,12,10,12,14,10,12,11,11,12,13,13,12,12,13,11,10,14,11,14,11,10,12,10,13,14,11,10,11,11,12,13,12,12,14,11,10,12,10,12,14,12,11,14,10,10,13,12,13,11,13,13,10,11,11,14,10
10,14,10,13,12,14,14,0,14,10,10,10,13,12,11,13,14,13,14,13,13,13,14,12,10,13,11,14,12,14,12,10,11,14,11,14,12,14,13,12,13,11,14,10,14,13,14,11,10,10,13,11,12,13,10,12,11,11,10,14,10,14,11,14,12,10,13,13,10,11,10,14,14,11,14
12,13,13,12,11,14,10,14,0,12,10,10,12,12,13,14,12,10,14,14,12,13,14,10,12,14,14,10,10,13,14,14,11,11,13,13,14,13,14,13,10,14,10,14,14,12,12,10,14,11,14,14,14,10,13,11,12,12,10,12,12,13,10,10,12,10,13,11,14,10,14,14,11,11,13
13,12,10,10,10,12,13,10,13,0,14,14,10,10,13,11,10,11,12,11,11,12,14,10,11,13,13,11,11,14,11,14,13,13,12,10,14,12,12,14,10,13,12,11,10,12,10,13,13,13,10,13,11,14,10,11,13,12,13,12,12,11,12,11,11,14,11,12,13,12,12,13,14,12,10
13,14,12,14,13,12,10,13,13,13,0,13,13,13,12,11,11,12,13,14,12,14,10,10,14,11,11,13,14,10,11,11,14,14,14,12,11,10,12,14,10,12,12,14,12,13,11,12,14,11,10,14,14,14,10,11,12,14,13,12,12,13,10,12,12,12,13,13,14,10,10,10,14,13,14
10,11,11,12,10,14,14,14,13,14,11,0,11,14,13,12,14,12,12,14,12,11,11,14,12,10,10,12,12,13,11,10,10,11,10,10,14,10,11,12,13,13,14,12,13,10,10,13,10,11,10,13,12,14,11,12,13,11,14,12,10,12,11,10,11,14,11,10,14,13,12,14,10,10,11
14,12,14,11,11,10,11,12,11,13,13,12,0,10,10,12,11,12,11,14,11,11,12,13,10,14,14,10,13,11,14,11,12,12,13,11,14,13,10,12,11,13,14,10,12,13,11,11,14,11,12,10,12,11,14,10,11,14,14,11,12,10,12,10,11,11,10,10,12,13,12,13,12,14,12
12,11,12,10,11,12,13,10,12,14,13,14,11,0,12,12,14,10,14,13,10,11,10,13,13,11,13,11,13,11,13,13,13,13,13,11,13,14,14,12,14,14,14,10,11,13,12,13,12,14,13,12,13,13,13,10,12,12,14,14,13,11,14,13,13,10,10,11,13,11,14,10,11,11,14
10,11,10,12,10,14,14,14,14,12,11,10,10,14,0,12,14,10,10,14,14,12,10,11,12,10,12,11,10,10,14,13,11,12,13,12,13,12,10,14,14,13,12,14,11,12,10,10,11,10,12,13,14,11,11,11,10,10,12,11,12,13,14,13,14,14,14,12,11,11,13,12,10,11,10
10,10,10,10,14,10,11,14,14,13,11,13,14,10,11,0,12,13,14,13,11,11,14,14,14,11,12,13,14,10,11,14,13,13,11,11,11,10,10,12,11,11,13,14,14,13,10,10,11,10,14,10,13,11,14,13,11,11,10,13,12,11,12,14,13,14,12,10,13,14,10,11,12,11,11
14,13,10,14,11,11,12,11,14,10,10,11,11,13,13,14,0,14,14,12,10,10,14,14,11,10,10,10,11,11,14,12,13,11,10,10,14,10,11,14,11,10,10,13,13,12,12,11,11,10,10,11,12,14,10,11,10,14,14,14,10,10,10,10,14,13,12,14,11,13,13,14,12,14,10
10,14,10,10,13,12,14,13,11,11,13,10,13,10,13,14,10,0,11,11,14,10,14,14,13,10,10,12,14,12,11,11,13,12,13,10,11,14,13,10,12,10,11,14,14,11,12,13,13,12,14,12,12,10,10,10,11,10,12,10,13,14,14,11,14,10,10,12,14,10,12,14,12,10,14
13,13,14,10,12,12,11,13,12,13,14,13,12,12,13,14,11,12,0,12,12,12,11,10,14,14,11,10,14,13,10,10,10,11,11,11,11,11,10,14,12,12,10,12,12,10,11,12,14,10,11,10,11,14,13,12,12,12,14,11,11,12,12,10,11,13,13,12,11,11,12,12,11,12,10
10,11,13,13,14,12,13,10,13,12,14,13,10,13,14,13,13,11,13,0,13,14,10,10,10,14,11,14,11,13,13,13,14,14,13,13,10,13,14,10,13,13,12,13,13,12,10,13,14,12,12,13,11,12,14,11,10,11,13,14,12,13,11,11,14,13,14,14,11,14,13,10,14,10,14
10,12,11,11,13,14,13,10,14,10,14,12,12,10,12,13,13,10,10,12,0,10,11,10,14,14,12,10,11,14,13,12,14,10,12,13,13,13,10,14,10,14,12,12,11,10,11,12,13,13,11,14,14,14,13,14,14,11,12,11,11,13,12,11,10,13,14,11,10,11,13,14,13,10,14
13,13,13,14,13,13,10,12,12,12,13,12,10,12,13,14,12,11,13,13,12,0,12,11,12,12,10,10,11,12,10,12,11,14,14,14,11,11,11,13,13,11,10,14,13,11,11,14,14,12,12,11,12,10,12,12,11,11,10,12,13,13,13,14,12,10,12,13,11,12,11,12,10,13,14
12,11,12,13,10,11,11,10,14,14,13,14,10,11,11,13,14,10,14,14,10,12,0,11,12,12,13,12,13,11,10,14,10,14,10,10,11,14,13,14,10,12,12,13,10,13,10,12,11,14,14,12,12,11,14,14,14,10,14,10,12,13,12,14,14,14,13,10,14,11,10,13,11,11,13
11,12,13,10,13,12,11,10,13,12,13,12,14,14,11,10,11,14,13,12,12,14,13,0,14,10,10,10,12,10,13,10,10,11,12,12,11,10,14,11,13,10,12,14,11,10,12,13,10,13,10,14,14,13,13,11,12,14,13,10,12,11,14,10,10,11,12,11,11,12,10,14,12,12,10
11,14,10,11,14,13,12,14,14,10,14,10,12,12,11,14,11,11,13,13,11,11,12,14,0,10,13,10,11,12,12,10,12,11,13,11,11,11,13,14,11,10,11,14,14,10,10,14,14,10,12,13,13,13,14,13,14,12,11,10,10,13,10,11,11,14,12,14,14,10,10,13,13,11,11
12,14,12,12,13,14,13,11,10,14,14,12,14,12,14,11,13,10,12,14,13,10,14,13,10,0,13,11,14,13,10,14,10,11,11,12,13,12,10,13,10,11,11,14,11,12,12,12,12,10,13,11,12,11,12,12,12,14,13,12,14,13,13,12,10,10,13,11,12,14,10,14,13,12,11
12,12,10,12,10,13,10,14,14,14,14,11,14,13,13,14,14,13,13,13,12,13,13,14,11,13,0,10,10,12,14,14,12,10,14,10,10,11,11,13,13,13,14,14,13,10,13,14,13,13,10,11,10,10,13,14,14,13,11,11,12,12,10,11,10,10,11,10,14,12,13,13,12,10,14
14,12,13,10,13,12,13,12,11,12,12,14,12,11,10,11,11,10,10,10,11,13,12,14,12,14,12,0,10,10,10,11,14,14,11,14,11,10,12,12,13,13,10,13,14,12,10,14,14,14,11,11,12,11,14,13,10,10,14,12,14,14,13,11,11,10,13,10,10,12,14,11,14,12,11
12,10,14,12,11,12,14,13,11,14,14,14,12,14,13,13,10,10,14,13,13,10,13,12,14,13,10,13,0,11,14,10,12,14,10,12,12,11,12,12,10,14,11,12,11,11,10,11,10,12,13,13,10,14,14,13,11,12,12,13,13,11,11,11,11,14,12,14,12,11,10,12,13,13,14
14,12,12,11,10,13,12,14,11,12,11,14,12,10,11,11,10,14,14,14,13,13,14,11,12,14,11,14,14,0,11,11,10,11,14,10,11,13,10,11,14,11,12,14,13,14,14,14,14,10,10,10,13,13,14,10,10,12,11,14,11,12,12,10,14,11,11,13,12,10,10,12,10,12,14
12,11,13,11,11,12,10,12,14,13,10,13,11,12,14,14,13,12,10,14,12,13,11,10,12,13,11,11,13,14,0,13,10,10,13,11,14,11,11,10,11,11,10,13,12,13,12,14,10,13,10,12,10,14,13,12,13,14,13,13,13,11,13,13,14,10,10,13,13,10,10,12,12,11,14
13,12,10,14,11,14,14,10,13,13,12,13,11,12,11,12,14,13,12,11,14,12,11,13,11,13,14,11,14,13,12,0,14,13,14,10,10,13,10,11,14,13,10,10,10,12,11,13,11,11,12,11,14,14,10,14,10,10,11,12,12,14,13,11,14,10,12,10,11,11,11,14,14,11,13
12,14,12,11,11,10,10,13,14,11,12,13,10,13,10,14,14,11,12,13,14,10,14,10,10,10,11,11,14,10,13,12,0,12,11,12,10,13,14,10,12,12,10,13,14,12,11,12,11,11,12,11,12,11,12,13,12,14,11,11,11,13,13,14,13,13,10,11,13,10,14,11,10,11,14
11,13,11,10,13,13,12,14,14,11,14,10,10,14,12,10,10,11,12,14,14,14,11,10,10,12,14,13,11,12,11,11,11,0,11,11,14,10,14,13,12,13,13,13,12,14,12,14,12,10,10,14,14,12,11,10,11,12,11,14,10,14,13,13,12,10,12,13,13,12,13,14,10,13,10
10,11,10,13,10,13,12,12,13,10,12,11,13,10,11,10,12,13,10,12,13,14,14,10,12,11,14,10,10,12,10,13,11,12,0,10,14,10,14,10,11,12,12,10,13,10,14,13,13,12,12,11,10,10,10,11,10,11,14,11,14,13,11,11,10,14,14,10,11,14,11,14,12,13,13
14,11,14,10,10,13,13,10,13,12,11,14,12,10,10,14,12,11,13,11,12,10,10,14,14,10,13,11,13,10,12,13,12,12,10,0,10,11,10,14,12,11,12,13,14,14,14,11,14,11,14,13,13,14,12,11,14,11,14,11,10,14,11,12,12,14,13,12,10,14,14,13,12,12,10
10,14,12,11,10,14,14,13,14,13,12,14,13,10,10,11,14,11,13,14,13,14,10,10,14,11,12,11,10,12,11,11,10,14,11,11,0,11,14,14,12,10,10,11,13,10,10,14,11,14,12,14,11,13,13,11,10,13,11,11,13,12,12,13,12,12,10,13,14,13,14,10,14,12,11
13,13,13,12,10,14,12,10,11,12,12,10,13,12,12,11,12,10,12,10,14,12,11,13,11,14,11,14,12,10,12,14,14,11,10,13,11,0,11,10,12,11,12,11,11,14,11,12,11,12,12,11,14,11,11,12,10,11,14,11,10,12,12,12,10,14,13,11,11,12,13,10,11,14,10
13,12,11,10,14,14,12,10,12,10,13,13,12,12,14,14,12,11,14,10,14,14,14,10,11,11,10,10,13,13,12,10,10,11,13,14,13,10,0,10,12,13,12,10,11,11,11,10,13,12,12,11,13,11,14,10,14,13,10,14,13,13,11,11,14,13,13,12,10,14,14,11,11,11,12
11,11,14,12,13,14,10,11,13,10,11,13,13,11,11,13,11,12,11,12,13,11,11,11,13,13,13,14,14,12,11,10,12,13,12,13,10,10,12,0,14,12,11,13,11,12,14,10,11,14,10,13,13,10,13,13,10,10,13,14,10,10,10,12,10,13,11,11,14,13,13,13,11,10,11
14,12,12,14,13,13,12,12,10,14,14,13,10,13,14,11,12,12,11,11,13,11,14,12,13,11,13,10,12,10,12,11,13,13,14,11,12,11,14,10,0,12,13,10,13,11,10,11,13,14,12,11,11,10,13,13,13,12,10,11,12,10,12,14,10,12,12,14,11,14,13,14,10,12,10
14,14,11,11,11,12,10,14,11,10,13,10,11,14,10,11,14,12,10,12,10,10,14,14,11,13,10,14,14,11,12,10,13,10,14,13,11,11,14,13,11,0,10,11,13,11,11,10,10,11,13,13,11,14,14,14,13,10,11,10,12,12,10,10,14,12,12,11,11,10,11,14,12,12,12
10,14,14,10,13,14,12,10,13,11,12,11,11,13,10,10,12,14,11,11,10,10,10,11,10,13,14,14,14,14,13,11,14,12,13,14,14,10,13,10,14,12,0,12,14,11,11,11,12,11,10,14,14,11,11,11,14,14,12,14,10,10,13,11,13,12,11,12,13,10,10,10,12,11,11
12,13,13,11,14,14,11,11,12,13,10,13,14,12,11,13,10,11,10,13,14,10,10,13,11,10,14,13,12,10,14,12,13,14,13,12,11,12,13,10,13,14,11,0,12,13,13,11,14,12,11,14,14,11,13,11,11,12,14,14,14,14,12,13,11,14,12,10,10,13,13,12,12,13,10
14,10,14,13,10,13,13,10,11,11,11,10,11,10,12,12,10,12,13,13,10,10,10,14,13,10,13,11,10,14,13,11,11,10,13,11,11,14,13,11,10,14,11,11,0,10,14,11,14,12,11,12,10,14,14,10,13,14,10,14,14,14,11,10,11,12,14,13,10,12,11,10,10,13,12
13,11,14,14,13,14,13,14,14,13,11,13,12,12,14,14,12,11,14,13,11,13,14,14,13,11,10,11,12,10,10,12,11,12,11,14,14,14,11,10,11,10,12,11,10,0,13,12,11,10,12,13,14,11,14,10,14,12,14,10,12,13,12,11,13,12,14,12,14,10,10,10,12,14,14
12,10,11,12,14,14,13,13,10,14,12,11,10,12,11,11,11,10,14,14,11,13,13,13,13,11,11,12,10,10,12,11,14,12,11,14,12,14,14,10,13,14,12,11,11,11,0,13,10,13,13,13,10,12,10,12,14,12,12,13,13,13,10,13,10,12,10,12,13,10,11,14,12,10,14
10,11,10,12,12,12,12,11,14,11,11,12,13,13,14,12,12,14,10,11,12,12,11,12,14,10,13,14,10,11,14,11,14,13,10,11,13,14,10,11,10,11,11,11,13,10,12,0,13,14,12,14,14,11,13,12,12,10,13,13,11,13,13,11,13,11,14,12,14,13,13,14,12,14,14
10,10,11,14,13,13,13,14,10,12,11,10,14,10,11,12,10,14,11,14,12,12,10,13,10,14,12,12,10,10,12,11,14,12,13,11,11,10,14,14,13,14,13,13,11,10,14,11,0,12,10,12,10,11,14,12,13,14,13,14,14,10,10,14,14,10,10,10,12,12,14,11,10,14,12
11,13,14,11,11,14,14,11,14,14,12,12,10,10,14,14,11,12,11,14,14,12,14,13,12,10,10,11,14,13,14,12,10,13,13,13,14,13,11,14,10,14,10,10,11,13,10,10,13,0,13,13,13,14,10,13,13,13,10,14,10,14,12,11,11,10,10,11,11,12,11,10,13,11,11
14,14,12,14,11,14,10,14,13,10,14,10,13,10,10,14,10,13,14,10,10,13,12,13,10,11,11,13,13,11,13,14,12,12,10,13,11,14,14,14,10,14,13,11,12,14,12,11,10,12,0,10,11,14,10,10,11,12,13,14,10,13,12,11,11,12,10,13,10,14,12,12,10,14,14
10,11,14,11,11,10,13,14,12,10,10,11,14,12,12,14,10,12,10,13,11,12,12,11,13,11,11,12,12,13,14,10,12,10,14,13,11,11,12,13,12,13,14,10,10,11,10,10,13,10,11,0,10,14,10,12,12,13,12,13,14,14,11,12,14,10,10,13,14,12,13,12,14,10,12
11,13,13,12,10,11,11,10,13,12,11,14,10,12,12,11,10,13,12,12,14,10,11,14,10,10,12,10,13,10,12,11,14,12,13,14,14,11,11,11,13,13,12,14,13,10,14,11,12,10,13,13,0,12,12,12,11,11,14,11,10,13,10,12,13,14,14,10,13,14,12,12,13,12,11
14,10,13,11,10,14,11,11,13,12,12,13,14,12,14,11,12,10,14,11,12,12,11,13,14,13,10,10,11,14,13,14,11,10,13,12,13,10,13,12,14,12,12,14,11,11,14,13,13,12,14,12,13,0,10,13,11,14,14,11,12,13,10,14,13,13,12,12,13,14,12,13,12,11,12
12,10,10,11,12,13,13,12,11,14,14,11,11,11,12,11,13,13,13,11,14,14,12,13,10,14,14,10,13,11,13,12,10,11,13,13,11,12,12,13,13,10,13,10,14,12,11,10,11,12,13,10,14,10,0,12,13,12,12,10,13,14,13,13,10,10,12,10,14,13,13,14,11,11,10
13,13,10,12,13,13,13,13,14,10,13,13,12,14,13,10,10,13,11,14,13,10,12,13,14,11,11,11,12,12,13,12,13,13,12,14,12,10,13,12,14,11,13,12,12,12,14,11,11,12,13,10,14,12,11,0,12,11,12,12,12,12,11,10,11,12,10,14,14,12,13,12,10,10,14
14,12,11,14,11,11,11,10,14,14,14,12,13,10,11,14,13,14,12,10,10,13,11,12,14,11,12,10,14,12,10,12,10,10,13,14,11,11,11,11,11,11,11,10,11,10,12,13,12,12,10,13,12,14,13,10,0,10,13,14,14,14,10,11,12,14,11,12,12,12,12,13,12,13,11
14,13,11,10,10,14,14,13,13,11,12,12,10,10,11,12,14,12,11,12,12,10,10,14,10,10,13,14,11,10,14,13,10,11,14,10,14,14,13,14,14,10,11,14,14,12,11,11,10,10,12,10,10,10,14,14,12,0,11,10,10,11,14,12,13,12,14,12,13,11,11,12,14,14,11
12,11,13,10,14,13,13,12,14,11,12,13,12,14,12,10,12,13,14,12,13,14,12,13,12,10,10,12,14,13,12,13,11,13,13,12,10,12,11,12,11,14,10,11,11,13,11,12,11,10,14,14,14,11,13,12,14,10,0,13,14,12,10,12,10,13,13,12,14,10,10,10,10,11,12
10,14,14,11,11,14,13,12,11,14,14,13,14,14,14,10,12,14,13,12,14,11,11,10,12,13,10,11,11,10,10,14,12,12,10,13,13,13,13,14,10,10,13,12,10,10,14,13,14,10,12,10,11,14,13,14,12,13,13,0,13,13,11,10,10,14,10,10,12,13,11,12,14,11,14
11,14,12,13,14,11,13,12,12,11,13,14,13,13,13,11,10,14,14,14,10,14,14,12,13,10,10,12,14,13,12,13,14,11,13,13,12,13,13,11,14,10,14,14,12,14,11,11,13,12,10,12,14,11,13,12,10,14,10,14,0,11,11,13,13,13,10,10,11,10,14,13,12,11,13
10,10,14,14,10,14,13,14,14,11,13,10,13,13,12,11,13,12,13,14,10,13,12,10,10,12,14,10,11,13,14,12,11,11,11,13,12,10,14,11,10,12,12,12,10,13,11,12,13,14,11,10,13,11,13,11,13,13,14,12,14,0,13,12,10,11,10,14,11,12,14,13,13,13,12
14,13,10,14,10,11,10,12,11,12,11,13,14,14,13,14,10,13,10,11,11,11,14,11,10,14,14,14,10,14,10,12,12,11,11,14,11,13,13,12,12,12,12,10,14,13,11,14,13,12,13,10,12,12,10,13,13,13,13,10,12,10,0,12,12,11,14,11,12,13,13,12,11,10,12
13,13,14,13,12,12,13,10,11,12,10,14,14,14,11,13,11,12,14,12,10,11,10,10,13,14,11,13,11,14,10,11,14,10,13,11,13,10,11,11,11,12,14,10,11,11,14,11,11,14,12,10,11,12,12,12,13,14,14,12,10,14,14,0,11,11,14,10,14,10,14,14,10,11,13
10,13,12,10,13,12,10,14,12,11,12,10,14,12,12,11,13,14,10,13,10,12,12,12,13,11,11,10,11,11,14,11,13,13,11,14,10,12,10,12,12,10,11,12,14,11,14,12,11,14,10,10,14,13,13,13,10,14,12,12,10,14,13,10,0,12,10,11,11,10,13,11,11,14,13
10,14,10,10,13,11,12,13,13,11,11,14,12,10,14,13,13,10,10,13,12,13,11,11,10,13,10,13,12,13,13,14,11,11,12,13,13,10,10,10,14,11,11,12,14,12,13,10,11,12,14,10,10,10,11,12,12,13,14,10,11,14,11,14,13,0,12,12,11,12,11,14,13,14,14
13,10,11,14,11,12,10,14,11,10,14,12,13,10,14,10,10,14,10,10,14,10,10,11,14,12,10,12,13,10,12,10,11,10,12,10,10,13,11,11,10,12,12,10,10,10,13,11,11,12,10,14,13,13,10,13,10,14,14,14,12,12,11,10,12,13,0,11,13,13,14,14,12,12,14
10,12,12,14,11,14,13,13,10,11,10,12,12,12,14,14,14,11,13,12,14,12,10,12,12,11,13,10,13,11,12,13,12,14,13,13,10,11,13,10,11,14,11,14,10,10,11,14,13,14,10,13,13,10,14,13,11,10,11,14,10,13,14,14,13,11,10,0,13,13,11,13,12,12,12
10,14,10,11,11,12,10,14,12,14,11,13,14,11,14,10,12,10,10,13,10,13,14,12,10,13,14,13,10,11,10,12,11,11,14,14,13,10,13,13,14,10,10,10,12,10,12,14,14,13,13,13,12,13,11,12,10,12,10,12,13,12,14,10,13,14,12,13,0,11,14,12,12,11,11
14,10,12,13,14,10,11,10,13,11,12,12,14,12,14,12,14,10,14,11,14,12,11,10,12,13,12,13,12,14,11,11,12,11,14,11,14,12,12,14,10,13,13,12,12,10,14,10,13,13,10,11,12,14,11,11,14,12,11,11,12,12,12,13,10,11,14,13,12,0,13,12,12,12,10
10,11,14,13,12,11,13,12,10,13,14,10,13,12,14,13,11,12,10,11,12,12,11,14,11,10,10,11,13,10,11,12,13,12,13,10,12,10,14,14,12,14,12,13,14,10,12,12,14,14,11,14,11,11,13,13,10,14,11,11,10,11,14,14,12,12,11,11,14,13,0,10,11,13,11
13,12,10,12,10,11,13,13,12,13,13,11,11,12,14,10,10,12,13,12,13,10,10,12,10,12,14,11,13,10,13,10,11,14,12,10,12,12,14,10,13,11,14,10,10,11,10,13,12,13,13,12,12,11,12,12,11,12,11,12,12,12,10,11,14,13,10,11,10,13,12,0,12,13,13
13,11,11,14,11,14,11,10,13,14,12,11,12,14,12,14,14,10,11,11,12,11,11,12,10,12,11,13,13,13,10,10,14,13,12,10,11,12,10,12,11,11,13,11,14,13,10,10,14,10,14,11,11,11,10,12,10,13,13,14,13,12,12,14,13,12,11,14,11,11,13,11,0,10,14
10,11,12,10,13,12,12,10,14,12,14,14,13,13,13,10,10,12,13,10,13,13,14,13,12,11,11,11,13,13,12,12,11,12,10,14,10,10,14,11,12,12,13,10,10,14,13,13,10,11,10,10,12,14,10,11,11,13,12,12,10,10,11,11,14,12,12,10,12,13,10,14,12,0,12
13,11,10,14,13,13,12,13,10,12,12,12,14,11,12,14,12,11,13,12,10,11,10,12,10,13,11,13,11,12,10,11,12,10,10,13,11,12,10,14,14,12,10,14,13,12,12,11,13,12,10,13,11,14,12,12,10,13,13,10,11,14,12,13,11,11,14,14,10,13,13,10,10,14,0
