R=75
Pi=(13,12,12,16,14,19,11,19,15,11,19,13,10,10,14,11,19,10,18,12,14,10,18,17,11,17,12,17,19,11,10,17,13,11,13,19,11,17,11,17,13,11,19,18,15,11,10,15,16,18,19,19,12,15,11,12,14,14,14,17,16,13,10,14,10,12,10,19,16,15,19,11,18,10,19)
A=
1,2,0
2,3,53
5,6,0
6,7,0
7,8,40
8,9,40
11,12,57
12,13,56
17,18,55
18,19,57
19,20,0
20,21,0
24,25,0
25,26,0
27,28,0
29,30,0
30,31,44
31,32,0
35,36,0
36,37,0
37,38,42
38,41,0
41,43,47
45,46,48
46,47,51
47,48,0
51,53,0
53,55,42
55,57,0
56,58,53
57,59,0
58,60,54
61,63,0
63,65,54
68,70,40
70,72,48
71,73,58
Sij=
0,10,13,14,13,11,11,10,10,11,11,11,11,10,13,11,13,12,11,10,12,13,11,12,14,13,11,10,10,11,12,13,12,13,11,11,14,13,11,11,13,12,10,14,12,10,11,10,10,12,11,14,12,12,11,10,13,10,10,10,14,10,14,14,13,13,14,12,14,12,12,10,11,10,11
10,0,12,12,10,13,11,11,14,13,14,13,10,10,11,10,12,13,12,11,11,12,12,11,10,14,10,13,11,13,10,11,13,12,10,11,12,11,10,11,13,13,10,11,14,10,12,14,10,13,10,13,12,14,14,14,12,11,11,11,12,13,14,11,13,13,10,13,14,10,12,10,13,11,12
12,11,0,11,12,10,11,11,12,12,13,11,13,13,13,11,13,11,10,13,14,10,13,14,12,10,10,14,14,10,10,14,14,11,12,11,12,10,14,11,10,11,10,12,13,11,10,11,14,13,11,11,14,14,11,12,13,12,13,11,14,11,11,12,12,13,12,12,11,11,14,12,12,14,13
13,10,11,0,10,11,10,13,14,11,13,14,14,14,14,14,12,14,12,12,11,13,14,12,14,10,14,12,10,13,14,14,14,10,11,13,12,11,11,12,11,11,11,14,14,13,13,12,13,11,13,14,10,14,12,14,13,12,11,10,11,12,13,11,12,14,14,14,13,10,12,11,12,14,10
10,12,14,13,0,11,11,12,14,13,14,14,13,14,12,12,10,10,10,11,11,14,13,10,12,14,13,13,13,12,14,12,11,11,13,12,12,13,13,10,14,14,13,14,11,13,11,10,11,11,10,11,10,11,13,11,11,11,12,14,13,12,13,11,14,12,12,11,10,14,14,11,11,14,11
11,10,13,14,14,0,13,13,12,12,12,12,11,14,13,12,11,11,11,14,11,11,10,12,14,14,10,14,14,12,11,14,10,11,14,11,11,12,12,13,10,10,10,10,13,11,10,13,13,13,13,13,10,12,13,10,10,13,14,10,14,13,14,14,11,13,12,10,14,11,10,13,13,12,13
11,10,14,13,12,13,0,12,11,10,13,12,14,12,12,14,10,12,13,11,14,11,11,10,14,10,14,10,13,11,13,10,14,12,14,12,14,11,10,11,11,12,12,13,10,13,14,14,12,10,11,13,14,12,13,11,14,10,10,12,13,13,13,14,12,13,12,11,13,10,10,14,12,12,10
12,14,12,14,11,11,10,0,12,12,14,14,10,12,13,12,12,14,10,12,12,13,13,13,11,12,10,12,10,12,14,11,10,11,12,11,12,12,10,14,10,13,10,11,14,12,12,10,13,11,12,11,13,14,14,11,14,11,10,12,10,14,14,10,12,13,13,13,10,11,10,10,14,11,11
14,12,11,13,14,14,10,13,0,14,14,13,13,11,12,10,12,11,11,12,13,11,14,10,13,11,13,13,14,12,10,12,12,12,12,10,13,12,12,10,12,14,10,14,10,14,14,12,11,14,14,14,13,11,12,10,10,12,13,11,11,10,10,11,14,12,11,11,14,12,12,10,13,10,14
14,10,14,10,14,12,11,12,14,0,12,11,13,10,14,12,14,11,13,11,14,11,13,14,10,13,12,13,12,14,12,14,11,12,11,13,14,10,12,14,14,10,13,10,13,12,13,11,11,12,12,10,11,11,11,13,10,11,14,11,11,13,13,12,12,13,10,10,13,10,12,13,14,14,11
14,12,13,10,12,10,11,11,10,11,0,12,12,14,11,13,13,12,11,10,12,11,12,11,13,10,12,12,12,11,14,14,11,11,10,12,10,11,11,12,11,10,12,12,11,10,11,11,14,10,12,10,11,14,12,10,12,11,14,10,14,13,13,10,11,12,10,10,13,14,13,11,11,14,14
11,13,14,10,13,14,11,12,11,14,13,0,12,12,14,14,14,13,12,10,12,13,11,12,10,13,14,10,12,14,11,10,14,12,14,11,11,12,11,11,11,13,10,12,10,12,14,13,11,14,14,10,14,10,12,11,14,11,14,11,13,13,14,12,10,13,14,14,12,13,13,12,11,10,14
14,12,14,11,13,13,10,13,13,10,11,10,0,13,10,13,11,14,12,10,12,12,13,12,11,11,13,10,11,13,11,11,13,13,10,12,13,14,10,11,12,13,10,11,12,13,12,10,14,13,11,13,10,10,13,11,10,10,12,14,14,13,14,10,11,13,12,12,13,12,10,12,14,11,13
13,12,12,14,13,13,12,10,12,11,12,11,13,0,10,13,12,13,11,11,11,13,14,10,14,13,11,10,12,11,13,14,14,13,12,14,14,12,10,14,10,12,12,11,13,14,12,14,12,14,10,11,10,12,10,10,14,11,13,11,12,13,14,14,14,11,13,12,10,10,13,14,13,12,10
13,10,13,11,10,11,11,13,13,11,11,14,11,13,0,12,14,13,14,14,12,12,12,13,12,11,10,14,13,11,10,10,13,13,12,11,14,11,10,12,14,10,14,11,13,12,12,12,13,13,11,10,10,13,10,13,10,12,11,14,14,11,13,12,12,11,13,11,14,12,12,13,12,11,14
11,12,11,10,14,14,13,10,14,10,14,14,14,12,13,0,10,12,10,10,13,12,12,12,13,11,14,11,13,11,11,12,12,13,14,13,10,14,12,11,10,11,10,13,12,13,11,13,13,10,11,14,13,12,13,11,14,10,13,13,10,13,14,14,13,12,11,10,10,14,12,11,10,13,10
11,11,13,14,10,10,10,12,12,10,11,14,10,10,12,14,0,10,10,13,10,11,11,11,10,14,11,10,13,14,12,14,14,14,11,11,14,10,10,12,13,10,10,11,13,11,13,10,10,12,14,12,10,11,13,14,14,10,12,14,13,14,12,13,10,10,12,14,14,13,12,14,14,13,10
10,10,14,13,14,11,10,14,10,14,14,13,12,11,12,12,14,0,12,11,13,13,12,12,11,12,14,13,11,12,10,10,13,12,11,12,13,14,11,13,13,13,14,12,13,10,12,14,13,12,11,12,11,13,14,11,12,13,13,10,10,12,13,12,14,14,11,11,11,13,14,12,12,14,12
10,14,10,13,11,10,14,10,14,11,12,13,14,13,14,14,14,11,0,11,13,10,14,12,12,13,13,11,13,14,13,13,14,11,10,14,12,12,10,11,14,10,12,14,11,12,10,12,12,11,13,14,10,11,11,12,10,11,12,14,12,14,11,10,11,12,12,12,13,14,11,11,14,14,12
12,12,10,10,10,13,11,13,11,10,13,13,13,14,13,13,10,10,10,0,14,10,14,11,13,14,14,13,13,13,10,12,10,11,14,14,14,10,11,11,11,11,11,14,14,12,14,13,13,10,10,10,11,13,10,11,13,11,11,11,10,10,13,14,11,13,13,11,14,10,14,12,14,14,13
12,14,14,11,10,10,11,10,12,12,14,10,11,10,12,10,13,13,14,10,0,11,13,11,13,11,14,12,14,12,11,12,11,12,14,12,12,13,14,11,11,14,14,10,12,11,12,11,11,12,14,11,14,14,13,12,14,12,10,10,10,13,12,12,11,14,13,13,11,13,14,11,13,11,13
11,11,12,13,11,13,13,10,11,13,10,13,11,13,12,12,10,12,13,10,13,0,12,12,14,12,13,13,14,12,13,12,12,12,10,12,11,11,14,14,12,12,12,10,14,11,11,12,10,14,10,14,14,10,11,10,13,13,13,11,13,14,13,12,13,10,13,10,10,11,11,11,10,13,11
13,10,12,13,12,11,11,13,10,12,14,13,12,11,10,13,12,13,13,10,12,14,0,14,12,13,13,10,11,13,13,14,13,10,14,12,14,11,10,10,14,12,10,12,10,14,12,10,14,10,13,14,13,12,13,13,14,11,14,14,14,10,14,10,12,13,10,13,12,13,10,12,11,12,13
12,12,11,13,13,11,12,11,10,14,14,11,10,11,10,13,13,11,11,10,14,13,10,0,10,12,13,13,13,10,10,10,12,10,14,11,11,12,12,11,13,12,14,13,10,13,12,14,12,12,14,11,11,10,11,14,14,12,10,11,14,12,14,10,10,14,11,10,11,14,14,10,10,14,13
13,14,14,14,12,14,13,11,11,10,13,14,12,14,14,12,13,12,10,12,10,13,14,13,0,11,12,11,13,12,12,14,10,12,11,13,14,10,12,13,11,11,11,13,14,11,14,13,11,12,12,10,13,10,12,12,14,10,10,13,10,13,10,13,13,11,12,12,11,10,14,11,11,14,13
10,13,10,14,11,11,13,10,10,14,11,11,10,14,13,13,14,14,14,12,13,10,12,14,13,0,13,12,12,10,12,11,14,13,11,11,13,13,10,13,11,11,12,14,14,12,10,12,12,12,11,10,12,11,11,10,10,11,11,11,12,13,11,14,13,13,11,12,14,13,14,10,13,10,13
10,10,10,12,11,12,11,10,10,13,12,14,13,12,10,11,12,12,14,11,12,10,12,11,10,11,0,13,13,13,12,11,11,11,13,10,14,14,13,10,13,11,13,11,11,10,14,13,14,13,12,12,12,14,14,10,10,12,14,12,10,14,13,11,12,11,11,12,14,11,11,11,13,12,10
14,13,14,11,10,11,12,13,14,11,14,13,11,11,12,10,11,14,11,10,14,13,12,13,14,14,11,0,13,13,12,10,13,10,14,14,12,11,11,14,10,12,10,13,10,13,12,14,10,11,11,14,12,12,11,10,11,11,10,11,10,14,13,10,12,10,10,12,12,11,10,13,10,10,10
12,13,14,12,14,11,10,10,12,12,12,13,11,13,14,13,10,10,14,13,11,13,10,11,14,12,14,12,0,14,11,12,14,11,11,14,11,12,13,10,14,10,13,11,12,10,11,14,13,13,13,14,13,10,11,14,13,12,13,12,12,11,12,11,10,14,12,12,14,14,12,11,12,14,14
13,12,12,12,10,12,13,11,14,10,11,13,13,14,12,10,13,13,11,13,13,12,11,10,12,12,14,14,14,0,10,11,12,13,11,13,12,11,14,12,14,14,10,13,10,14,11,14,12,12,13,13,12,11,10,11,10,10,11,10,13,13,13,11,13,14,13,14,12,11,10,13,13,11,11
14,12,14,11,11,11,12,12,11,10,12,13,11,13,14,13,11,10,14,13,11,10,14,14,11,11,11,11,11,12,0,14,14,11,14,11,14,11,14,10,13,10,10,12,10,11,10,11,11,12,12,13,13,13,12,14,14,13,14,14,14,10,10,11,14,10,12,12,11,11,10,11,12,10,11
13,11,13,13,12,11,14,14,14,13,13,11,10,14,10,12,11,11,10,10,12,14,14,13,10,13,12,14,10,12,11,0,11,13,12,13,13,10,14,12,12,10,10,11,13,10,14,11,12,11,14,14,10,11,14,13,13,11,10,13,14,13,14,14,11,12,12,13,13,10,12,11,11,14,12
10,12,12,11,12,11,12,10,13,10,13,10,14,13,13,10,11,10,11,12,13,10,11,10,10,12,10,13,12,13,12,12,0,11,13,14,11,10,10,12,11,12,13,11,13,13,11,12,10,10,10,10,10,14,11,14,14,10,12,10,10,10,13,12,14,13,10,13,10,13,11,14,11,13,14
10,14,14,13,11,13,10,10,13,11,13,11,12,10,14,10,11,12,14,12,11,13,10,11,10,12,13,11,12,13,10,14,12,0,14,10,14,10,12,11,11,14,10,10,11,11,11,12,13,11,13,10,11,11,11,13,12,13,12,12,14,10,13,13,14,10,13,14,13,14,14,14,13,11,13
12,10,12,14,10,14,14,14,10,13,12,13,13,11,11,12,11,12,14,11,10,11,12,11,10,13,11,14,13,11,13,11,10,13,0,14,12,14,13,12,13,14,11,13,14,11,11,14,13,11,12,13,12,13,10,12,10,13,11,14,12,12,10,10,13,14,11,13,10,11,13,12,12,14,11
12,14,12,12,14,13,13,13,12,11,13,11,13,10,10,13,14,13,14,10,11,14,10,10,14,10,13,14,11,13,14,10,12,12,12,0,12,13,10,12,10,13,14,12,14,14,13,12,13,14,13,14,14,12,14,10,12,13,11,13,13,10,13,11,14,12,12,14,10,12,12,14,13,11,14
11,11,11,11,10,11,12,14,14,13,14,14,12,12,12,10,14,11,12,13,10,10,13,13,11,11,13,12,11,12,13,10,13,13,12,13,0,10,11,11,11,11,10,14,12,14,12,14,11,13,12,13,13,11,13,13,11,13,13,14,13,12,10,13,12,14,14,11,14,10,13,14,12,10,10
11,14,10,10,13,14,11,12,13,13,13,10,13,14,14,10,14,12,12,12,14,11,11,12,13,10,10,10,11,14,12,10,12,10,11,14,11,0,13,14,14,11,10,11,14,13,14,10,12,14,14,13,12,10,13,11,10,13,13,11,13,14,11,11,14,10,12,12,13,12,10,14,11,12,12
10,13,10,11,13,13,10,12,11,11,10,10,10,14,14,11,10,12,11,11,10,10,14,12,14,10,11,12,14,13,10,12,14,12,13,13,10,11,0,14,12,13,11,14,14,13,10,12,13,13,11,14,11,14,10,12,14,14,13,12,13,12,12,13,12,11,13,11,13,10,10,11,14,13,13
13,13,10,14,13,14,13,12,13,12,13,13,12,14,10,13,13,12,13,10,10,10,13,12,13,14,13,13,12,13,10,10,13,11,11,13,13,14,14,0,13,10,10,14,10,14,13,11,11,12,12,12,14,10,12,13,13,10,13,11,14,10,14,14,10,12,12,10,11,12,11,10,13,12,10
10,10,11,12,12,10,13,12,10,10,10,10,10,10,12,13,13,14,13,10,13,10,10,13,13,11,13,14,13,11,11,13,11,14,12,13,11,13,11,10,0,10,12,13,14,14,11,12,14,13,14,13,10,10,12,12,14,10,12,14,11,12,13,13,14,13,12,14,10,13,14,11,10,13,13
14,10,11,10,14,11,13,13,11,14,12,11,13,14,12,12,13,14,13,14,13,12,14,14,10,11,12,12,11,13,12,13,11,11,13,11,13,14,12,12,12,0,13,11,13,11,11,14,10,12,11,11,12,11,13,14,12,11,12,10,12,13,11,12,13,12,14,10,11,10,10,13,13,11,11
12,14,10,10,12,13,12,12,14,14,11,10,12,12,11,10,10,10,13,10,13,11,11,13,10,12,11,13,14,11,12,12,10,14,11,10,12,10,14,11,10,11,0,11,12,11,12,11,12,14,10,10,13,10,11,12,11,12,11,14,10,11,14,12,13,12,13,10,12,11,11,13,10,11,12
14,12,14,14,12,13,10,14,13,14,11,14,12,13,12,10,12,10,10,14,14,11,13,13,14,13,11,14,10,12,11,10,12,12,12,10,11,13,14,11,14,12,10,0,13,12,13,10,12,10,11,13,13,14,11,12,13,13,11,14,13,11,11,13,11,12,10,12,10,11,11,14,13,11,14
10,12,10,14,10,11,12,14,13,14,13,13,10,10,10,13,12,14,14,10,14,13,13,14,11,11,11,10,10,13,12,10,12,10,11,10,12,13,10,13,11,11,12,13,0,12,14,14,11,10,12,14,14,14,10,10,11,13,11,13,14,14,11,14,10,12,13,11,10,14,14,10,13,13,11
13,12,10,14,12,11,11,10,10,13,13,12,10,11,14,14,11,11,14,11,13,10,12,11,11,13,12,14,12,10,12,11,11,13,11,13,11,13,14,12,12,14,10,10,12,0,10,12,14,11,14,12,14,14,11,12,13,14,14,13,13,13,12,12,10,11,12,10,12,14,11,13,12,11,12
13,14,14,12,14,10,10,13,13,12,12,12,11,14,10,13,13,12,10,11,13,10,11,10,14,14,14,10,10,14,11,14,12,11,13,13,14,12,14,12,12,10,14,10,12,13,0,10,11,11,11,12,11,12,10,14,12,12,13,12,14,10,10,12,13,11,12,14,10,10,12,14,11,12,12
13,12,11,11,13,11,14,13,13,14,11,14,12,12,12,10,10,10,14,14,11,11,13,10,14,14,13,10,10,14,12,11,13,14,11,11,11,11,14,10,10,12,12,13,12,11,10,0,12,12,10,12,13,11,13,11,11,14,10,12,13,12,13,13,13,12,10,11,13,10,10,13,13,11,14
13,14,14,14,13,12,14,11,12,14,11,14,14,10,13,10,12,11,14,10,12,11,13,13,11,12,10,11,11,11,11,13,11,12,14,11,12,14,11,14,14,11,11,13,12,12,10,10,0,10,10,13,12,14,10,11,11,10,10,13,11,12,12,14,10,13,13,12,11,11,11,12,12,14,10
11,11,10,10,11,13,11,14,11,11,13,13,14,11,11,12,11,11,11,10,11,11,12,10,14,13,10,13,14,14,12,11,12,13,14,14,11,10,14,14,10,13,11,12,12,14,13,10,10,0,13,10,11,10,14,13,14,13,14,10,12,12,12,10,12,14,12,10,10,12,11,11,11,12,11
10,13,14,14,13,10,10,10,13,10,13,11,10,13,14,14,10,11,14,11,11,12,13,14,13,14,13,12,13,13,11,14,14,13,13,10,10,14,11,10,12,12,14,14,13,12,11,12,10,13,0,10,10,11,10,10,12,14,10,10,13,11,12,11,14,13,14,12,11,14,13,14,11,10,14
14,14,13,13,11,10,13,11,11,14,12,11,12,13,13,11,11,14,13,12,13,10,10,14,10,13,10,10,12,11,14,14,14,12,11,10,14,10,14,10,10,10,10,11,12,11,12,13,13,13,12,0,14,13,12,10,14,13,14,13,12,14,12,14,10,10,13,12,10,11,12,11,10,10,13
11,13,14,13,11,13,11,12,12,13,13,10,10,11,11,12,12,14,12,11,10,12,10,10,11,13,14,11,11,10,11,12,13,10,11,12,14,14,12,10,11,12,10,10,11,10,13,10,14,14,10,11,0,12,14,12,14,12,14,12,13,13,14,10,12,11,11,11,10,10,14,12,12,12,12
10,12,11,10,14,10,10,14,12,12,14,10,14,13,12,12,14,14,11,14,11,11,12,13,14,10,13,13,14,14,11,12,14,10,14,10,12,12,10,11,12,13,12,13,12,11,11,13,12,13,10,13,10,0,13,10,13,10,13,10,14,11,12,10,13,10,11,10,14,14,12,14,11,14,14
11,12,14,14,11,12,13,10,10,10,14,13,11,11,10,11,14,13,11,11,14,10,13,14,12,10,11,12,13,14,13,13,13,11,11,12,14,11,11,13,10,11,11,14,13,11,14,13,13,13,12,11,10,13,0,14,10,14,10,11,10,11,11,11,10,11,11,10,10,14,12,11,13,11,13
10,13,13,13,10,10,10,12,13,10,12,12,12,14,11,10,13,13,14,11,11,13,14,11,12,12,11,14,13,10,11,13,14,12,12,11,12,10,14,10,14,14,13,10,13,14,13,10,14,14,14,13,13,10,12,0,12,13,12,10,12,14,11,13,12,14,13,13,10,12,14,13,12,14,14
11,11,14,14,12,13,13,11,14,14,11,13,10,13,14,10,12,14,14,11,11,12,10,10,10,14,10,12,13,10,10,11,13,14,13,10,12,14,14,11,14,13,12,13,11,11,13,14,10,11,11,14,13,12,13,14,0,11,14,13,13,13,10,12,14,14,14,14,10,10,14,12,13,14,12
12,12,10,11,14,14,11,10,12,11,13,11,13,11,11,14,13,13,11,11,13,13,10,12,14,11,12,12,14,10,13,13,14,10,14,10,13,14,14,13,11,12,13,11,11,13,11,12,14,10,10,14,11,13,14,14,12,0,12,12,12,11,13,10,11,12,14,11,12,11,10,10,14,13,12
10,10,14,13,11,11,10,14,13,13,10,13,11,11,11,10,12,11,12,12,12,13,12,12,13,11,11,13,10,13,10,11,11,14,13,13,10,14,10,10,12,12,10,11,11,13,12,10,11,11,12,14,12,11,10,11,13,11,0,14,14,10,11,13,14,13,13,12,12,12,12,14,13,10,11
10,14,12,10,11,10,14,10,12,14,11,11,14,10,14,11,10,13,14,11,14,10,13,10,13,12,11,10,12,13,12,14,13,10,10,10,14,13,10,14,10,14,13,14,13,12,14,12,12,11,12,11,14,14,12,14,11,11,11,0,14,13,14,12,14,11,12,12,13,14,13,12,12,13,14
10,14,11,13,12,11,12,13,12,10,11,11,14,14,13,11,13,12,11,10,10,11,11,14,12,11,14,10,13,13,14,14,12,10,13,12,12,12,14,10,11,10,11,12,13,10,12,13,10,13,10,14,10,12,13,14,12,12,10,11,0,11,11,10,13,11,11,13,14,10,10,13,10,12,11
14,10,14,14,10,11,13,11,10,14,13,14,14,14,11,14,14,10,12,12,13,10,14,13,10,11,12,13,12,14,14,14,11,14,13,12,14,13,11,13,12,10,11,10,14,11,11,14,12,11,11,13,13,14,13,13,10,11,13,14,14,0,10,13,10,14,14,12,10,10,13,14,11,13,13
10,12,13,14,13,14,10,13,10,11,13,11,10,12,11,14,12,13,14,12,14,12,11,11,10,10,13,11,13,13,11,10,10,10,14,10,10,11,13,14,13,11,10,12,12,13,13,10,13,10,11,11,11,10,14,12,11,12,13,13,11,13,0,14,11,14,12,11,10,12,11,14,11,14,10
13,12,12,14,14,12,11,12,13,12,12,10,13,14,11,12,14,13,12,14,12,10,11,13,13,14,11,13,13,12,11,10,11,11,11,11,10,11,12,10,11,14,10,12,13,13,13,12,14,10,11,11,13,10,12,12,10,13,10,14,11,13,13,0,10,10,12,13,11,12,14,11,12,10,11
12,12,10,14,14,14,11,14,14,13,10,10,11,11,14,13,10,11,11,13,14,13,10,14,11,11,14,11,14,14,13,14,10,11,12,14,12,11,14,11,12,11,13,10,14,10,11,12,12,14,14,10,11,11,11,13,11,10,12,13,14,14,10,14,0,14,11,14,14,13,14,11,13,12,14
10,13,14,10,10,11,10,12,14,14,10,13,13,13,14,13,13,11,13,11,11,13,11,14,10,13,10,11,13,13,12,10,13,11,11,13,14,11,14,11,12,11,10,10,14,11,12,11,14,10,11,14,10,11,12,12,11,10,10,12,10,13,14,10,12,0,14,10,12,12,11,14,11,11,12
13,14,13,10,14,13,10,14,11,12,11,12,10,12,13,13,11,13,10,12,10,14,12,14,13,10,11,10,13,13,11,14,13,12,12,12,14,11,11,11,12,11,11,11,13,14,14,12,13,13,14,11,10,14,12,14,11,13,12,14,11,10,10,13,11,12,0,14,12,14,10,14,10,11,13
10,13,12,11,10,13,10,13,12,14,14,14,13,14,10,13,10,10,13,12,10,12,11,13,14,11,10,11,13,12,14,13,14,12,13,13,12,10,13,13,13,12,12,10,14,11,13,10,12,10,14,13,11,14,13,13,12,13,12,14,13,14,10,14,14,10,10,0,11,10,12,11,10,12,10
14,12,14,10,14,12,12,10,14,13,12,11,12,14,13,10,10,13,12,13,14,14,12,13,10,13,11,12,14,10,14,14,10,11,10,11,13,12,13,10,11,13,10,12,11,13,13,10,13,14,11,13,13,13,10,14,14,10,14,10,11,10,10,13,13,13,10,10,0,14,12,11,13,14,12
12,11,14,10,11,12,10,10,14,10,13,11,10,11,11,10,11,13,13,13,14,11,13,11,13,13,13,12,10,11,12,13,13,10,11,13,10,13,14,12,14,10,11,10,14,12,12,13,14,14,10,13,14,11,13,11,13,12,12,13,13,12,14,13,12,10,12,14,10,0,12,14,12,13,11
13,13,14,12,11,10,10,14,13,11,10,13,13,12,12,14,10,13,11,11,13,11,10,13,12,14,10,13,12,11,14,13,14,13,12,14,11,10,11,12,12,13,14,13,12,13,12,10,11,10,11,11,11,12,13,11,13,11,10,12,14,12,12,11,11,12,13,14,14,13,0,13,10,11,13
13,14,12,12,10,13,11,10,11,11,10,13,11,12,10,11,11,14,14,13,12,10,11,12,11,10,14,12,10,13,12,11,14,12,13,13,13,10,11,11,10,14,11,10,11,13,10,11,14,13,11,13,10,13,10,13,12,10,11,10,13,14,14,12,14,14,13,14,13,11,12,0,11,13,13
13,13,13,11,10,12,14,13,13,12,11,13,10,11,11,10,11,13,13,11,12,10,14,13,11,12,10,11,13,12,11,10,10,12,14,12,10,11,14,14,10,10,11,12,10,10,13,12,12,13,10,13,12,12,10,12,13,14,10,13,12,13,10,11,10,10,13,12,11,14,10,10,0,14,14
10,12,14,12,13,10,13,12,13,14,11,12,13,12,12,12,13,10,10,10,12,11,10,10,11,14,11,10,10,13,13,10,14,12,11,13,12,11,11,14,14,14,14,10,14,13,12,10,10,14,10,14,14,13,12,13,12,14,10,13,13,12,12,10,11,11,13,11,11,13,14,12,13,0,11
10,12,12,14,10,13,12,11,14,11,13,13,10,10,10,12,10,12,10,13,10,12,11,14,14,12,10,10,14,11,14,12,10,13,13,14,11,12,13,12,10,12,13,10,11,12,10,13,11,13,13,11,12,10,10,13,10,12,10,12,13,12,11,12,12,10,12,12,11,10,11,13,14,12,0
