R=75
Pi=(19,17,17,16,17,12,13,14,12,19,16,12,15,16,19,12,10,11,19,11,11,13,16,15,16,19,15,18,13,11,18,10,13,12,11,11,13,11,10,16,11,14,18,14,11,16,17,16,11,15,15,12,18,15,11,16,10,12,10,17,17,15,11,10,10,15,19,12,15,17,19,18,11,13,10)
A=
1,2,46
2,3,0
3,4,47
4,5,54
5,6,0
6,7,0
7,8,49
9,10,0
10,11,49
11,12,0
12,13,43
13,14,0
14,15,0
16,21,0
25,26,54
26,27,0
27,28,0
28,29,43
29,30,59
30,31,0
34,35,0
35,36,0
36,38,0
39,40,56
40,42,0
43,45,47
44,46,42
47,49,48
51,53,44
54,56,49
55,57,0
56,58,0
62,64,43
63,65,57
67,69,0
70,72,56
72,74,51
Sij=
0,7,7,6,9,9,7,8,8,5,9,7,6,5,6,5,6,5,8,5,7,9,5,6,7,9,6,7,5,6,9,9,9,6,7,8,9,7,8,8,5,6,9,5,6,8,5,5,5,6,9,7,7,5,5,8,7,6,9,5,8,5,8,6,6,9,8,9,7,7,5,9,6,5,9
5,0,9,9,9,8,9,6,7,9,7,6,7,8,5,9,5,8,8,8,9,5,8,8,8,7,5,5,7,7,6,9,6,6,6,9,8,7,6,5,5,6,8,8,9,5,7,9,9,8,7,6,6,7,5,8,7,6,6,7,8,9,8,9,8,7,5,5,7,5,5,7,6,7,7
8,7,0,9,8,8,5,5,6,8,9,9,8,8,5,7,6,6,6,9,7,6,8,8,5,7,9,6,7,8,8,9,5,9,9,7,6,8,8,8,7,8,8,9,9,9,9,7,5,5,9,9,6,7,5,6,9,9,9,6,8,8,7,7,5,5,9,9,8,8,5,8,8,8,7
8,8,8,0,8,5,8,7,6,6,9,9,8,7,8,7,7,7,9,7,9,8,5,5,9,9,5,5,8,6,9,5,5,7,5,6,8,6,6,8,8,6,7,6,8,6,6,6,5,5,5,8,8,6,8,8,8,7,9,8,5,7,9,9,6,8,8,6,7,7,9,6,6,6,8
8,5,9,6,0,7,8,8,9,7,6,6,7,9,9,6,8,5,7,7,7,5,6,8,9,5,7,5,9,7,6,9,7,7,7,5,8,9,6,6,9,6,8,6,8,5,5,8,7,5,9,8,8,8,8,8,6,6,9,5,9,8,9,7,5,6,9,9,7,8,8,8,9,6,8
6,7,9,5,9,0,9,9,8,8,8,7,6,8,8,8,8,6,9,5,6,6,6,5,6,6,5,6,6,8,6,5,8,7,5,7,6,6,6,5,6,5,5,6,9,8,5,6,5,8,9,7,8,9,9,6,9,6,8,8,8,8,7,9,6,7,9,8,8,6,7,7,9,9,9
5,6,5,6,8,6,0,9,5,7,8,9,6,9,7,8,8,5,7,7,6,7,8,5,5,6,8,6,8,9,6,7,7,9,5,9,5,9,9,5,7,9,8,9,6,7,5,5,6,9,8,7,9,7,7,6,7,5,5,5,9,9,6,6,6,6,6,7,8,8,7,8,5,7,9
7,9,8,8,7,5,8,0,5,8,5,9,7,5,6,9,7,5,8,9,6,8,8,6,8,5,5,8,6,8,7,9,6,7,7,5,7,8,7,7,9,5,8,8,5,6,8,6,5,9,5,7,5,6,5,5,9,7,5,8,7,7,7,7,6,6,7,5,8,5,7,8,8,6,9
6,5,5,6,6,7,9,7,0,7,7,9,9,5,6,6,6,9,8,8,9,6,8,6,7,9,8,8,8,9,6,7,9,8,6,9,5,9,6,9,6,8,9,9,5,6,6,7,8,6,9,7,5,9,7,8,7,8,7,7,7,9,6,8,5,5,5,6,8,7,5,7,8,9,7
6,6,8,6,5,7,6,9,6,0,5,9,6,9,6,8,6,6,6,9,6,7,6,6,8,5,5,5,9,6,5,6,9,6,6,5,6,8,7,7,9,6,9,9,7,6,8,5,9,5,5,9,6,8,7,5,9,5,5,5,5,6,6,8,6,8,9,5,7,5,7,7,9,9,9
5,7,7,8,7,6,9,5,9,5,0,6,9,5,9,6,6,5,8,6,6,8,9,5,8,8,6,7,7,9,8,7,5,7,9,6,7,7,6,8,9,5,5,7,8,5,9,9,6,6,9,6,9,7,7,6,5,6,9,5,5,8,6,6,5,8,6,7,6,7,8,9,9,5,7
5,7,7,7,8,9,7,6,6,5,7,0,7,7,5,7,6,6,7,6,7,5,9,9,6,9,8,6,7,8,7,9,6,9,9,7,9,8,8,6,5,8,6,5,5,8,5,8,7,8,6,7,6,7,8,7,6,7,5,8,9,7,9,8,8,5,5,8,8,7,8,7,7,6,6
9,8,9,8,7,9,5,9,9,7,5,8,0,8,5,7,5,6,7,5,6,7,8,8,6,5,8,6,9,9,9,8,5,9,6,9,9,6,8,8,8,8,8,5,5,8,6,6,7,6,7,7,9,6,9,8,5,9,7,8,9,8,6,5,9,8,5,8,6,6,7,8,7,9,7
8,8,8,8,8,8,6,8,8,7,7,8,8,0,9,8,8,9,9,5,8,9,7,8,6,6,8,8,9,6,8,8,9,5,8,6,9,6,6,9,9,7,5,7,8,6,5,6,8,8,8,8,9,7,5,7,6,5,7,6,9,5,6,7,9,8,8,8,9,8,8,6,8,9,5
6,9,9,5,9,6,6,9,6,7,5,8,6,9,0,6,9,9,9,9,5,9,5,7,8,9,7,6,6,9,5,6,9,5,6,9,7,6,5,7,5,8,5,5,9,9,5,7,8,8,8,8,7,9,9,6,5,6,6,6,7,9,9,9,5,6,5,7,5,5,8,8,8,6,8
6,8,9,8,8,8,5,8,8,6,6,8,5,6,5,0,8,5,5,9,5,6,8,6,5,7,9,7,6,8,9,5,5,5,6,7,8,5,8,7,7,6,5,6,8,8,8,9,5,9,6,7,7,9,6,6,8,6,9,6,9,5,8,5,8,5,6,8,9,9,7,7,7,7,7
9,5,7,8,6,9,9,6,7,6,6,8,5,9,9,9,0,6,6,7,8,6,7,5,7,7,7,9,5,6,7,8,5,9,7,6,6,6,8,7,6,9,9,6,8,7,7,6,8,5,9,5,6,5,8,5,6,9,9,5,9,9,9,5,9,7,6,8,8,7,7,8,7,8,5
9,7,6,7,5,5,5,6,5,6,6,7,9,5,6,5,6,0,6,8,8,6,5,9,7,5,5,9,7,6,7,6,8,8,9,9,8,5,7,8,9,8,8,8,8,7,5,6,7,6,6,6,6,9,9,8,8,8,8,6,9,6,8,5,8,5,8,9,5,6,8,5,8,7,8
9,8,6,5,9,5,9,6,6,9,5,5,9,8,5,5,5,6,0,5,9,8,5,8,5,8,8,5,6,5,8,6,7,8,5,5,5,7,7,9,6,5,9,6,5,7,5,9,5,9,5,8,8,8,8,9,9,5,5,7,6,9,7,6,7,7,8,6,8,8,5,8,7,7,9
8,9,8,7,8,8,9,5,6,5,5,8,9,5,5,5,9,6,9,0,8,6,7,8,8,8,9,8,5,7,8,6,5,6,8,5,5,5,7,7,9,6,9,5,5,7,9,8,5,8,7,5,7,7,9,7,5,5,5,9,9,9,9,7,8,8,9,6,5,5,9,5,7,8,9
6,7,6,7,6,8,5,7,7,5,8,9,7,7,6,9,9,5,8,8,0,5,6,6,7,7,7,7,8,5,8,7,8,8,7,7,5,8,8,8,5,8,6,7,7,5,8,7,9,9,6,5,5,8,5,9,5,5,9,5,8,5,7,7,8,7,9,6,9,5,5,5,6,6,7
9,9,9,9,7,8,9,8,8,9,8,7,9,7,8,7,9,9,7,9,5,0,6,9,8,9,5,7,8,9,8,5,8,8,6,6,5,6,5,6,6,8,6,8,7,5,5,9,8,6,7,5,5,8,6,7,8,9,5,9,7,5,6,9,9,8,9,8,8,6,7,6,8,8,5
6,8,7,6,8,9,5,9,7,6,7,9,9,6,8,7,5,5,6,9,6,6,0,7,9,8,5,6,5,6,8,6,6,7,7,5,9,5,8,7,5,6,6,9,8,6,9,5,6,5,9,7,5,7,8,9,9,5,8,7,7,7,9,7,8,9,6,7,6,6,9,6,7,8,5
8,9,7,9,7,9,5,9,5,7,5,6,9,8,8,6,8,7,5,9,8,6,9,0,5,8,5,6,8,5,5,7,5,6,7,5,5,7,6,6,8,7,7,9,9,8,8,6,8,8,5,5,9,6,9,6,6,9,6,5,6,7,6,9,5,5,5,9,6,8,7,9,6,6,7
7,6,7,9,7,5,8,8,9,5,9,7,8,7,5,8,5,5,6,9,5,5,8,8,0,8,7,8,5,5,6,6,9,8,8,6,5,9,5,8,9,7,9,6,8,5,7,6,6,6,9,6,8,5,6,7,6,7,8,5,5,6,8,8,8,9,5,9,9,6,9,9,5,6,6
7,5,8,9,8,6,5,7,8,5,9,7,8,6,6,9,7,6,9,8,8,8,6,7,9,0,9,7,7,5,6,5,6,6,8,9,6,8,8,9,9,9,9,5,8,9,6,7,8,8,6,6,8,6,7,8,8,9,5,9,9,8,8,7,7,5,7,6,5,7,9,6,9,6,9
9,9,8,8,8,8,7,9,8,8,5,6,9,8,5,5,6,7,9,9,6,6,6,8,7,7,0,5,7,6,8,9,7,6,6,8,9,5,6,7,5,7,9,9,8,6,8,7,7,9,6,7,8,9,6,8,7,7,5,5,5,8,5,8,9,8,7,5,8,9,5,5,5,5,8
7,6,6,8,6,9,9,7,7,9,5,6,7,5,8,6,7,9,6,6,7,7,5,5,9,9,8,0,9,7,9,6,7,7,5,9,6,6,8,9,5,6,5,7,9,8,7,9,5,5,8,8,5,8,8,6,5,6,5,8,6,6,5,5,8,7,8,8,6,6,6,9,8,9,6
5,6,9,6,6,7,9,7,9,8,5,5,9,9,9,8,5,5,5,7,8,5,9,9,6,5,8,8,0,8,8,8,5,5,7,8,9,5,9,9,6,7,8,5,6,7,7,8,9,7,7,5,9,8,7,7,9,6,9,5,6,8,6,8,5,5,9,9,6,5,9,7,6,6,8
5,5,5,8,7,8,7,9,5,6,7,9,7,8,5,8,8,6,8,8,8,6,9,9,6,7,8,6,8,0,8,9,9,8,5,7,6,9,8,7,6,8,9,5,7,8,6,7,5,6,7,6,6,7,8,9,8,5,5,6,9,5,5,5,6,7,8,6,7,6,8,9,9,8,7
9,9,5,7,6,5,9,7,9,6,7,7,7,9,5,8,6,8,6,7,6,8,8,9,5,5,9,5,9,8,0,7,6,7,5,9,9,7,8,8,6,9,8,5,8,9,9,5,6,6,7,7,5,8,6,5,5,5,6,7,6,5,9,7,6,8,6,5,7,5,5,5,8,5,9
7,8,7,9,9,6,9,8,8,7,5,7,8,6,9,8,8,6,6,7,6,5,5,8,9,8,8,8,5,6,6,0,9,5,8,8,7,7,6,6,6,7,6,6,5,6,6,7,9,8,7,6,9,6,8,8,7,8,9,9,6,7,5,8,7,5,6,6,5,7,6,5,7,9,5
9,9,9,9,7,8,5,9,5,7,9,6,7,7,9,5,9,8,6,5,8,6,7,8,5,9,5,7,6,6,7,8,0,5,6,8,9,8,8,7,6,6,7,5,6,8,8,8,9,6,7,6,7,6,9,6,8,6,5,9,7,7,7,8,8,5,5,6,5,9,5,6,5,6,9
8,6,5,6,5,6,5,5,6,8,9,9,7,6,5,9,7,8,9,9,9,8,8,7,5,8,6,8,5,6,5,5,6,0,7,5,9,7,5,5,7,6,7,6,9,8,5,7,5,5,9,7,8,6,6,5,5,8,8,5,7,9,7,5,5,8,8,8,9,5,5,7,7,7,7
8,6,6,8,8,5,5,6,8,6,8,6,9,9,7,5,6,9,9,8,7,8,6,6,6,9,6,7,5,9,7,5,5,8,0,7,8,8,9,9,5,6,8,9,9,6,6,9,9,7,5,9,7,8,9,5,9,5,5,7,8,8,7,6,8,9,7,5,5,7,8,6,6,9,8
6,8,8,7,9,9,5,7,5,9,5,9,7,6,8,7,7,7,7,5,6,9,7,6,5,9,5,8,7,8,8,7,7,9,7,0,6,5,7,6,7,8,6,6,6,8,9,5,9,7,9,5,9,9,9,6,6,5,7,7,5,9,7,5,6,6,7,7,8,8,7,6,5,6,5
7,5,7,6,7,5,8,6,6,7,7,9,7,8,7,6,5,8,5,6,8,5,5,5,9,5,7,7,5,5,7,5,7,9,6,6,0,8,9,5,6,6,7,6,7,8,7,9,8,5,7,6,8,9,5,7,6,9,7,6,7,8,6,6,5,5,7,6,8,7,6,7,6,7,8
9,5,9,7,7,7,5,8,6,7,8,8,5,7,6,9,6,6,7,8,7,5,5,5,7,6,5,5,6,9,9,5,5,6,5,6,7,0,7,5,8,6,5,9,8,7,6,6,8,7,7,5,6,8,9,5,9,5,8,5,5,7,9,6,7,7,8,7,9,7,5,6,9,5,8
6,7,5,6,8,6,9,6,8,8,8,8,6,6,5,5,6,8,6,9,6,6,8,6,5,9,8,6,6,6,5,6,5,9,7,8,9,8,0,5,8,6,5,5,7,8,9,6,6,9,6,9,8,7,6,6,9,8,8,6,8,8,7,5,7,7,7,7,7,8,6,6,8,7,8
8,6,6,5,7,6,7,6,7,9,7,7,8,9,8,8,9,5,7,7,9,8,9,8,5,6,7,9,8,7,5,6,5,8,7,9,8,7,5,0,9,6,6,5,6,5,5,8,7,9,5,6,5,6,5,8,5,7,7,5,6,8,8,8,9,9,6,7,5,7,8,9,6,9,7
5,8,7,8,8,9,7,9,5,7,5,9,5,5,5,7,7,5,7,8,5,7,8,5,6,8,7,8,5,5,5,9,6,8,9,5,7,8,9,5,0,9,8,7,5,8,9,6,7,9,9,5,9,9,5,6,8,9,7,6,9,7,8,9,9,7,5,8,6,5,9,5,8,5,6
9,6,9,7,6,7,7,5,8,5,5,5,9,5,7,6,5,9,7,5,8,5,9,8,7,8,6,9,6,9,9,6,8,8,6,9,8,7,5,9,6,0,6,5,8,8,6,5,8,9,9,9,5,6,5,7,9,7,6,9,8,6,8,9,8,6,8,7,6,9,7,8,8,8,8
9,7,5,5,9,6,7,7,5,7,5,8,5,8,6,6,7,7,7,7,7,7,6,6,6,5,9,9,9,6,5,6,7,7,5,9,9,6,6,8,6,8,0,8,6,8,8,8,8,9,7,5,5,5,6,5,6,6,9,8,9,6,7,8,8,6,8,6,7,7,7,7,5,5,9
6,9,9,9,7,8,6,5,5,6,6,9,6,6,7,9,8,9,8,6,6,9,9,9,5,9,7,5,6,7,5,5,5,5,9,6,6,6,6,5,8,6,6,0,7,6,6,7,5,5,8,8,7,7,8,7,6,9,9,9,7,5,5,9,7,6,6,9,5,6,6,7,6,8,7
8,5,7,7,7,8,6,7,5,7,8,7,8,6,7,8,6,6,7,8,9,7,6,9,5,5,6,7,8,9,5,6,9,9,9,7,9,7,7,5,5,8,5,6,0,8,9,8,8,7,7,5,5,9,9,7,6,8,7,7,6,6,9,8,6,7,6,8,8,6,5,8,8,9,6
7,6,7,5,5,6,7,8,9,5,9,5,7,9,6,8,8,6,5,5,8,6,9,8,9,6,5,9,6,7,9,6,5,7,6,6,8,8,7,5,9,7,5,7,7,0,6,9,8,6,7,6,6,8,9,8,6,7,8,5,8,5,8,7,7,6,7,9,5,8,5,9,5,9,9
5,5,5,6,6,7,7,6,7,8,5,7,8,6,9,9,8,5,7,8,5,6,5,7,6,9,7,9,5,6,8,6,7,8,8,7,5,5,7,7,5,8,5,8,6,8,0,9,7,6,8,6,9,7,5,9,9,5,8,5,6,5,8,6,6,5,9,5,9,8,6,8,8,7,9
7,6,5,6,6,7,5,9,7,6,9,8,8,7,9,8,7,7,9,5,7,7,7,9,8,6,7,5,9,9,9,8,6,7,7,7,9,8,6,7,6,5,5,9,6,6,6,0,8,9,9,8,6,8,6,7,5,9,5,7,9,5,9,5,8,7,6,7,5,9,7,8,8,5,7
9,7,6,7,7,7,5,9,6,9,5,8,9,9,5,6,7,8,5,7,7,6,9,7,7,5,9,5,8,6,5,5,5,6,7,9,9,7,7,5,8,5,8,5,7,8,6,7,0,5,8,9,9,7,8,9,7,7,8,9,7,7,5,5,9,8,5,8,8,7,6,7,5,6,5
8,6,8,9,5,9,9,7,5,5,6,6,7,7,6,5,6,5,8,5,7,8,9,8,6,6,5,8,5,8,5,9,8,7,9,7,8,8,8,5,8,5,9,5,7,7,7,6,6,0,7,9,7,7,5,7,5,7,9,7,8,8,6,6,6,9,7,7,5,7,9,6,8,6,7
6,7,8,9,5,9,8,9,6,8,9,7,7,7,9,8,5,9,6,9,6,7,8,8,5,5,9,7,8,7,5,6,5,9,9,5,7,8,9,8,9,9,9,8,7,7,9,5,5,9,0,8,7,6,6,5,9,8,9,8,5,9,5,6,8,7,7,7,7,8,9,5,7,9,7
9,7,7,9,6,8,5,9,7,9,9,8,9,9,8,9,7,7,9,9,9,9,7,6,6,9,9,6,6,6,8,6,7,8,6,7,6,8,8,5,9,9,8,6,9,8,8,7,9,8,6,0,8,7,5,8,5,9,6,8,6,8,9,8,5,6,7,6,5,7,5,8,9,8,9
9,9,5,5,6,7,6,7,7,7,9,9,8,6,5,6,8,9,9,7,6,9,6,7,5,6,7,7,5,8,5,7,9,8,5,8,5,9,5,5,5,6,6,5,6,6,9,9,5,6,7,8,0,9,6,8,5,8,7,9,9,5,8,6,9,7,7,5,5,5,6,5,8,9,9
6,9,8,5,6,9,7,7,7,9,5,7,8,7,5,5,9,7,9,5,5,6,5,7,7,9,5,8,9,8,5,8,8,5,9,8,6,8,6,5,7,7,6,7,8,5,8,7,5,9,7,7,9,0,9,8,5,9,6,7,7,9,9,8,8,8,6,8,8,7,6,9,6,6,8
8,8,9,8,8,7,5,7,8,9,6,7,8,8,6,9,8,5,5,8,6,8,8,7,8,7,7,5,9,8,5,5,6,5,6,9,5,6,8,5,6,6,5,8,7,5,7,9,6,8,8,9,6,7,0,7,9,5,6,9,5,5,5,8,9,9,6,6,7,7,6,9,6,6,9
7,9,7,9,5,7,9,7,8,6,9,5,8,8,8,6,9,8,6,7,5,6,8,5,9,6,8,9,7,9,9,6,7,6,5,8,7,5,6,7,6,7,7,6,9,8,7,8,9,5,7,5,9,9,9,0,5,6,6,5,9,8,9,5,8,7,8,8,7,7,9,8,9,7,9
6,7,9,6,6,5,8,5,9,6,7,8,6,8,6,5,6,6,5,6,8,6,7,8,9,6,5,5,6,5,7,8,8,5,7,7,6,9,5,9,6,8,5,9,5,8,6,5,5,7,7,7,8,5,6,9,0,9,5,7,9,5,8,8,9,9,9,9,6,5,9,8,7,6,6
5,9,6,7,7,5,5,9,9,8,7,9,9,7,9,8,7,6,7,5,8,7,9,5,5,6,9,9,5,5,8,5,6,7,5,6,8,7,7,6,8,6,8,9,7,9,9,6,7,7,6,7,5,5,7,7,5,0,6,7,6,6,5,9,9,9,6,8,7,7,7,9,5,8,5
6,7,8,9,7,6,6,7,7,7,8,6,5,5,9,7,6,7,9,5,5,8,6,9,9,6,5,7,9,9,7,6,8,9,8,5,9,5,8,6,5,9,8,6,5,8,5,7,8,5,6,7,5,8,9,8,5,9,0,9,6,5,8,7,7,5,7,8,6,7,8,8,5,8,8
5,6,5,9,9,6,5,7,9,9,7,9,5,5,9,9,9,9,5,6,6,6,6,5,6,7,9,9,5,9,6,6,8,7,7,8,8,6,5,8,6,7,9,8,5,5,7,8,6,7,8,8,5,7,7,8,9,9,8,0,6,7,5,7,5,7,6,6,7,7,6,6,8,9,7
5,8,7,8,5,5,5,6,8,8,5,8,6,6,5,9,9,9,7,8,5,5,5,8,5,8,9,9,5,5,6,5,8,7,6,8,5,6,9,8,5,5,7,8,9,9,5,5,7,8,6,7,5,5,6,5,8,8,7,6,0,6,6,5,8,7,5,9,8,9,7,8,7,9,9
8,9,7,6,9,6,8,8,7,7,8,9,9,8,6,6,5,6,9,7,6,9,5,9,6,8,9,6,5,5,9,9,7,6,7,6,7,6,9,5,7,7,9,7,9,7,6,6,7,8,6,7,8,6,7,8,9,8,9,6,7,0,6,8,6,8,8,6,7,5,9,9,8,7,8
5,9,5,7,9,8,7,8,9,7,8,7,6,5,8,9,6,8,6,8,8,5,8,7,9,6,6,8,6,7,8,8,9,9,6,8,8,7,9,6,8,8,7,5,8,5,7,6,9,6,7,5,6,9,5,9,5,7,7,8,7,8,0,7,7,8,5,7,6,9,5,5,9,9,5
9,9,8,8,8,8,8,9,9,9,9,8,6,5,9,6,7,5,9,6,8,5,6,9,7,8,8,6,7,8,5,8,6,6,5,5,6,7,8,8,9,8,8,7,8,5,8,7,7,7,8,5,5,8,7,8,7,8,5,5,5,7,7,0,6,9,6,7,5,5,8,9,9,6,5
6,5,6,9,6,7,5,5,8,9,5,5,7,7,8,6,8,7,6,8,7,7,5,7,8,7,7,7,7,9,7,8,8,9,6,6,7,8,7,8,5,5,8,7,5,8,8,9,6,8,5,7,8,8,7,9,9,8,6,8,9,7,8,9,0,7,7,7,8,6,6,8,9,9,8
8,7,8,8,7,9,8,8,6,8,9,5,5,5,6,7,7,8,7,9,9,8,7,9,5,8,6,5,7,9,9,5,7,9,5,5,5,6,6,6,9,5,5,9,9,6,7,6,6,8,9,5,7,5,8,9,5,8,8,8,7,8,5,6,8,0,8,7,5,5,6,6,6,7,5
9,9,7,7,9,8,6,9,8,9,5,9,7,6,6,5,5,6,8,7,9,5,9,9,5,6,8,7,6,9,6,8,7,7,6,9,7,7,9,9,7,8,9,6,5,8,6,6,8,9,5,5,7,9,6,8,9,8,7,8,9,9,8,8,7,7,0,7,5,5,6,8,8,7,8
5,6,6,7,8,6,5,7,8,6,8,6,5,7,5,8,9,8,9,5,9,8,9,5,9,8,6,5,6,6,6,7,7,9,9,5,7,6,9,5,8,7,5,6,5,5,6,9,9,6,7,9,8,6,8,6,6,5,8,9,5,9,6,6,9,6,8,0,6,7,5,6,7,9,9
7,7,7,8,5,8,6,6,5,9,9,7,9,6,5,8,8,6,8,9,9,8,5,9,6,8,6,5,7,8,5,9,9,9,9,6,9,7,9,9,8,9,9,6,7,7,6,7,5,9,7,9,9,9,9,8,6,8,7,6,6,5,9,6,8,5,7,5,0,7,8,9,6,7,8
6,5,9,9,6,9,6,9,5,7,6,6,9,5,9,5,9,5,5,7,7,7,5,7,8,7,9,6,9,6,5,5,7,6,8,9,9,7,6,7,5,7,5,6,9,7,5,7,5,6,9,8,5,9,5,8,5,6,5,9,5,5,9,8,7,5,9,8,7,0,9,6,7,8,7
7,5,7,8,7,5,6,6,5,8,7,7,5,7,5,9,8,7,6,7,7,9,7,7,9,8,7,7,5,6,5,6,9,7,7,9,6,6,9,9,8,8,9,6,5,5,5,7,7,7,6,9,5,6,5,7,8,9,9,8,8,9,6,9,8,5,7,7,5,5,0,7,6,8,6
8,9,5,6,6,9,8,5,9,7,9,5,6,8,7,9,6,6,7,5,6,9,6,9,7,9,7,8,7,6,5,9,6,8,7,6,7,6,8,9,5,7,9,9,9,7,9,9,9,5,9,5,8,7,9,9,7,5,8,7,6,9,8,8,7,5,9,7,5,5,7,0,5,8,8
9,9,9,7,9,5,5,8,8,6,7,9,5,8,8,8,9,6,8,6,7,6,8,5,7,9,8,6,9,8,7,9,7,5,8,5,9,5,5,8,6,8,5,7,5,7,5,5,9,6,6,6,6,7,5,8,5,8,9,5,6,8,8,9,8,8,6,9,5,8,8,8,0,5,9
9,9,5,6,5,9,8,8,7,7,7,6,7,5,5,5,9,5,5,5,6,8,9,5,8,7,5,5,9,6,8,7,5,7,8,6,7,9,8,5,6,8,6,6,7,7,6,6,9,5,8,7,8,5,8,5,9,9,8,7,9,8,8,5,8,9,5,9,6,9,7,9,7,0,5
8,8,6,7,8,5,6,8,6,9,7,6,9,5,8,7,6,7,6,6,6,8,9,6,8,8,7,6,5,5,7,8,5,8,7,9,9,6,6,7,6,5,7,8,7,7,9,9,6,9,7,9,8,5,9,9,8,5,9,9,8,9,8,5,6,9,6,5,8,9,8,9,6,8,0
