R=75
Pi=(29,21,23,22,28,25,24,24,29,22,21,27,21,26,25,20,22,29,28,24,28,28,23,28,24,26,28,26,27,25,21,25,25,21,24,21,26,28,27,24,26,29,26,21,21,28,20,25,29,22,23,23,24,21,27,20,28,25,27,21,27,28,26,24,20,26,21,29,21,24,23,23,22,23,27)
A=
1,2,21
2,4,0
3,5,33
4,6,0
6,8,0
8,10,0
9,11,0
10,12,36
12,14,0
15,17,24
16,18,0
17,19,0
19,21,0
20,22,0
22,24,32
23,25,0
24,26,23
25,27,0
28,30,35
30,32,27
32,34,0
34,36,29
35,37,38
36,38,0
37,39,0
40,42,32
43,45,29
45,47,0
47,49,0
50,52,29
52,54,21
54,56,0
63,65,29
65,67,31
66,68,26
68,70,22
71,73,29
Sij=
0,6,5,6,9,7,7,9,9,8,9,6,9,6,9,6,8,6,5,8,7,7,9,9,8,7,7,8,5,9,7,5,9,9,8,9,6,9,7,7,5,7,7,7,8,7,8,7,9,8,5,9,5,9,6,9,6,5,7,6,5,9,9,9,6,8,7,5,8,5,5,8,8,7,7
5,0,5,7,5,6,8,9,8,6,8,7,5,9,7,8,7,5,6,6,6,6,7,7,5,9,5,8,9,8,8,6,6,7,7,6,9,9,5,6,7,5,5,8,5,8,7,7,8,9,7,9,6,7,5,6,7,8,6,5,5,5,5,9,7,7,6,8,7,5,9,8,5,5,8
5,5,0,9,6,7,6,8,9,5,6,9,5,8,6,6,9,5,7,9,5,7,5,5,5,8,6,9,9,8,9,9,8,6,9,9,5,8,6,9,8,7,5,5,8,8,7,7,7,6,6,8,5,6,9,5,5,5,9,7,5,7,8,6,5,7,5,8,9,6,6,5,9,8,5
7,6,5,0,7,6,6,8,6,7,6,5,8,7,6,8,9,9,8,9,9,6,9,9,9,5,8,8,8,6,5,5,9,7,6,7,8,9,8,7,5,6,5,5,9,9,9,7,7,6,6,6,7,9,9,9,8,7,6,6,7,8,5,5,7,6,6,5,6,9,9,5,6,5,8
7,5,8,9,0,5,6,5,5,6,9,9,8,5,8,6,8,6,8,7,9,6,5,9,8,8,8,9,6,8,7,5,5,6,5,6,8,5,7,6,9,6,7,9,6,8,7,5,6,9,5,7,7,8,5,6,6,5,5,5,6,7,9,7,9,8,8,6,9,7,8,8,8,7,7
7,9,6,8,5,0,5,7,7,6,7,9,8,6,5,8,9,8,9,6,9,7,7,5,9,7,9,6,6,9,6,7,8,5,5,7,7,5,7,5,5,9,9,7,5,5,5,6,6,5,7,5,8,6,7,5,5,8,6,6,5,9,6,8,5,9,5,8,5,7,5,9,5,9,6
5,7,9,5,9,7,0,7,9,5,6,6,9,7,7,9,7,9,8,5,9,5,7,5,7,5,9,6,6,8,9,8,9,8,5,7,8,6,8,6,9,7,9,5,7,9,5,8,6,5,5,6,5,5,5,6,7,6,6,9,9,5,6,6,5,7,7,5,6,9,6,5,5,6,6
6,5,7,8,8,9,6,0,5,5,8,7,8,9,8,8,9,6,9,9,7,8,6,8,9,9,6,5,6,6,9,9,6,8,8,8,5,9,8,7,9,8,5,6,7,8,9,8,7,7,9,5,6,5,9,8,5,7,8,8,6,9,9,9,5,8,6,5,5,9,8,9,7,6,9
8,8,9,5,6,5,8,8,0,8,6,8,8,5,8,9,8,7,6,5,6,9,8,6,5,9,7,9,7,7,9,5,8,9,6,6,9,5,7,6,7,8,6,6,7,7,5,5,6,5,6,5,8,7,5,5,5,7,9,6,9,6,6,5,9,6,5,8,9,7,5,7,5,5,7
8,8,7,8,8,8,6,7,6,0,5,8,7,6,8,6,5,7,6,5,7,6,6,5,6,6,6,6,5,9,5,8,9,8,9,7,6,7,9,6,7,7,9,9,9,5,9,9,5,8,6,7,6,5,7,6,6,7,5,7,6,6,5,7,5,7,8,9,6,5,9,8,8,5,7
5,6,6,5,6,6,7,6,7,8,0,7,7,9,5,7,6,8,7,6,9,6,6,6,8,7,7,5,7,9,9,8,9,5,7,7,9,9,6,9,5,8,9,8,9,7,9,8,8,8,9,5,5,6,5,6,8,5,8,8,8,6,9,7,8,9,8,7,7,8,7,6,6,7,6
6,7,7,7,5,8,8,7,8,9,8,0,7,7,5,5,8,9,6,8,5,8,9,6,5,9,9,7,5,9,6,7,8,7,9,9,9,5,8,7,9,9,9,5,8,9,7,5,6,6,5,7,5,8,7,8,6,5,7,7,6,6,7,7,7,6,9,9,8,5,6,7,6,9,9
5,8,8,8,5,7,8,5,9,9,8,7,0,5,5,6,7,8,8,5,5,8,7,7,8,6,9,8,7,6,5,7,6,6,8,6,9,8,7,6,5,7,6,8,7,9,9,9,8,7,7,7,9,6,8,5,8,6,5,6,6,8,6,8,9,7,7,6,6,9,6,9,6,6,5
7,7,8,9,8,7,5,9,9,8,7,7,9,0,7,7,7,8,8,5,5,6,6,7,9,5,6,8,7,9,6,8,6,7,6,5,8,5,6,6,8,6,9,6,5,6,9,7,8,8,6,8,6,6,6,8,6,9,8,9,7,9,7,9,8,5,6,5,8,7,9,7,6,6,6
8,6,9,7,7,5,9,9,8,8,8,7,5,5,0,7,8,8,6,7,9,9,8,5,8,9,5,9,8,5,9,9,6,9,9,7,7,6,7,5,8,7,9,8,6,5,8,5,9,6,8,5,5,9,7,7,5,6,6,7,7,6,5,9,9,8,6,7,5,8,5,6,5,5,9
6,9,5,8,7,6,9,5,7,6,8,8,7,6,7,0,7,5,5,5,8,7,7,5,9,7,8,5,5,5,6,6,9,9,5,6,7,5,7,8,5,7,5,8,7,5,9,9,6,8,5,9,6,5,7,6,9,9,5,6,8,6,9,9,5,9,9,9,7,5,9,7,8,6,5
6,6,8,7,8,7,9,9,6,5,7,5,9,7,8,7,0,8,9,6,9,8,7,6,8,7,6,5,6,5,9,7,5,9,5,5,5,5,6,7,8,9,7,8,9,8,9,9,6,9,8,6,8,6,6,6,9,9,5,5,7,7,7,8,7,7,6,5,9,7,7,6,6,6,8
5,6,8,7,9,7,6,9,7,7,7,9,8,7,8,5,5,0,5,5,9,5,6,9,5,6,6,8,5,9,6,6,9,6,8,6,5,5,7,5,7,5,8,5,5,9,8,7,7,6,6,6,5,5,7,7,9,6,7,5,7,8,6,9,5,5,7,7,5,6,7,5,8,5,8
8,7,5,8,6,8,9,6,9,8,5,6,9,9,6,7,8,7,0,6,7,8,9,8,9,9,7,5,7,6,8,6,8,5,7,8,9,8,8,6,7,8,7,7,6,5,9,8,8,9,9,9,7,6,7,9,9,9,6,9,8,8,7,9,5,7,6,5,6,5,6,8,5,6,9
9,6,7,7,8,5,8,6,8,7,8,8,7,8,8,9,5,7,8,0,7,8,5,8,6,8,9,8,7,8,7,5,8,5,6,7,7,7,6,7,8,5,7,9,7,7,8,9,7,8,6,6,6,6,8,5,8,8,5,8,9,6,6,7,5,6,5,7,5,5,5,7,9,5,5
7,6,6,6,9,5,9,5,8,7,6,9,6,7,5,9,9,6,7,7,0,6,8,9,8,5,6,5,9,7,7,8,7,6,6,5,9,7,6,6,8,9,6,7,5,9,7,8,5,9,6,5,6,6,7,8,9,7,7,5,7,9,5,8,6,8,9,8,5,6,6,6,7,9,8
7,5,5,8,9,7,8,5,5,6,7,7,5,8,7,6,7,9,6,9,9,0,9,8,6,7,9,9,7,8,7,9,7,6,7,5,8,8,8,7,7,8,9,5,6,9,5,8,9,7,5,9,7,6,5,9,8,7,9,6,9,8,5,6,7,7,9,5,7,8,9,7,8,6,8
5,5,8,6,7,6,6,9,9,8,8,6,5,6,8,6,6,9,7,8,9,8,0,7,8,9,9,5,5,6,8,7,5,5,8,9,9,9,5,7,5,8,9,5,8,8,5,8,9,9,6,7,8,6,8,9,7,7,5,7,7,6,5,7,6,6,7,6,7,6,9,7,5,7,7
9,9,7,9,9,8,5,5,6,5,5,8,9,7,9,7,7,8,7,9,8,8,6,0,9,6,6,9,6,8,9,8,7,6,9,8,9,9,7,6,8,6,5,8,7,5,7,8,8,8,8,7,9,7,7,8,6,8,7,7,8,9,9,7,6,6,8,7,9,8,9,8,9,7,9
8,8,9,9,9,9,7,5,7,9,7,9,9,8,5,7,5,7,9,8,9,6,8,6,0,5,6,9,8,9,8,5,7,6,8,9,5,6,9,8,8,5,8,6,7,9,7,9,8,9,6,8,6,9,9,9,6,5,8,8,7,9,8,6,9,9,5,7,5,9,5,5,6,9,6
7,6,9,5,7,8,7,6,9,8,9,9,7,7,9,7,5,8,5,5,8,7,7,7,8,0,8,9,9,9,8,6,7,6,8,6,8,6,9,5,5,5,8,8,7,9,5,7,9,6,6,5,7,6,8,7,9,9,6,6,8,8,8,6,5,7,7,7,9,6,5,6,5,7,5
9,5,8,9,8,8,6,9,7,8,8,8,5,8,5,6,9,9,8,7,6,7,6,7,5,6,0,8,7,8,5,5,5,5,6,9,7,6,9,8,8,7,9,5,8,7,8,7,9,9,9,6,6,7,9,8,7,8,5,8,7,5,8,5,7,7,7,8,9,8,7,5,9,6,9
5,7,6,8,5,6,9,8,8,9,8,8,8,5,7,6,9,6,5,5,8,8,8,8,5,5,5,0,8,5,6,8,7,5,7,9,6,5,5,5,6,8,6,5,5,8,9,9,7,6,7,8,9,8,5,6,6,8,8,7,5,6,6,8,6,6,6,8,5,5,6,5,8,5,9
7,7,8,8,9,6,5,7,6,8,8,9,9,9,6,8,8,7,8,5,5,7,7,8,9,7,5,8,0,7,9,6,9,8,9,7,8,8,5,8,6,9,8,9,5,8,6,7,9,8,7,8,8,5,5,8,5,9,9,8,7,5,6,5,7,7,8,5,9,6,7,5,7,8,6
5,6,7,7,5,7,9,6,9,9,6,7,9,8,5,7,9,8,6,5,5,7,8,7,8,9,6,7,7,0,6,7,5,9,8,9,7,7,6,8,5,7,8,6,5,5,9,9,7,9,9,7,6,5,7,6,8,8,5,9,6,6,7,9,8,7,5,7,5,8,8,9,8,5,6
8,6,6,7,6,8,5,9,7,7,8,5,9,7,7,6,9,6,7,7,9,5,9,8,8,5,7,8,8,6,0,9,9,6,9,9,9,7,5,9,5,5,6,9,6,5,6,5,5,8,7,8,7,5,7,6,8,7,8,9,5,6,6,5,6,8,8,9,9,7,7,9,8,7,6
7,7,5,7,7,6,9,6,5,6,7,6,9,8,8,6,7,9,5,8,8,8,6,8,8,6,6,5,7,5,8,0,5,5,8,5,8,7,9,5,7,6,5,6,9,8,6,9,6,6,6,5,5,7,9,8,8,6,7,9,6,9,9,9,5,7,7,6,5,8,9,8,7,8,7
7,8,7,6,9,7,6,5,9,6,9,7,7,6,5,6,7,9,5,8,7,6,5,5,6,6,9,9,7,6,7,8,0,6,5,6,9,6,5,8,6,9,9,5,7,5,5,5,5,9,6,7,8,6,5,5,5,7,6,9,7,7,7,7,7,8,6,6,6,9,6,5,6,6,8
9,8,6,8,5,6,5,8,9,6,9,8,6,6,9,6,6,5,6,5,8,7,7,8,8,9,8,8,6,8,6,6,7,0,8,5,6,9,9,6,7,6,9,7,6,8,5,9,5,6,8,9,5,9,5,9,7,6,8,9,5,8,7,7,6,5,7,5,8,5,8,6,6,8,9
9,9,9,6,9,8,5,8,6,7,8,6,6,6,8,8,5,5,5,5,8,9,6,6,5,5,9,6,5,8,6,8,6,5,0,6,9,7,9,8,5,5,5,5,9,8,9,6,9,9,6,7,5,6,7,5,9,8,8,5,9,8,8,7,7,6,5,9,5,5,8,6,5,7,9
5,8,8,6,8,6,9,5,7,8,6,5,7,8,5,6,6,9,9,9,6,7,7,7,8,7,9,5,8,5,5,6,8,6,7,0,7,6,6,5,8,5,8,5,9,6,5,8,6,5,8,7,7,6,8,7,8,5,5,7,5,7,8,6,6,8,9,7,5,6,8,5,9,8,6
8,8,6,7,6,8,9,8,5,5,8,8,5,9,8,8,6,5,8,9,5,6,7,8,6,7,7,7,5,7,8,7,8,9,9,9,0,7,7,9,9,5,9,8,5,8,9,8,7,7,7,6,9,6,9,5,7,5,7,6,8,5,7,8,8,7,5,9,6,5,8,6,8,5,8
9,6,8,6,5,6,9,5,9,7,5,8,6,9,9,7,9,5,6,6,9,8,5,5,8,7,5,7,7,9,5,8,8,7,9,8,9,0,9,6,5,9,9,7,5,7,9,9,5,7,8,9,6,7,9,9,6,5,8,8,7,6,7,7,5,7,7,9,9,9,5,7,9,8,6
7,9,5,5,7,9,8,9,9,9,9,9,6,9,8,8,7,5,6,9,8,6,7,7,7,5,9,5,6,6,5,9,8,5,7,9,5,5,0,5,8,9,7,7,8,5,8,5,5,6,5,7,7,8,8,7,5,7,7,7,7,9,7,7,8,8,5,5,5,6,8,8,7,5,7
5,6,9,8,6,9,9,9,9,5,9,8,6,9,8,7,7,7,7,8,8,6,9,9,5,5,7,5,8,7,7,9,6,5,8,5,6,9,5,0,8,7,5,8,6,8,5,9,6,7,9,6,5,5,7,8,8,7,9,8,6,6,8,6,6,8,9,6,5,5,7,6,7,7,9
5,8,8,7,5,9,6,5,8,9,6,7,9,9,7,9,8,6,6,9,6,8,8,6,8,9,8,8,5,9,8,8,8,6,6,9,5,5,9,8,0,5,6,5,6,5,6,9,7,8,5,8,5,6,7,7,6,9,6,8,5,5,7,5,8,5,7,9,8,7,7,9,8,6,7
9,5,8,6,5,7,9,6,5,5,6,8,6,5,8,5,9,9,6,8,8,7,5,7,6,8,7,6,9,5,6,5,8,9,8,7,8,7,6,6,6,0,8,6,5,7,7,5,8,9,7,7,5,7,7,9,6,9,6,5,7,9,8,7,5,8,6,9,7,6,6,7,6,7,9
7,9,6,5,9,8,8,8,6,7,8,6,8,5,5,7,7,6,7,9,6,7,6,6,6,6,8,7,7,8,5,5,7,7,9,9,9,8,6,7,9,6,0,6,5,6,6,8,8,7,9,8,5,9,8,7,5,8,5,9,8,5,5,5,8,7,7,9,5,5,5,7,9,5,9
9,5,5,6,9,5,8,9,5,8,9,9,5,8,9,9,6,9,9,8,6,9,5,8,8,9,7,7,7,6,6,9,5,5,8,7,9,6,5,8,5,6,9,0,7,9,7,7,6,5,6,9,8,9,7,7,5,9,7,8,5,8,5,6,9,7,9,9,5,9,7,5,9,8,5
8,5,9,7,9,6,7,5,6,6,6,7,5,7,7,8,7,6,8,5,5,9,9,9,5,9,7,6,6,8,5,5,5,8,9,6,6,6,8,7,8,7,8,9,0,8,9,9,6,8,6,9,9,5,7,5,8,5,5,7,9,8,5,9,8,6,6,6,6,8,5,7,5,7,6
7,8,5,5,6,5,9,5,7,5,8,6,9,7,8,5,6,5,9,9,8,7,8,5,7,7,7,8,8,7,9,8,6,8,5,6,8,5,9,6,5,8,7,8,9,0,5,6,9,7,8,9,6,6,8,8,9,5,5,7,9,7,6,7,9,6,5,9,5,7,6,7,6,6,8
8,9,9,9,5,7,5,8,5,9,8,8,7,7,5,5,6,8,7,5,8,8,6,7,7,9,5,6,7,5,6,8,9,8,9,8,9,5,9,5,8,9,5,7,6,8,0,7,6,5,6,5,9,9,6,9,5,8,6,7,5,6,9,6,9,8,5,8,9,8,6,6,6,8,6
6,9,8,8,6,9,6,8,5,5,5,7,9,8,8,9,5,7,8,8,8,9,7,5,8,5,9,8,8,8,5,8,5,7,5,5,6,9,5,7,9,8,8,5,8,6,6,0,9,6,8,6,8,7,5,7,6,6,7,5,6,9,8,5,7,5,7,6,6,8,7,7,5,7,5
9,5,6,6,6,7,8,5,7,9,7,6,6,5,9,8,8,8,9,8,8,5,8,6,9,6,9,5,6,8,5,5,5,6,5,7,5,5,5,7,7,9,5,5,9,9,5,6,0,6,5,9,8,6,8,7,8,7,5,6,5,7,8,8,9,8,6,6,9,9,7,7,8,8,6
6,9,9,7,6,5,5,8,8,6,9,6,8,6,9,6,5,5,8,5,9,8,5,6,6,7,7,6,6,9,7,5,5,9,7,8,8,9,8,6,9,9,5,7,9,6,8,9,5,0,8,6,7,5,7,7,8,8,7,6,8,7,9,6,8,9,8,6,9,9,6,8,6,6,7
6,5,7,8,7,9,9,7,6,8,8,9,5,8,7,9,9,5,7,9,8,9,7,7,8,5,5,8,5,8,9,5,5,7,5,7,5,5,5,7,8,5,8,8,9,9,8,7,6,9,0,6,7,8,6,8,6,7,5,9,6,8,5,6,7,8,8,8,7,7,5,8,9,5,5
6,8,6,9,7,8,7,8,7,6,7,7,6,9,8,9,9,5,5,9,8,7,8,5,5,6,5,5,9,5,5,7,7,8,5,5,5,8,7,6,8,5,8,5,5,5,6,9,8,8,5,0,8,8,5,7,8,9,5,9,5,7,6,8,6,5,5,5,7,8,7,8,6,7,9
5,7,9,7,5,9,5,6,7,5,5,7,8,6,6,7,6,9,9,6,8,7,6,7,5,9,9,8,5,5,5,9,5,9,5,9,8,7,5,9,5,5,9,7,6,7,7,9,6,6,6,9,0,7,6,5,8,5,7,6,5,9,6,6,6,5,6,6,8,5,6,8,8,9,9
6,7,7,9,5,7,7,5,7,9,8,5,6,9,9,7,8,6,5,9,9,9,9,7,6,5,6,8,9,9,7,8,9,8,5,7,5,6,6,8,7,9,9,6,8,9,9,7,8,8,8,7,7,0,9,9,6,7,5,7,5,6,9,6,7,6,5,5,8,9,6,6,6,9,7
6,5,5,8,9,7,5,9,9,5,6,5,5,5,8,8,5,5,9,5,7,8,8,6,9,7,9,5,7,7,6,6,7,5,7,9,6,9,5,5,9,7,9,5,5,6,5,5,9,6,6,6,7,9,0,9,8,6,8,8,7,7,5,6,7,9,5,7,9,7,9,6,5,9,9
5,9,9,8,6,7,7,8,5,6,5,9,9,8,5,9,7,7,6,8,7,9,5,7,6,9,9,5,7,5,9,6,6,7,8,5,9,8,7,5,9,9,9,9,6,9,6,9,9,8,7,8,9,6,7,0,5,8,6,7,6,8,7,6,5,7,9,8,6,9,5,9,8,5,5
8,7,5,5,5,6,8,9,5,8,8,5,7,5,5,7,6,7,6,5,7,7,8,8,7,6,6,9,5,9,9,8,8,8,8,9,5,8,6,5,7,8,6,7,6,6,7,8,5,6,9,6,7,5,8,5,0,9,6,8,8,5,8,9,6,9,9,7,8,6,6,7,8,6,6
7,8,5,6,6,5,9,8,9,8,9,7,6,8,9,7,5,8,9,7,5,9,9,5,7,6,9,9,6,9,8,6,5,5,7,5,5,8,9,7,9,7,9,6,6,7,8,9,8,9,6,9,8,8,6,8,9,0,5,8,5,6,5,7,9,9,8,6,5,5,9,6,6,8,7
7,7,9,8,8,5,8,5,5,6,8,9,7,7,9,8,6,9,5,9,6,9,5,5,6,8,5,8,8,9,7,9,5,5,5,8,9,6,7,7,6,5,5,5,5,5,5,9,5,7,8,7,6,8,6,8,7,9,0,6,5,5,5,7,5,8,9,8,7,6,6,9,9,6,8
8,5,9,9,9,6,7,5,7,6,6,5,8,6,8,7,5,9,9,7,6,6,8,9,7,6,6,8,8,8,8,8,5,8,5,6,8,8,5,5,8,5,7,6,9,8,5,7,8,9,6,9,5,9,6,6,7,9,7,0,7,9,8,7,8,7,7,9,5,6,7,8,7,9,8
9,6,8,7,5,9,5,8,9,9,7,8,8,6,6,9,9,9,6,7,5,9,7,9,8,6,8,5,6,6,5,8,5,6,5,5,8,9,9,7,6,5,9,7,5,9,9,7,8,7,8,9,6,6,8,5,8,9,8,8,0,5,5,7,8,8,9,8,6,6,6,5,9,9,8
6,9,9,5,8,8,7,6,7,9,7,6,7,8,8,9,6,8,6,5,7,6,8,5,9,6,5,7,6,7,6,9,9,8,5,8,5,8,5,9,6,8,8,8,6,6,6,5,8,6,9,6,8,8,5,9,6,9,5,7,8,0,9,5,9,7,7,6,9,7,9,9,8,8,6
9,8,8,9,9,7,9,5,8,9,7,9,6,6,7,5,6,6,7,8,6,6,8,8,5,8,9,7,7,9,6,6,8,6,9,6,6,7,9,8,7,7,6,5,6,8,6,5,6,6,7,8,5,9,9,7,5,9,8,6,7,7,0,7,9,7,6,5,9,7,6,9,9,6,9
6,9,5,8,6,7,6,9,5,5,6,8,6,8,7,6,6,6,8,8,5,9,9,6,7,5,7,6,8,5,7,8,6,5,8,5,7,6,8,6,9,8,6,7,8,8,5,6,7,5,9,7,5,8,9,6,9,8,6,6,9,5,6,0,9,8,8,7,5,9,6,9,5,8,7
9,7,7,7,8,8,9,5,9,7,6,9,7,7,5,7,6,8,5,6,6,9,7,7,8,9,6,9,7,5,6,9,9,8,9,7,8,6,9,7,6,8,5,8,8,9,6,5,9,7,5,5,9,7,6,9,5,5,8,8,7,5,8,9,0,6,7,5,8,8,8,9,9,9,8
9,8,8,8,8,9,8,6,9,9,9,5,9,7,7,9,7,7,8,5,5,6,9,5,6,6,9,7,7,6,7,6,6,6,7,8,6,6,7,9,5,6,5,8,5,5,7,7,6,8,6,7,6,8,7,8,8,8,6,7,5,6,9,8,7,0,7,9,8,9,8,8,5,5,8
5,8,5,5,5,6,9,6,5,8,9,5,5,8,8,9,9,8,9,9,9,8,7,7,6,8,5,9,8,7,5,5,6,7,7,9,7,7,7,5,8,9,6,5,8,6,6,6,9,5,9,5,6,5,9,6,6,8,8,7,5,9,8,7,8,8,0,8,8,5,9,7,7,5,8
6,9,7,6,8,9,6,9,9,7,8,5,9,6,7,6,7,8,8,5,5,8,5,8,7,9,8,8,6,5,8,7,9,7,9,9,8,9,5,9,5,5,9,5,8,7,9,7,5,9,6,8,8,5,8,7,9,9,9,8,6,7,8,9,8,6,5,0,6,7,8,7,8,7,9
9,9,8,5,5,9,5,6,7,7,8,9,8,9,9,6,5,9,5,6,7,7,7,9,6,7,7,7,9,7,6,8,5,8,5,8,8,9,8,9,8,5,5,5,6,9,7,6,7,5,7,7,7,6,7,6,6,8,8,8,7,7,6,5,5,5,9,5,0,8,5,7,6,5,6
7,6,7,6,8,7,9,6,9,9,9,8,5,9,6,9,6,5,6,5,6,5,9,9,5,6,9,7,7,6,8,5,7,6,8,5,8,9,5,5,8,6,7,6,5,7,9,9,8,9,8,7,5,9,9,6,7,8,6,7,7,7,8,8,5,9,6,9,5,0,6,5,7,9,5
7,5,8,7,9,8,6,5,8,7,8,5,5,7,6,6,7,5,7,7,7,5,7,9,5,6,5,5,8,7,9,6,7,9,7,9,8,5,9,8,6,7,9,6,9,5,8,9,7,9,8,5,9,6,8,6,7,8,6,7,7,6,6,5,8,6,8,5,9,6,0,7,7,6,9
6,9,6,6,9,5,7,5,7,9,9,9,7,5,5,5,7,5,8,6,6,9,6,8,7,8,6,8,9,5,6,5,8,9,5,9,5,5,8,5,5,6,8,6,5,9,8,7,9,9,9,7,8,5,8,6,8,7,8,6,9,9,5,6,8,8,5,7,5,6,5,0,6,6,8
6,9,6,9,7,8,9,8,8,5,6,8,7,8,6,8,6,7,6,7,5,5,5,6,8,7,8,6,7,8,8,7,6,9,9,8,5,8,9,5,6,5,6,5,5,9,6,7,5,6,5,7,5,8,7,5,8,9,6,5,9,8,6,5,6,8,6,7,9,7,7,7,0,7,5
5,5,9,5,6,8,6,6,5,5,7,6,7,7,7,8,5,6,7,9,5,8,9,6,8,6,8,8,7,7,9,7,5,9,8,7,6,7,7,7,9,7,7,5,7,5,6,8,5,5,7,6,5,8,9,6,5,8,7,9,5,7,8,7,6,5,5,7,9,9,7,8,8,0,9
5,8,6,9,8,7,5,9,8,7,5,7,6,7,9,6,6,7,5,8,6,6,9,9,8,6,9,8,9,5,8,9,8,5,7,6,5,6,9,9,9,6,9,6,7,8,8,8,8,8,7,9,7,5,8,8,8,6,5,6,7,7,5,7,9,5,9,6,9,7,5,5,8,5,0
