R=75
Pi=(22,26,28,21,25,21,22,29,23,23,25,28,26,20,20,29,21,28,27,24,22,25,24,20,29,24,25,25,23,24,22,22,25,20,26,28,25,24,28,26,28,25,28,26,24,24,23,25,24,26,27,20,28,20,27,27,21,27,22,21,26,27,25,28,20,22,23,26,23,21,23,26,29,20,26)
A=
1,2,0
3,4,0
5,6,0
6,7,57
7,8,57
9,10,0
11,12,51
13,14,46
14,15,0
18,20,57
20,22,0
21,23,55
22,24,0
24,26,50
25,27,0
26,28,0
28,30,0
29,31,0
30,32,43
31,33,58
36,38,0
39,41,40
40,42,46
41,43,0
42,44,46
43,45,0
46,48,45
48,50,0
49,51,0
51,53,48
54,56,0
56,58,48
66,68,55
70,72,46
71,73,58
72,74,0
73,75,53
Sij=
0,8,9,5,9,9,6,7,6,5,9,5,9,8,8,8,8,9,5,5,5,6,6,7,9,5,9,6,8,5,6,5,6,9,6,9,6,5,7,8,6,9,6,7,5,5,9,7,9,6,5,8,9,5,6,6,7,6,6,9,5,5,9,6,8,8,9,5,7,8,6,8,7,7,9
6,0,5,9,7,9,5,6,6,6,5,8,5,5,7,9,7,5,9,7,8,6,9,5,8,6,5,8,9,5,9,7,5,7,6,5,6,8,8,6,8,8,8,7,5,9,7,8,8,7,6,5,9,9,9,8,6,5,5,6,8,7,6,5,6,7,8,8,9,7,8,9,7,7,9
9,7,0,7,9,9,8,7,5,6,9,9,8,5,8,7,8,5,7,7,7,6,6,7,5,8,6,9,8,5,9,7,8,6,5,9,5,9,6,6,7,6,6,5,6,7,9,7,9,6,8,7,6,5,5,8,7,5,7,6,8,8,8,9,7,7,5,6,5,8,6,9,9,6,9
6,9,6,0,6,7,8,8,5,7,7,7,5,8,6,6,6,5,7,5,8,8,7,7,7,8,6,8,7,5,5,9,7,5,5,8,9,6,8,9,7,9,8,6,7,5,6,7,5,8,7,5,7,9,8,5,8,6,9,7,5,9,5,9,6,8,9,5,7,7,7,5,7,7,7
8,9,6,5,0,7,6,9,8,8,8,9,6,8,7,9,5,7,7,5,8,7,9,9,9,8,6,6,9,7,6,6,8,9,7,5,6,7,6,6,5,6,6,7,6,7,6,5,8,8,7,5,8,6,9,9,9,5,6,6,6,5,5,5,7,6,5,6,6,6,8,7,5,5,9
7,6,6,8,6,0,6,5,8,6,9,5,8,6,5,8,5,5,5,9,5,5,6,5,9,9,7,9,9,6,9,9,9,7,6,7,7,7,6,9,9,5,7,8,6,7,7,8,6,7,6,7,6,5,9,9,6,5,7,8,9,6,5,6,6,9,5,5,5,8,5,8,9,5,5
5,8,7,9,7,6,0,9,8,6,5,6,7,9,7,7,5,7,9,7,5,7,9,5,7,6,6,7,8,8,7,7,8,6,5,9,6,9,6,5,7,5,8,9,6,5,6,6,7,8,7,7,9,6,5,7,5,7,9,7,6,9,5,5,8,7,8,6,8,8,5,6,6,9,5
5,9,5,8,7,9,9,0,9,5,5,5,8,7,6,8,9,8,9,8,8,8,9,7,5,8,6,9,7,9,7,5,6,9,6,9,7,9,8,7,8,6,9,5,9,8,9,6,5,5,8,6,7,8,5,7,6,6,5,9,5,9,6,9,7,5,8,8,5,6,5,9,9,6,9
7,8,8,7,6,9,5,9,0,7,5,5,7,7,8,9,7,5,9,9,7,8,9,5,7,9,9,5,5,8,9,9,6,6,8,8,9,8,9,8,5,9,5,9,9,7,7,5,9,6,9,9,9,5,8,6,7,7,5,7,7,8,5,5,7,5,8,6,9,5,9,9,6,6,8
8,7,5,5,5,7,8,5,8,0,9,9,5,5,8,6,5,6,7,6,6,7,9,5,6,8,8,6,6,9,6,9,8,8,7,5,9,7,7,9,5,8,7,6,5,7,5,8,8,8,5,8,6,9,5,6,8,7,8,7,7,6,7,6,6,9,6,7,8,7,7,8,9,7,5
8,9,7,9,8,7,5,8,8,8,0,8,8,8,7,6,6,7,8,9,7,9,5,5,9,6,6,8,9,5,6,6,9,9,9,7,6,5,7,9,5,7,7,9,7,8,6,7,9,6,5,9,9,9,5,6,7,9,8,7,7,8,5,7,7,7,8,8,9,5,5,5,9,8,9
5,6,6,7,5,9,9,9,8,9,6,0,6,9,8,7,9,7,7,9,7,6,6,9,7,5,5,7,7,8,6,5,5,6,5,5,9,5,6,7,8,8,9,7,8,5,5,8,5,6,5,8,7,9,6,7,8,6,9,7,5,7,6,5,6,9,6,5,9,8,7,9,5,5,6
9,7,9,6,6,5,6,7,6,8,8,7,0,5,5,7,6,7,6,9,6,6,7,8,5,9,9,5,8,6,9,6,7,7,8,6,9,8,5,7,6,8,9,5,7,8,6,6,9,6,7,5,7,6,9,5,6,9,9,6,7,5,7,5,6,6,5,5,7,8,7,8,7,9,7
7,6,7,5,6,7,8,5,7,9,8,9,6,0,7,7,9,5,9,8,5,6,5,8,8,6,8,6,8,6,8,8,8,8,8,6,8,9,9,7,9,9,9,5,6,8,7,8,7,9,8,7,8,8,8,5,7,7,9,9,8,6,9,8,8,5,5,6,8,6,9,5,6,6,9
5,6,5,7,5,9,9,9,9,7,6,5,5,9,0,7,9,5,5,9,9,7,5,6,7,5,7,6,5,5,9,8,6,7,8,7,8,7,5,9,9,8,7,9,6,7,5,5,6,5,7,8,9,6,6,6,5,5,7,6,7,8,9,8,9,9,9,7,6,6,8,7,5,6,5
5,5,5,5,9,5,6,9,9,8,6,8,9,5,6,0,7,8,9,8,6,6,9,9,9,6,7,8,9,5,6,9,8,8,6,6,6,5,5,7,6,6,8,9,9,8,5,5,6,5,9,5,8,6,9,8,6,6,5,8,7,6,7,9,8,9,7,5,8,9,5,6,7,6,6
9,8,5,9,6,6,7,6,9,5,5,6,6,8,8,9,0,9,9,7,5,5,9,9,6,5,5,5,6,6,9,7,8,6,5,5,9,5,6,9,6,5,5,8,8,7,7,6,6,5,5,6,7,9,5,6,5,9,9,9,5,5,5,5,9,8,7,9,6,8,8,9,7,9,5
5,9,5,5,8,7,9,8,6,6,8,5,8,5,8,9,5,0,6,6,9,5,9,9,8,5,5,7,9,7,6,6,8,7,8,5,6,9,8,5,7,5,6,9,9,6,7,8,8,7,9,7,7,5,5,5,6,5,7,5,8,9,9,6,9,5,5,7,9,5,7,9,7,5,9
8,8,9,5,7,7,6,8,7,8,9,8,7,7,8,9,6,7,0,7,7,7,6,5,9,9,6,5,9,8,5,5,5,6,6,6,6,6,5,9,7,7,5,7,7,5,6,7,9,5,6,5,6,9,8,7,7,7,9,6,6,7,7,5,6,8,8,7,6,6,7,7,6,7,5
5,6,8,8,9,7,8,5,8,7,9,8,5,8,9,8,8,6,8,0,8,9,5,5,5,9,6,9,6,8,8,8,9,9,8,8,5,8,9,5,8,8,7,8,8,7,5,8,9,7,7,8,6,7,9,6,5,6,8,9,7,8,6,6,9,8,9,9,6,9,8,5,9,5,9
5,7,6,6,8,9,8,5,9,5,9,7,7,5,7,8,8,5,5,7,0,5,6,5,9,9,7,5,6,9,8,7,9,5,7,8,8,8,5,9,5,9,7,7,6,5,6,7,8,8,6,9,9,9,8,9,9,6,7,6,6,8,7,6,5,8,9,6,5,6,8,9,8,5,9
8,8,8,9,8,8,5,7,7,7,8,7,5,7,8,9,7,6,8,8,7,0,7,6,7,7,5,5,6,7,5,7,6,9,9,9,6,6,6,8,8,6,5,9,8,6,6,9,9,7,7,6,7,5,7,7,6,6,5,7,8,8,8,9,7,5,7,8,6,7,6,7,5,8,9
7,6,7,8,5,6,6,5,9,9,8,9,5,6,6,8,9,5,9,9,5,7,0,6,7,7,8,7,8,6,5,9,5,9,5,5,6,9,8,9,5,7,7,8,5,8,5,7,6,9,9,7,7,6,9,9,9,5,9,5,7,8,7,9,9,9,8,5,9,6,5,8,6,6,8
6,7,8,5,8,7,6,5,8,7,8,7,9,9,6,5,6,9,8,7,7,9,8,0,9,5,5,5,7,5,8,5,5,6,7,7,6,5,9,6,8,5,7,9,6,5,7,8,5,8,5,9,9,8,8,6,7,9,8,5,7,6,9,5,5,6,7,6,6,7,5,9,7,7,5
6,9,5,6,9,8,7,9,9,5,9,5,7,7,6,9,6,6,8,8,6,6,7,9,0,5,8,5,6,7,7,5,7,6,8,6,6,6,8,9,6,5,6,9,9,5,5,9,9,5,7,8,8,8,9,8,9,7,6,5,5,8,5,6,6,9,7,9,9,5,5,8,8,6,6
7,9,7,7,8,9,8,6,5,9,9,7,9,7,9,6,8,5,7,9,8,5,9,8,5,0,8,6,9,8,5,9,5,6,6,7,8,7,5,8,5,6,6,9,6,7,7,7,7,5,8,6,7,6,7,7,7,9,8,7,9,8,8,7,5,5,8,6,7,9,5,9,8,7,6
7,7,5,7,5,8,5,9,9,9,9,6,9,8,8,9,9,8,8,8,7,8,8,9,6,8,0,5,5,7,9,9,7,5,9,5,5,6,6,8,8,8,9,9,8,5,8,9,8,8,5,6,5,5,8,9,9,8,6,6,7,7,5,6,5,5,6,5,9,7,8,8,7,5,9
9,7,8,5,8,7,8,7,6,7,7,9,7,6,5,6,6,5,5,5,6,8,7,9,7,9,7,0,5,5,5,6,9,9,6,9,6,5,7,7,8,8,5,8,9,7,5,9,9,9,6,6,7,6,9,8,5,5,9,7,9,9,8,6,6,5,8,5,5,7,9,6,9,7,6
7,5,9,7,6,7,9,8,6,9,9,9,7,9,8,8,5,5,9,8,8,5,8,7,9,8,5,8,0,6,9,5,7,9,5,7,7,6,7,7,5,9,6,7,6,6,5,6,5,7,8,8,5,9,9,8,6,7,7,8,8,6,6,6,6,9,7,9,7,6,5,7,8,8,9
9,7,7,6,5,8,7,9,6,7,6,9,7,5,6,6,5,9,9,9,8,8,9,6,7,9,6,9,9,0,6,6,5,6,9,5,6,8,5,6,9,6,7,9,8,9,9,9,9,5,5,5,8,8,9,5,5,7,6,9,6,7,7,5,9,6,6,8,7,5,5,7,5,7,9
7,6,8,6,6,7,5,7,9,8,5,8,6,7,9,9,8,7,5,9,7,8,6,5,7,8,6,6,8,9,0,8,5,5,8,6,9,6,6,5,6,6,5,8,7,8,7,9,5,8,5,7,5,9,8,7,8,9,8,8,8,6,8,8,9,5,5,8,8,5,5,7,7,6,9
8,7,5,9,6,9,9,5,8,8,7,8,6,7,6,7,9,8,7,6,9,7,6,8,6,8,9,6,9,8,7,0,9,8,9,5,5,8,5,6,9,8,5,5,5,7,6,8,6,6,7,6,9,9,5,9,5,5,6,7,7,9,8,6,9,5,7,5,6,6,6,9,9,6,8
7,9,7,6,6,5,5,8,9,6,7,8,5,8,5,9,9,6,7,8,9,5,9,5,5,5,6,6,9,5,8,7,0,7,6,7,5,8,9,5,7,7,5,8,9,7,6,7,6,6,7,6,7,6,7,8,7,9,6,6,6,8,8,9,8,8,5,6,8,5,9,6,5,6,9
6,8,6,5,8,8,7,9,9,6,9,5,5,9,7,5,5,6,7,9,9,9,6,5,5,7,9,8,6,7,6,6,6,0,6,6,9,5,9,8,7,8,8,8,7,9,7,9,7,5,5,9,9,7,6,5,6,7,6,9,5,9,8,8,7,5,7,8,8,7,8,9,5,8,5
5,6,5,8,5,8,7,7,8,5,7,6,8,5,6,5,7,8,5,7,8,9,9,5,7,6,9,5,5,7,5,8,6,7,0,5,9,5,9,5,6,7,7,5,8,5,9,8,8,7,7,6,5,5,5,6,5,6,9,6,9,8,6,6,5,9,9,5,6,9,6,9,7,8,8
9,6,9,5,5,8,8,5,8,7,6,9,7,5,5,9,7,6,8,6,7,5,5,9,9,5,8,6,8,5,7,8,7,7,5,0,5,6,5,9,7,6,7,8,9,9,9,6,9,6,9,8,8,9,7,6,9,6,9,6,5,9,6,7,7,9,8,7,5,9,9,8,7,7,5
5,9,7,6,5,9,9,8,9,8,7,9,8,5,5,6,9,6,8,9,8,9,5,5,9,6,7,6,5,7,6,6,5,9,6,6,0,6,9,9,7,5,5,6,8,5,5,9,6,9,7,9,6,8,8,6,5,8,6,6,8,7,7,8,7,7,5,8,9,8,9,5,9,7,6
8,8,8,7,5,9,7,5,6,7,7,5,8,7,7,6,7,5,7,5,9,7,6,8,6,9,6,9,7,5,7,9,9,6,5,8,6,0,6,5,7,6,7,6,6,9,6,7,6,7,7,6,9,6,6,7,5,6,9,6,5,7,7,7,5,9,8,6,6,7,8,5,6,9,5
8,7,6,5,9,9,7,5,7,5,8,8,7,7,9,9,7,6,9,5,9,9,9,5,6,6,5,5,8,8,7,5,5,6,8,9,8,5,0,5,7,8,7,5,6,6,6,5,8,7,7,6,8,6,9,5,9,8,5,9,8,8,6,6,9,8,8,7,5,9,9,6,6,6,7
6,6,9,7,8,9,5,6,8,5,6,8,8,6,6,8,6,7,6,7,8,6,6,6,8,8,8,9,9,7,6,5,7,8,7,8,5,5,7,0,9,7,6,8,6,7,9,5,6,9,5,8,8,5,8,8,5,5,8,9,5,5,5,7,5,8,6,6,9,8,8,8,6,5,6
9,7,7,9,8,8,7,7,5,9,9,8,5,8,9,6,7,7,6,6,8,6,9,7,8,6,8,5,7,5,7,6,8,8,9,6,7,6,9,5,0,7,8,5,8,6,5,6,8,9,7,6,6,5,8,8,8,7,5,6,7,5,7,9,5,7,7,9,6,9,8,9,5,7,5
9,9,6,6,6,7,5,9,6,5,8,5,6,9,5,6,9,7,5,7,5,5,9,9,6,8,5,9,9,6,7,5,8,5,9,8,6,6,9,8,6,0,5,6,8,6,6,5,5,6,8,8,6,9,9,9,8,5,6,5,7,7,5,5,9,7,7,6,6,5,6,9,7,7,7
5,9,9,5,8,9,7,5,8,6,7,6,6,8,5,5,7,9,6,6,5,5,5,6,5,8,9,9,9,9,8,6,9,7,8,9,9,5,8,5,9,7,0,7,9,6,6,6,7,6,5,9,9,6,6,6,9,9,7,9,5,5,8,6,8,7,6,7,8,5,5,5,7,6,6
7,8,8,6,9,9,6,6,7,8,5,8,9,7,6,8,5,6,5,8,9,5,5,8,6,5,9,8,7,5,9,7,8,9,8,7,6,7,8,5,8,9,6,0,7,8,8,6,9,7,6,9,9,6,8,6,6,7,9,9,9,9,7,8,6,9,7,5,5,8,8,7,7,8,5
9,5,9,8,5,8,8,5,6,6,6,5,6,5,7,7,5,7,8,8,5,5,5,9,8,5,8,6,5,9,8,6,6,5,8,6,6,9,8,6,5,9,6,6,0,5,9,6,9,7,6,7,5,9,9,5,8,9,5,9,9,9,6,5,6,7,9,8,5,7,6,5,5,8,7
8,6,9,9,8,9,8,9,9,8,6,8,7,7,9,9,7,6,9,8,6,8,9,9,8,6,5,6,7,5,5,7,6,7,6,9,9,9,6,5,6,5,7,6,5,0,8,7,6,5,7,8,9,6,9,5,9,7,9,5,7,8,7,6,8,7,9,7,9,5,5,5,7,9,9
7,5,6,7,9,9,8,8,5,9,7,6,5,7,6,6,6,5,9,9,6,8,8,8,8,6,6,7,5,5,7,6,9,7,6,9,7,9,9,5,8,9,7,6,6,6,0,8,5,8,8,8,5,7,5,7,9,7,7,8,8,8,5,8,5,7,5,7,8,5,6,9,7,5,9
5,6,5,7,7,7,7,6,9,6,6,7,8,8,9,7,7,9,5,6,7,7,6,7,9,5,8,9,5,6,9,6,9,8,5,6,8,9,5,6,5,6,6,6,8,5,7,0,8,9,7,9,9,6,8,7,7,5,8,8,6,8,8,6,8,6,9,7,9,8,8,9,7,9,9
5,5,6,9,8,8,8,9,5,7,6,5,9,5,6,7,5,9,6,9,7,7,5,8,5,9,7,7,5,5,7,6,9,7,8,6,6,5,9,9,8,9,8,8,6,5,9,6,0,7,5,7,5,6,9,7,8,9,8,9,9,5,5,9,9,5,5,5,7,7,9,6,5,9,7
6,8,9,6,6,9,9,6,9,9,7,7,5,5,9,9,6,7,6,9,9,7,9,8,7,5,5,6,9,8,9,7,5,8,8,8,9,8,6,9,5,9,5,5,6,8,5,5,8,0,8,8,8,9,5,8,8,8,5,9,5,9,7,6,6,5,5,6,6,7,6,5,8,6,6
9,9,7,9,6,9,5,9,8,5,9,5,8,5,5,9,5,8,9,5,5,8,7,8,5,6,6,8,8,6,8,9,7,7,5,8,6,9,9,9,5,9,8,6,7,9,7,6,5,7,0,5,6,9,5,5,6,7,8,9,5,8,7,6,6,7,5,8,5,9,7,7,5,9,9
5,6,9,6,6,5,8,9,7,5,5,6,9,7,7,9,5,7,5,8,6,7,7,6,8,6,6,7,7,8,9,5,7,5,9,8,6,6,7,8,7,8,9,5,5,6,5,5,8,5,6,0,5,9,5,7,7,8,7,8,9,9,6,7,9,5,5,8,9,7,8,7,9,5,7
6,8,8,7,5,6,6,5,8,7,6,9,5,7,7,6,5,8,7,7,9,5,6,9,5,5,7,5,8,5,7,6,9,7,8,9,9,6,6,6,8,8,7,9,8,5,9,6,7,5,8,8,0,7,7,7,6,6,9,6,5,8,5,7,8,9,9,5,8,9,7,7,8,7,6
9,5,8,6,5,9,6,6,8,7,7,8,9,7,9,6,7,5,9,6,7,7,6,8,9,8,5,5,6,9,8,9,6,5,8,7,8,5,8,7,9,7,7,9,6,6,9,8,8,7,9,7,8,0,5,8,6,9,9,6,7,8,5,9,8,8,7,7,8,9,7,8,7,6,7
7,5,5,6,7,8,8,7,6,9,9,6,6,6,7,6,8,8,8,6,9,9,7,8,5,9,9,5,8,6,8,7,5,6,8,8,6,7,7,8,8,5,8,5,9,7,6,5,6,7,8,5,9,5,0,7,8,7,7,5,8,9,8,8,5,5,7,5,9,8,8,9,6,6,5
8,8,5,7,8,8,8,8,9,5,8,8,7,9,8,5,5,8,6,9,8,5,7,8,9,6,6,6,7,7,8,7,8,8,7,9,7,5,8,7,9,6,8,7,7,7,9,6,6,7,8,5,9,7,6,0,7,6,7,7,7,7,6,5,6,7,5,9,9,7,8,7,5,5,9
9,7,6,9,6,6,6,5,9,9,9,7,8,5,6,9,8,9,7,5,5,8,6,7,9,6,7,5,9,7,5,7,5,5,8,9,6,6,6,6,6,6,6,5,6,5,7,8,7,7,5,8,7,9,8,5,0,5,8,9,9,9,5,6,7,9,6,7,7,7,7,8,7,8,6
9,8,6,5,5,9,9,8,8,6,7,7,5,5,6,7,9,7,6,7,7,5,5,9,5,5,8,9,6,5,9,8,5,6,9,5,9,9,8,9,9,5,6,9,9,7,6,6,5,5,7,5,5,5,9,9,7,0,6,5,5,6,9,7,8,7,9,7,8,6,6,7,9,9,6
7,6,8,5,9,8,8,7,9,6,7,8,7,9,7,5,7,8,9,7,8,9,7,8,7,5,5,7,9,8,7,8,6,8,8,7,5,7,6,7,6,9,5,6,6,8,6,7,6,5,9,9,9,6,8,7,9,5,0,8,9,7,5,7,5,8,8,7,9,5,5,5,5,6,7
5,9,9,6,6,9,8,7,6,9,9,8,9,9,9,5,7,9,8,7,9,6,6,5,7,8,5,6,6,5,5,9,7,7,5,8,8,8,8,9,5,5,8,7,5,5,9,8,9,5,7,5,6,9,8,9,7,8,8,0,8,8,6,5,5,9,5,5,7,8,6,7,9,6,9
6,9,7,8,9,6,8,7,7,6,8,9,8,8,8,6,5,9,9,9,5,9,9,7,8,5,5,7,9,8,7,8,9,6,8,8,7,8,8,6,9,5,9,9,7,9,6,6,8,7,5,7,9,6,8,7,5,9,5,9,0,6,6,8,8,8,5,5,6,5,9,8,7,6,8
5,5,9,9,5,9,8,9,9,6,8,5,8,8,7,6,8,7,8,9,5,8,7,5,5,7,9,5,6,8,9,7,6,6,6,8,7,5,9,6,5,7,7,7,5,8,6,7,8,9,6,5,8,6,8,6,8,8,9,7,9,0,8,7,5,6,5,9,6,7,9,8,8,8,7
9,8,5,9,5,6,5,7,6,7,6,8,9,9,8,9,5,8,5,6,6,6,9,6,5,9,9,9,5,9,5,7,7,6,6,9,6,8,8,7,7,7,7,5,9,8,6,9,8,7,8,5,7,7,5,8,8,8,8,5,7,5,0,7,7,6,9,6,7,8,8,7,6,5,7
8,8,9,8,7,7,8,5,6,7,5,9,9,9,6,8,6,7,9,7,5,6,5,5,8,9,6,8,6,9,5,6,9,5,8,6,8,5,6,6,6,7,9,5,6,6,9,6,6,9,7,5,6,7,7,7,8,9,9,7,5,9,9,0,6,6,9,5,9,5,9,9,5,6,8
5,8,7,5,8,7,5,9,7,6,7,5,9,7,7,6,8,9,5,8,5,7,7,7,8,6,6,5,6,6,9,6,8,8,6,9,5,7,5,7,7,5,6,7,9,6,9,7,6,9,5,5,9,8,8,8,5,9,7,7,5,9,8,5,0,7,5,6,6,5,8,6,6,9,8
5,9,5,5,8,6,7,8,8,6,6,9,7,5,9,8,8,5,5,8,7,8,6,6,5,8,5,8,7,8,8,9,6,6,7,8,8,5,5,5,9,6,6,7,9,7,8,5,6,7,9,5,5,5,6,7,7,8,9,5,6,9,6,9,8,0,7,7,6,7,6,9,8,9,9
8,5,6,9,6,7,5,9,6,5,9,7,8,5,9,5,5,9,5,5,9,5,5,6,9,7,5,7,8,5,7,5,6,5,7,5,5,8,6,6,5,7,7,5,5,5,8,6,6,7,5,9,8,8,5,8,5,9,9,9,7,7,6,5,7,8,0,6,8,8,9,9,7,7,9
5,7,7,9,6,9,8,8,5,6,5,7,7,7,9,9,9,6,8,7,9,7,5,7,7,6,8,5,8,6,7,8,7,9,8,8,5,6,8,5,6,9,6,9,5,5,6,9,8,9,5,8,8,5,9,8,6,5,6,9,5,8,9,9,8,6,5,0,8,8,6,8,7,7,7
5,9,5,6,6,7,5,9,7,9,6,8,9,6,9,5,7,5,5,8,5,8,9,7,5,8,9,8,5,6,5,7,6,6,9,9,8,5,8,8,9,5,5,5,7,5,7,9,9,8,8,8,7,8,6,7,5,7,5,7,8,7,9,5,8,9,7,8,0,6,9,7,7,6,6
9,5,7,8,9,5,6,5,8,6,7,7,9,7,9,7,9,5,9,6,9,7,6,5,7,8,7,8,7,9,6,6,7,6,9,6,9,7,7,9,5,8,8,7,7,5,9,5,8,8,5,6,7,9,6,6,9,7,6,6,7,7,7,8,5,6,9,8,7,0,8,7,7,7,5
5,6,9,8,7,6,8,7,5,8,9,5,8,7,9,8,6,7,5,6,7,7,6,9,6,5,5,6,8,5,6,7,8,7,8,5,7,5,9,9,7,9,7,8,9,5,7,7,9,9,6,9,6,6,8,8,5,9,6,6,5,6,9,9,7,7,6,6,9,8,0,5,6,8,6
8,7,5,7,5,6,8,8,7,8,8,6,6,7,9,5,5,7,8,7,8,5,5,7,5,7,9,6,8,5,8,5,6,9,7,5,7,7,9,5,8,6,9,5,5,6,5,8,7,8,8,7,7,6,7,7,6,7,6,7,7,7,5,6,9,8,5,6,5,8,7,0,7,8,8
8,6,6,9,6,9,6,5,8,9,7,6,7,9,7,9,9,5,6,6,7,6,6,7,5,7,6,8,8,8,5,5,9,8,7,5,6,7,5,7,6,6,8,6,9,8,5,5,9,5,9,6,6,6,5,7,5,8,8,9,8,7,7,9,8,7,6,9,6,6,8,6,0,5,9
5,6,7,5,8,7,7,5,9,7,9,9,8,8,8,5,5,7,8,5,8,8,9,8,7,6,6,6,8,8,7,7,6,7,5,9,5,5,9,6,7,7,8,5,5,9,8,8,5,6,5,5,7,9,5,6,6,8,7,7,5,5,6,6,9,7,7,5,7,8,5,9,7,0,7
8,6,5,9,8,8,7,8,5,7,7,7,9,6,7,9,7,6,8,7,5,6,5,7,5,8,6,8,6,7,5,6,7,5,5,8,6,7,5,9,9,7,5,9,8,7,7,6,8,7,5,8,6,9,7,7,5,8,8,5,6,9,7,8,6,6,9,9,5,8,8,5,5,9,0
