R=75
Pi=(14,14,10,14,12,14,19,19,10,15,19,14,18,11,12,16,16,15,19,17,10,10,15,11,15,13,16,12,10,13,15,18,19,12,17,11,14,15,18,10,14,12,12,12,16,17,13,15,10,14,14,17,11,13,19,13,19,18,18,19,17,16,19,17,10,10,15,16,13,11,11,11,16,18,13)
A=
1,2,37
2,3,0
3,4,0
5,6,0
6,7,0
14,15,0
15,16,34
17,18,26
18,19,0
20,21,0
21,22,0
23,24,34
24,25,0
25,26,26
26,27,0
27,29,38
29,32,36
34,35,0
35,36,0
39,40,29
41,42,32
42,43,0
43,44,27
44,45,0
45,46,0
46,47,38
47,48,38
50,52,0
55,57,24
57,59,22
62,64,25
65,67,0
66,68,29
68,70,20
69,71,20
71,73,0
72,74,23
Sij=
0,11,12,11,11,13,14,13,14,14,11,10,12,11,13,12,11,12,10,10,10,13,13,12,13,12,12,13,14,14,10,13,12,13,12,14,11,14,14,13,11,12,12,11,10,10,14,14,13,13,13,11,10,12,14,12,13,10,13,13,11,11,13,10,14,12,13,13,13,14,10,11,13,11,13
12,0,10,12,11,12,13,12,14,11,10,14,12,14,14,10,11,11,11,10,11,10,13,12,11,12,12,10,11,14,12,11,12,13,14,11,12,10,14,11,14,14,11,12,14,10,10,14,14,13,12,14,10,12,14,12,13,13,10,14,10,13,10,10,13,13,11,14,14,12,13,10,12,14,11
12,14,0,11,12,11,12,12,11,13,12,13,11,10,14,11,12,13,10,14,10,11,13,10,14,11,13,11,14,11,10,11,11,10,10,12,13,12,10,13,11,12,11,12,13,14,12,10,14,12,14,14,10,12,14,14,13,13,12,10,13,11,13,14,13,11,11,10,14,11,13,10,13,12,13
13,14,11,0,12,14,14,13,11,11,12,10,10,14,11,11,13,14,10,14,10,14,13,12,14,11,12,12,10,13,13,14,11,12,13,11,14,12,11,12,11,14,10,12,12,12,10,12,13,13,13,14,14,13,12,13,14,12,11,10,11,12,13,13,12,12,14,12,10,10,12,10,12,13,13
10,14,11,14,0,12,11,10,13,11,14,14,10,12,10,10,12,11,10,10,10,14,10,12,14,10,12,12,11,13,11,13,11,11,14,11,13,12,13,14,13,11,13,11,13,13,12,11,12,10,12,10,14,12,12,14,10,12,12,14,14,14,13,10,10,11,12,14,13,14,11,10,13,11,11
14,10,14,13,11,0,12,10,10,11,10,10,13,14,13,10,11,11,14,13,14,14,13,13,10,12,10,12,13,12,13,12,12,13,10,13,13,10,13,10,11,14,14,11,14,10,13,12,10,12,13,10,10,14,11,12,11,11,13,11,10,10,11,12,13,12,13,14,14,10,11,10,12,14,12
10,10,11,13,10,14,0,12,12,10,14,13,12,12,11,13,12,12,11,12,10,11,12,11,13,12,11,13,13,14,11,12,12,11,12,11,11,14,12,13,12,12,12,10,12,10,14,10,13,11,13,14,13,10,13,10,12,14,13,11,13,10,14,12,14,11,10,11,10,14,11,12,14,13,10
12,13,11,13,12,12,11,0,14,11,11,11,14,11,12,11,14,12,11,11,14,11,13,10,10,11,14,12,10,13,14,11,10,10,10,11,11,10,10,10,13,12,11,12,11,13,12,14,14,13,10,14,10,13,13,14,13,13,11,12,13,10,11,11,12,10,11,14,11,10,14,14,11,11,12
12,10,10,13,12,13,10,12,0,11,13,10,10,11,11,10,12,12,14,13,12,13,11,14,10,10,11,13,12,14,13,11,12,14,10,10,14,13,10,13,13,12,12,14,13,12,10,14,12,10,12,12,14,13,14,13,11,10,10,12,11,10,13,13,12,12,12,10,11,10,11,14,12,11,14
14,11,11,11,13,10,11,10,11,0,12,11,11,13,10,11,14,13,13,12,11,12,14,14,11,10,14,14,13,12,14,12,14,13,13,14,12,14,14,12,12,14,10,11,10,10,10,13,10,14,10,12,11,10,14,12,10,11,14,10,13,11,12,12,12,14,12,12,10,10,13,14,14,11,10
12,12,13,13,10,10,11,13,14,11,0,11,11,13,14,11,14,11,14,13,13,10,11,12,13,11,13,13,13,14,10,11,12,10,10,11,14,12,13,13,10,12,12,13,11,11,13,13,12,13,11,12,14,11,12,14,10,14,14,11,12,11,12,14,14,10,13,10,13,13,12,12,13,11,13
11,12,13,11,11,13,14,10,10,13,12,0,11,11,13,10,11,10,12,11,11,13,14,13,14,11,12,12,10,14,10,14,14,13,12,11,12,11,13,13,13,12,10,12,11,11,13,11,12,12,11,12,14,11,14,14,11,14,14,10,14,11,14,11,14,13,13,12,13,11,13,14,11,14,13
13,13,12,12,12,12,10,14,13,12,13,14,0,12,13,13,10,12,12,13,13,12,13,14,12,12,13,11,13,11,13,12,10,10,13,11,11,13,11,11,13,13,11,10,13,10,14,10,13,10,11,10,11,13,10,10,14,13,14,10,14,10,12,13,14,10,13,13,14,12,11,11,11,11,10
10,10,13,10,12,13,13,12,12,14,12,10,11,0,10,12,11,12,13,11,12,12,10,12,10,13,11,10,10,11,13,14,14,10,13,14,10,11,13,12,12,10,13,10,13,12,14,11,13,11,11,14,12,10,13,12,10,12,12,12,10,12,12,10,13,14,13,10,13,10,12,14,14,11,13
11,13,10,14,13,14,10,12,14,10,14,12,13,12,0,10,14,12,14,11,11,14,13,13,11,13,14,13,13,12,13,11,10,10,11,11,14,14,13,14,12,10,10,13,10,14,12,14,13,13,11,10,10,12,14,14,13,10,13,10,14,10,11,14,10,14,14,11,12,10,10,14,13,10,13
11,14,14,12,11,11,14,10,10,11,12,10,12,11,12,0,13,14,11,13,14,12,13,11,12,11,10,11,12,13,12,11,12,10,14,13,10,13,12,11,14,14,10,11,13,13,13,11,10,10,11,11,13,10,10,11,12,13,12,11,11,10,12,12,12,14,10,10,13,12,11,14,11,14,14
14,12,12,12,14,12,13,11,12,11,10,13,12,14,12,11,0,12,10,10,10,13,12,12,13,14,12,13,13,12,13,11,14,13,10,10,14,10,10,13,14,12,14,10,10,12,10,13,10,10,11,14,14,10,13,10,12,14,13,13,11,14,10,13,13,14,11,14,11,14,12,10,11,12,11
12,14,12,11,11,13,14,12,12,11,13,12,13,14,10,12,10,0,11,11,11,10,12,10,11,11,11,10,11,11,12,10,12,11,14,11,10,10,12,12,14,12,11,12,12,10,11,12,14,11,11,12,13,14,11,11,14,14,10,10,10,13,12,11,10,10,10,11,14,13,14,12,12,14,12
13,14,10,13,10,14,14,10,10,14,10,11,13,10,13,11,11,14,0,11,12,11,10,14,12,11,10,10,12,11,11,13,14,14,12,12,12,14,10,14,10,11,12,11,11,14,13,12,11,11,11,13,12,10,12,11,12,14,13,12,10,14,11,14,13,10,10,12,10,12,11,12,10,14,11
10,13,14,12,12,12,12,14,11,14,13,11,13,11,11,10,12,10,13,0,14,11,14,13,12,10,14,10,11,13,10,13,12,12,14,11,12,13,11,10,14,12,10,14,14,10,14,11,10,14,12,13,11,12,10,14,11,14,11,11,12,11,10,10,11,10,10,14,14,10,13,11,10,14,13
11,11,10,13,12,11,12,14,12,11,11,12,14,11,10,10,12,12,10,12,0,12,12,14,13,13,14,10,12,10,11,10,13,11,13,14,13,10,10,14,10,10,12,13,14,10,13,11,12,14,14,10,14,10,11,11,14,11,12,10,12,11,10,14,11,10,13,10,10,12,11,14,12,12,14
12,10,13,10,13,10,13,13,13,11,10,11,13,10,12,14,12,13,10,11,14,0,14,13,12,13,12,13,10,14,12,14,13,11,10,13,11,10,10,13,14,13,13,11,12,10,13,14,10,13,13,14,10,11,11,10,13,12,11,12,10,11,12,13,11,11,12,10,12,11,11,13,11,14,10
12,10,12,10,11,14,12,13,12,11,12,14,11,10,14,10,13,14,13,13,13,11,0,14,10,11,13,13,12,13,11,14,13,10,10,13,10,10,11,14,12,13,13,10,12,13,12,10,10,13,10,12,14,12,11,12,11,11,11,14,13,10,14,14,10,12,14,13,11,12,14,14,12,14,11
14,14,11,12,12,13,12,13,14,13,14,10,11,13,12,11,13,13,12,11,11,14,13,0,14,10,13,13,14,13,13,10,10,14,10,12,12,10,13,14,10,11,12,10,11,10,12,13,14,13,10,10,11,14,13,10,10,10,11,12,14,10,13,10,10,12,14,10,10,11,14,10,10,14,12
10,14,13,12,13,12,10,14,10,12,12,14,11,10,10,12,12,14,11,14,10,12,11,14,0,13,11,11,13,13,13,14,10,11,11,13,10,11,13,12,14,14,10,12,12,13,13,13,14,14,13,12,11,13,10,12,12,12,13,14,12,11,12,10,11,12,12,12,14,12,14,10,14,11,11
10,14,10,13,11,14,12,12,13,10,11,12,11,11,13,11,13,12,13,10,13,12,10,11,10,0,10,10,13,12,14,12,13,10,11,14,13,12,13,12,10,14,14,13,10,10,10,10,11,10,11,10,13,10,10,13,12,14,14,13,10,13,14,10,13,12,12,11,10,11,10,14,10,10,13
11,13,13,14,10,14,10,14,13,10,13,14,12,10,13,12,14,12,14,11,11,10,14,10,13,13,0,13,14,10,10,11,10,12,12,14,14,14,14,13,14,14,14,11,14,14,13,14,11,11,14,10,11,11,14,11,10,14,13,11,12,11,10,13,12,13,13,11,10,10,13,12,14,14,14
11,11,14,10,10,14,13,11,13,10,14,10,13,13,10,13,10,10,13,11,13,14,11,13,10,11,11,0,14,11,13,11,10,12,11,12,10,11,14,13,11,13,14,12,13,12,13,14,12,14,11,13,12,11,12,11,12,10,10,14,14,13,14,10,14,14,14,13,12,11,10,12,10,12,12
13,14,11,13,11,11,11,13,14,14,10,14,14,14,14,14,14,11,14,13,12,13,13,13,13,13,10,12,0,11,13,14,12,14,13,14,12,11,12,14,13,13,14,14,10,13,10,14,13,12,11,10,11,10,13,14,14,10,12,14,12,11,14,11,10,10,12,14,11,10,12,13,12,11,11
10,13,13,12,14,13,14,12,14,10,13,13,11,11,13,10,11,13,13,11,11,14,12,14,10,11,10,13,12,0,10,12,12,14,14,13,11,10,12,13,10,13,14,14,11,12,12,11,13,12,10,10,10,14,14,10,11,10,14,12,13,13,10,14,14,12,10,13,12,12,12,14,14,10,12
13,12,14,11,11,13,14,12,11,12,14,12,13,14,14,11,11,11,10,10,12,13,10,14,13,12,13,13,10,14,0,10,11,14,11,11,12,11,14,13,14,13,10,14,11,10,14,11,13,13,11,11,13,14,10,10,10,12,10,12,14,14,11,12,11,11,13,12,11,13,11,14,11,12,11
11,11,13,13,14,13,10,14,14,13,13,12,12,14,11,11,10,11,11,13,14,12,13,12,14,12,11,10,10,12,11,0,14,10,12,13,13,11,13,11,13,13,10,11,13,13,14,11,13,14,11,11,13,14,13,12,14,13,10,13,12,11,10,14,12,12,13,11,14,11,13,10,11,10,13
10,13,10,10,14,10,10,13,10,13,11,12,14,11,10,14,10,10,10,13,11,13,11,13,10,14,12,11,11,11,11,14,0,13,11,13,13,13,12,11,13,11,12,14,10,11,14,14,10,13,12,12,14,11,11,11,12,12,11,14,10,13,14,12,14,11,11,14,13,13,12,10,12,14,12
12,13,13,10,12,10,14,11,13,14,13,12,13,11,14,11,11,12,12,11,14,12,10,10,13,14,10,11,12,11,11,10,10,0,14,13,13,13,11,14,14,10,11,10,12,10,14,13,12,13,11,11,12,14,12,12,10,12,12,11,12,10,13,14,12,12,13,11,13,12,11,12,14,13,13
10,13,11,13,14,14,11,12,12,10,14,13,10,12,11,13,10,10,14,11,14,11,11,13,14,12,12,14,14,11,14,12,14,11,0,12,14,13,14,12,12,11,12,11,14,12,13,12,14,11,14,11,11,14,11,14,14,11,13,13,12,11,11,12,11,11,12,14,14,10,12,14,10,12,12
10,11,10,12,10,10,14,13,12,10,14,12,12,13,11,13,12,10,10,10,10,14,14,14,13,14,14,13,13,13,10,10,13,11,11,0,13,13,13,12,12,13,13,13,12,11,13,14,11,12,12,10,13,14,12,12,10,11,10,14,10,11,10,14,13,10,13,14,11,11,13,14,14,13,12
11,12,10,12,13,14,14,13,11,11,13,11,10,10,14,10,11,12,13,11,11,12,13,14,12,12,14,13,14,13,12,10,10,11,10,14,0,14,14,12,10,10,13,13,13,14,13,12,13,11,11,12,11,10,12,11,14,13,10,14,10,10,11,13,13,14,13,11,14,10,14,10,12,10,13
10,13,13,10,14,13,14,11,11,13,11,11,10,13,10,11,11,14,14,11,14,14,14,10,13,11,12,13,13,12,10,10,11,11,11,13,10,0,13,11,10,11,14,14,10,11,13,12,13,13,13,13,11,12,13,14,10,14,13,11,12,11,10,12,14,12,11,14,14,11,12,10,12,13,13
10,10,10,13,13,10,14,14,10,14,13,14,13,12,12,10,13,12,11,13,14,10,11,14,13,10,13,13,11,11,12,10,13,13,13,13,10,10,0,14,10,13,12,10,13,11,13,13,12,11,10,13,13,10,14,14,14,14,11,10,12,12,11,12,14,11,12,10,14,13,13,10,12,13,11
14,11,10,12,13,14,12,10,11,10,12,14,14,13,13,13,14,14,10,11,13,12,10,10,11,13,12,13,13,12,14,10,14,14,10,12,14,11,12,0,10,10,11,14,11,11,12,12,12,11,10,14,11,12,12,13,12,11,14,11,10,11,14,12,13,10,11,14,10,13,11,14,13,11,14
11,11,12,13,13,14,10,10,12,13,13,13,13,12,11,12,10,14,10,12,13,10,14,11,10,10,12,12,13,14,10,11,10,12,11,11,10,13,10,11,0,14,11,12,13,10,12,13,11,13,11,10,10,13,13,10,10,11,11,13,13,12,12,11,12,12,11,12,10,11,14,11,12,13,13
12,12,13,11,10,12,12,10,14,12,14,10,13,11,11,10,10,14,14,12,14,12,14,10,11,13,14,12,10,13,14,12,11,14,10,13,12,14,10,10,10,0,11,12,14,12,11,13,11,13,11,13,12,13,11,14,10,12,13,10,11,12,10,10,10,13,12,14,14,10,13,13,11,13,14
11,12,14,10,12,14,10,13,13,14,14,11,14,14,14,10,10,14,14,13,12,10,11,12,10,10,12,14,10,14,13,12,13,14,14,12,11,12,10,11,11,14,0,11,11,11,11,13,14,14,10,13,13,11,10,11,10,11,12,14,12,11,10,13,13,11,11,13,10,14,12,14,12,13,13
11,13,14,10,10,13,12,12,14,14,11,14,11,13,12,14,10,13,12,13,14,11,10,12,10,14,13,13,14,12,11,10,14,12,13,12,11,11,11,10,10,13,11,0,14,12,11,10,10,12,10,11,10,14,10,13,10,13,11,10,11,10,13,13,12,13,11,14,13,14,10,13,14,12,12
13,11,10,11,10,13,14,13,11,14,11,10,10,14,14,13,14,14,11,10,10,11,10,14,10,10,11,11,10,11,12,11,13,12,12,12,10,11,11,11,11,11,12,13,0,10,12,10,10,14,10,11,13,13,11,11,11,10,11,10,14,11,13,12,14,11,14,12,12,11,11,13,12,12,14
13,13,13,11,13,12,10,11,11,14,10,13,13,11,11,10,12,13,10,11,10,13,14,13,12,11,10,12,14,13,12,13,11,13,13,13,13,13,13,13,14,10,11,12,13,0,13,10,10,11,10,13,14,11,10,14,10,14,14,14,11,11,12,11,13,12,12,12,14,13,13,12,13,10,12
12,14,12,11,14,13,10,10,10,13,14,12,11,10,14,12,13,13,14,11,11,11,13,12,10,11,10,10,12,13,13,10,13,14,13,14,12,13,10,10,11,11,12,12,14,10,0,10,12,10,10,14,13,13,14,11,11,11,14,11,13,12,14,12,12,10,13,13,12,12,14,10,10,13,13
10,14,14,10,13,14,10,13,10,11,14,14,11,14,13,11,12,12,11,11,12,11,14,14,12,10,11,13,10,10,10,14,14,10,14,11,12,10,11,11,12,14,14,11,13,10,11,0,14,14,10,11,12,13,11,10,13,10,14,12,12,13,12,13,14,11,10,10,11,14,11,13,11,10,10
14,13,12,12,11,12,13,12,14,14,13,12,10,12,14,11,10,13,13,14,12,14,11,14,14,13,10,10,14,12,11,14,11,13,12,12,10,12,12,10,13,11,13,13,10,13,14,12,0,11,13,10,10,13,11,12,14,12,12,13,13,11,13,12,11,12,13,11,11,10,12,10,13,10,12
10,11,11,12,13,11,13,12,13,10,11,11,11,14,11,12,14,13,14,14,13,10,13,11,11,12,11,13,11,14,13,12,10,11,11,10,12,14,14,12,10,14,14,11,10,11,12,11,14,0,12,12,12,14,10,13,14,12,10,11,11,14,14,11,14,12,14,10,14,13,10,14,14,13,12
14,14,11,11,11,14,14,14,13,13,11,11,13,14,12,11,13,12,13,12,12,10,12,14,14,10,10,13,13,13,12,12,13,12,11,14,13,10,14,11,12,14,10,12,12,10,11,10,11,12,0,12,12,11,11,14,13,11,11,12,10,13,11,11,14,11,13,13,11,13,13,13,12,12,11
10,13,14,10,11,14,14,10,11,11,11,10,11,12,12,12,12,11,13,13,13,10,12,11,11,14,12,14,12,12,14,10,14,14,10,10,14,11,10,12,11,13,14,10,13,10,12,10,13,10,11,0,11,14,14,13,14,11,13,14,12,12,14,12,13,11,11,10,12,12,12,13,11,10,10
12,14,11,11,12,10,12,11,11,12,11,12,10,10,11,10,14,10,11,13,10,11,11,10,13,12,10,14,13,10,12,14,10,13,11,13,13,14,10,14,10,10,12,10,12,14,10,10,11,11,13,12,0,14,12,10,10,13,11,13,10,10,12,12,10,14,11,11,12,13,12,12,10,10,12
12,14,13,10,13,14,11,14,13,12,12,14,10,13,12,11,10,12,10,10,13,12,13,12,10,10,12,12,11,13,13,12,12,12,10,10,12,12,12,13,13,10,13,14,13,14,11,13,10,12,12,10,14,0,14,13,10,11,11,10,12,11,14,12,14,13,14,12,13,12,11,13,12,14,12
11,13,14,13,13,10,14,14,12,14,11,13,13,12,13,10,14,10,12,14,11,14,12,13,11,13,12,13,10,13,13,14,11,11,13,10,10,12,12,14,13,12,11,13,13,10,11,14,10,12,12,13,14,14,0,10,11,10,10,12,10,13,10,13,14,10,11,12,11,13,12,14,11,13,13
11,14,12,14,10,11,11,12,13,12,10,10,10,11,11,12,10,10,10,11,11,12,13,12,12,11,12,14,11,12,13,10,10,11,13,11,13,10,10,11,13,10,12,11,13,10,11,10,10,11,11,13,10,11,12,0,13,10,14,11,13,13,12,11,10,13,14,14,13,13,14,13,14,10,14
13,10,10,12,14,11,10,11,14,14,11,10,10,14,14,14,10,13,13,11,12,11,14,12,12,13,10,12,12,10,13,11,13,11,13,11,13,12,10,14,12,11,12,11,14,13,14,10,14,13,14,14,11,13,12,11,0,11,12,10,10,11,13,13,14,11,14,11,14,11,12,11,12,13,13
13,10,13,12,13,13,14,14,12,14,11,13,10,10,13,11,10,10,12,14,13,14,12,13,10,14,12,10,14,12,11,11,11,12,14,11,12,13,14,11,11,11,10,14,12,13,13,11,10,14,11,11,10,13,10,14,13,0,10,11,13,11,13,10,10,12,14,11,13,10,12,13,11,10,10
12,12,14,13,10,12,10,10,10,10,10,10,11,12,11,10,13,12,12,11,10,13,11,10,11,13,11,10,10,12,10,14,10,14,10,13,14,14,14,14,12,10,13,14,14,12,13,13,11,10,14,11,14,14,10,14,10,14,0,12,12,11,10,14,12,14,11,10,11,12,13,10,13,12,12
13,14,14,11,10,14,14,12,13,10,13,14,14,11,14,11,12,14,12,12,13,12,11,10,10,12,12,11,11,12,14,10,13,12,10,11,14,13,13,13,12,13,11,13,14,10,11,13,12,11,11,10,11,10,14,10,12,14,11,0,12,11,12,10,10,11,12,10,12,10,13,11,13,11,14
14,14,11,12,11,14,11,13,14,10,11,13,14,12,12,14,13,10,12,10,11,14,12,10,12,12,10,14,12,14,14,12,14,12,11,10,14,10,12,11,11,13,13,10,14,12,13,12,14,10,10,10,11,10,12,14,11,10,14,13,0,14,11,10,10,10,14,13,11,11,12,10,12,12,11
14,13,11,12,11,14,14,12,14,12,13,14,11,14,14,11,13,13,10,13,11,14,12,13,14,14,13,11,10,12,10,12,12,10,11,14,13,14,14,14,14,12,12,13,11,11,13,14,12,10,14,12,11,13,14,14,10,13,13,11,10,0,12,11,12,11,11,11,11,13,10,12,14,13,11
14,14,12,13,11,12,11,14,14,10,12,12,11,13,10,11,13,10,10,13,13,12,10,10,11,10,10,12,11,11,12,14,13,10,14,10,12,11,11,10,14,11,13,11,14,13,10,12,10,11,11,11,13,10,12,11,14,12,11,11,12,14,0,13,12,12,13,14,10,14,10,14,11,14,10
13,12,14,13,10,12,14,12,11,14,10,11,11,13,13,13,11,10,10,14,13,14,13,10,14,11,14,14,13,14,12,14,12,13,11,10,12,10,11,13,11,14,13,13,11,11,11,10,12,10,14,14,11,14,11,14,14,13,14,14,13,10,14,0,12,12,11,13,12,12,13,10,10,13,11
13,13,11,14,13,13,14,14,12,12,10,12,12,12,11,12,10,13,11,12,10,11,10,10,10,10,12,14,13,14,10,13,10,10,11,13,12,14,14,10,14,13,13,11,11,10,14,10,11,10,12,11,14,11,10,12,12,10,13,13,10,10,10,12,0,12,11,11,11,11,13,14,11,14,10
12,11,12,14,14,10,11,11,13,13,12,13,14,14,10,14,10,12,10,11,10,13,13,10,13,10,13,12,14,12,10,10,12,13,13,13,14,13,11,13,11,14,12,12,10,13,11,12,11,11,13,12,11,12,10,13,13,12,10,13,12,14,11,10,12,0,11,10,11,10,11,10,11,10,12
14,10,11,11,14,10,14,11,10,12,14,13,14,14,12,10,10,11,13,13,10,12,12,12,14,14,12,10,11,14,11,11,11,14,13,14,12,12,13,10,14,11,13,14,10,13,12,10,13,10,11,13,12,12,11,11,13,14,11,14,12,13,14,10,10,12,0,12,10,11,13,12,13,12,13
13,14,14,13,11,10,12,11,11,10,13,12,13,13,12,11,10,13,10,13,12,10,11,12,13,12,11,11,14,10,12,13,11,14,14,11,12,10,12,10,12,10,12,14,12,13,14,13,12,10,12,14,12,13,10,13,13,11,14,13,14,10,12,11,12,14,11,0,14,14,11,14,10,10,14
11,12,12,12,10,10,13,12,13,13,13,13,10,12,13,10,13,10,10,14,11,11,12,11,11,12,11,14,14,11,10,12,14,12,11,12,10,10,11,14,14,12,11,14,13,14,14,13,11,13,13,13,14,11,13,10,10,11,11,13,13,14,13,12,12,10,14,12,0,10,10,10,12,14,10
14,13,14,13,13,11,13,12,13,10,13,12,12,12,14,11,12,13,14,13,11,10,14,14,11,12,10,11,13,10,12,10,14,13,12,14,10,12,13,14,14,10,11,12,14,10,13,11,13,14,13,12,12,10,14,13,14,10,12,11,11,12,14,12,12,12,12,13,10,0,14,10,10,10,10
13,10,14,11,14,10,13,14,12,13,12,10,13,13,14,13,10,10,10,11,12,12,10,13,10,11,13,14,10,14,13,12,11,12,12,13,13,13,10,11,12,12,14,10,14,11,14,13,14,11,14,14,10,13,12,10,14,10,10,13,11,14,13,13,10,14,14,11,11,10,0,14,11,10,13
14,10,13,10,13,13,12,10,14,14,14,14,12,12,14,11,13,13,12,12,10,13,14,11,10,10,12,12,11,14,11,12,14,12,14,12,12,14,11,12,10,11,14,13,13,11,11,11,12,14,12,11,13,13,12,11,11,11,14,13,11,10,13,10,12,11,14,10,13,12,14,0,14,11,10
11,13,13,10,12,14,13,10,10,12,11,14,14,10,14,13,11,10,14,13,10,10,13,14,11,11,11,11,13,10,10,13,10,13,11,14,12,10,14,10,10,10,14,11,13,12,12,14,11,10,10,13,14,13,14,11,10,14,13,10,13,12,12,10,11,13,14,10,14,10,10,10,0,11,13
12,10,10,12,10,13,13,12,14,13,14,12,13,11,13,14,13,13,11,13,12,12,12,13,14,14,12,11,14,11,14,10,12,10,10,14,11,13,13,10,11,10,12,14,11,14,10,13,12,14,11,11,13,12,11,14,13,11,12,10,11,11,12,13,13,14,14,12,11,14,13,14,10,0,11
11,11,10,12,12,14,14,14,14,10,14,12,11,14,14,10,11,14,10,13,13,10,13,13,11,11,14,12,11,13,10,11,11,11,10,14,14,10,13,12,11,11,12,12,13,10,13,14,13,10,13,14,13,11,12,11,13,11,11,10,14,12,13,11,14,12,11,14,14,14,10,10,10,13,0
