R=75
Pi=(12,16,18,11,15,11,12,19,13,13,15,18,16,10,10,19,11,18,17,14,12,15,14,10,19,14,15,15,13,14,12,12,15,10,16,18,15,14,18,16,18,15,18,16,14,14,13,15,14,16,17,10,18,10,17,17,11,17,12,11,16,17,15,18,10,12,13,16,13,11,13,16,19,10,16)
A=
1,2,0
3,4,0
5,6,0
6,7,37
7,8,37
9,10,0
11,12,31
13,14,26
14,15,0
18,20,37
20,22,0
21,23,35
22,24,0
24,26,30
25,27,0
26,28,0
28,30,0
29,31,0
30,32,23
31,33,38
36,38,0
39,41,20
40,42,26
41,43,0
42,44,26
43,45,0
46,48,25
48,50,0
49,51,0
51,53,28
54,56,0
56,58,28
66,68,35
70,72,26
71,73,38
72,74,0
73,75,33
Sij=
0,8,9,5,9,9,6,7,6,5,9,5,9,8,8,8,8,9,5,5,5,6,6,7,9,5,9,6,8,5,6,5,6,9,6,9,6,5,7,8,6,9,6,7,5,5,9,7,9,6,5,8,9,5,6,6,7,6,6,9,5,5,9,6,8,8,9,5,7,8,6,8,7,7,9
6,0,5,9,7,9,5,6,6,6,5,8,5,5,7,9,7,5,9,7,8,6,9,5,8,6,5,8,9,5,9,7,5,7,6,5,6,8,8,6,8,8,8,7,5,9,7,8,8,7,6,5,9,9,9,8,6,5,5,6,8,7,6,5,6,7,8,8,9,7,8,9,7,7,9
9,7,0,7,9,9,8,7,5,6,9,9,8,5,8,7,8,5,7,7,7,6,6,7,5,8,6,9,8,5,9,7,8,6,5,9,5,9,6,6,7,6,6,5,6,7,9,7,9,6,8,7,6,5,5,8,7,5,7,6,8,8,8,9,7,7,5,6,5,8,6,9,9,6,9
6,9,6,0,6,7,8,8,5,7,7,7,5,8,6,6,6,5,7,5,8,8,7,7,7,8,6,8,7,5,5,9,7,5,5,8,9,6,8,9,7,9,8,6,7,5,6,7,5,8,7,5,7,9,8,5,8,6,9,7,5,9,5,9,6,8,9,5,7,7,7,5,7,7,7
8,9,6,5,0,7,6,9,8,8,8,9,6,8,7,9,5,7,7,5,8,7,9,9,9,8,6,6,9,7,6,6,8,9,7,5,6,7,6,6,5,6,6,7,6,7,6,5,8,8,7,5,8,6,9,9,9,5,6,6,6,5,5,5,7,6,5,6,6,6,8,7,5,5,9
7,6,6,8,6,0,6,5,8,6,9,5,8,6,5,8,5,5,5,9,5,5,6,5,9,9,7,9,9,6,9,9,9,7,6,7,7,7,6,9,9,5,7,8,6,7,7,8,6,7,6,7,6,5,9,9,6,5,7,8,9,6,5,6,6,9,5,5,5,8,5,8,9,5,5
5,8,7,9,7,6,0,9,8,6,5,6,7,9,7,7,5,7,9,7,5,7,9,5,7,6,6,7,8,8,7,7,8,6,5,9,6,9,6,5,7,5,8,9,6,5,6,6,7,8,7,7,9,6,5,7,5,7,9,7,6,9,5,5,8,7,8,6,8,8,5,6,6,9,5
5,9,5,8,7,9,9,0,9,5,5,5,8,7,6,8,9,8,9,8,8,8,9,7,5,8,6,9,7,9,7,5,6,9,6,9,7,9,8,7,8,6,9,5,9,8,9,6,5,5,8,6,7,8,5,7,6,6,5,9,5,9,6,9,7,5,8,8,5,6,5,9,9,6,9
7,8,8,7,6,9,5,9,0,7,5,5,7,7,8,9,7,5,9,9,7,8,9,5,7,9,9,5,5,8,9,9,6,6,8,8,9,8,9,8,5,9,5,9,9,7,7,5,9,6,9,9,9,5,8,6,7,7,5,7,7,8,5,5,7,5,8,6,9,5,9,9,6,6,8
8,7,5,5,5,7,8,5,8,0,9,9,5,5,8,6,5,6,7,6,6,7,9,5,6,8,8,6,6,9,6,9,8,8,7,5,9,7,7,9,5,8,7,6,5,7,5,8,8,8,5,8,6,9,5,6,8,7,8,7,7,6,7,6,6,9,6,7,8,7,7,8,9,7,5
8,9,7,9,8,7,5,8,8,8,0,8,8,8,7,6,6,7,8,9,7,9,5,5,9,6,6,8,9,5,6,6,9,9,9,7,6,5,7,9,5,7,7,9,7,8,6,7,9,6,5,9,9,9,5,6,7,9,8,7,7,8,5,7,7,7,8,8,9,5,5,5,9,8,9
5,6,6,7,5,9,9,9,8,9,6,0,6,9,8,7,9,7,7,9,7,6,6,9,7,5,5,7,7,8,6,5,5,6,5,5,9,5,6,7,8,8,9,7,8,5,5,8,5,6,5,8,7,9,6,7,8,6,9,7,5,7,6,5,6,9,6,5,9,8,7,9,5,5,6
9,7,9,6,6,5,6,7,6,8,8,7,0,5,5,7,6,7,6,9,6,6,7,8,5,9,9,5,8,6,9,6,7,7,8,6,9,8,5,7,6,8,9,5,7,8,6,6,9,6,7,5,7,6,9,5,6,9,9,6,7,5,7,5,6,6,5,5,7,8,7,8,7,9,7
7,6,7,5,6,7,8,5,7,9,8,9,6,0,7,7,9,5,9,8,5,6,5,8,8,6,8,6,8,6,8,8,8,8,8,6,8,9,9,7,9,9,9,5,6,8,7,8,7,9,8,7,8,8,8,5,7,7,9,9,8,6,9,8,8,5,5,6,8,6,9,5,6,6,9
5,6,5,7,5,9,9,9,9,7,6,5,5,9,0,7,9,5,5,9,9,7,5,6,7,5,7,6,5,5,9,8,6,7,8,7,8,7,5,9,9,8,7,9,6,7,5,5,6,5,7,8,9,6,6,6,5,5,7,6,7,8,9,8,9,9,9,7,6,6,8,7,5,6,5
5,5,5,5,9,5,6,9,9,8,6,8,9,5,6,0,7,8,9,8,6,6,9,9,9,6,7,8,9,5,6,9,8,8,6,6,6,5,5,7,6,6,8,9,9,8,5,5,6,5,9,5,8,6,9,8,6,6,5,8,7,6,7,9,8,9,7,5,8,9,5,6,7,6,6
9,8,5,9,6,6,7,6,9,5,5,6,6,8,8,9,0,9,9,7,5,5,9,9,6,5,5,5,6,6,9,7,8,6,5,5,9,5,6,9,6,5,5,8,8,7,7,6,6,5,5,6,7,9,5,6,5,9,9,9,5,5,5,5,9,8,7,9,6,8,8,9,7,9,5
5,9,5,5,8,7,9,8,6,6,8,5,8,5,8,9,5,0,6,6,9,5,9,9,8,5,5,7,9,7,6,6,8,7,8,5,6,9,8,5,7,5,6,9,9,6,7,8,8,7,9,7,7,5,5,5,6,5,7,5,8,9,9,6,9,5,5,7,9,5,7,9,7,5,9
8,8,9,5,7,7,6,8,7,8,9,8,7,7,8,9,6,7,0,7,7,7,6,5,9,9,6,5,9,8,5,5,5,6,6,6,6,6,5,9,7,7,5,7,7,5,6,7,9,5,6,5,6,9,8,7,7,7,9,6,6,7,7,5,6,8,8,7,6,6,7,7,6,7,5
5,6,8,8,9,7,8,5,8,7,9,8,5,8,9,8,8,6,8,0,8,9,5,5,5,9,6,9,6,8,8,8,9,9,8,8,5,8,9,5,8,8,7,8,8,7,5,8,9,7,7,8,6,7,9,6,5,6,8,9,7,8,6,6,9,8,9,9,6,9,8,5,9,5,9
5,7,6,6,8,9,8,5,9,5,9,7,7,5,7,8,8,5,5,7,0,5,6,5,9,9,7,5,6,9,8,7,9,5,7,8,8,8,5,9,5,9,7,7,6,5,6,7,8,8,6,9,9,9,8,9,9,6,7,6,6,8,7,6,5,8,9,6,5,6,8,9,8,5,9
8,8,8,9,8,8,5,7,7,7,8,7,5,7,8,9,7,6,8,8,7,0,7,6,7,7,5,5,6,7,5,7,6,9,9,9,6,6,6,8,8,6,5,9,8,6,6,9,9,7,7,6,7,5,7,7,6,6,5,7,8,8,8,9,7,5,7,8,6,7,6,7,5,8,9
7,6,7,8,5,6,6,5,9,9,8,9,5,6,6,8,9,5,9,9,5,7,0,6,7,7,8,7,8,6,5,9,5,9,5,5,6,9,8,9,5,7,7,8,5,8,5,7,6,9,9,7,7,6,9,9,9,5,9,5,7,8,7,9,9,9,8,5,9,6,5,8,6,6,8
6,7,8,5,8,7,6,5,8,7,8,7,9,9,6,5,6,9,8,7,7,9,8,0,9,5,5,5,7,5,8,5,5,6,7,7,6,5,9,6,8,5,7,9,6,5,7,8,5,8,5,9,9,8,8,6,7,9,8,5,7,6,9,5,5,6,7,6,6,7,5,9,7,7,5
6,9,5,6,9,8,7,9,9,5,9,5,7,7,6,9,6,6,8,8,6,6,7,9,0,5,8,5,6,7,7,5,7,6,8,6,6,6,8,9,6,5,6,9,9,5,5,9,9,5,7,8,8,8,9,8,9,7,6,5,5,8,5,6,6,9,7,9,9,5,5,8,8,6,6
7,9,7,7,8,9,8,6,5,9,9,7,9,7,9,6,8,5,7,9,8,5,9,8,5,0,8,6,9,8,5,9,5,6,6,7,8,7,5,8,5,6,6,9,6,7,7,7,7,5,8,6,7,6,7,7,7,9,8,7,9,8,8,7,5,5,8,6,7,9,5,9,8,7,6
7,7,5,7,5,8,5,9,9,9,9,6,9,8,8,9,9,8,8,8,7,8,8,9,6,8,0,5,5,7,9,9,7,5,9,5,5,6,6,8,8,8,9,9,8,5,8,9,8,8,5,6,5,5,8,9,9,8,6,6,7,7,5,6,5,5,6,5,9,7,8,8,7,5,9
9,7,8,5,8,7,8,7,6,7,7,9,7,6,5,6,6,5,5,5,6,8,7,9,7,9,7,0,5,5,5,6,9,9,6,9,6,5,7,7,8,8,5,8,9,7,5,9,9,9,6,6,7,6,9,8,5,5,9,7,9,9,8,6,6,5,8,5,5,7,9,6,9,7,6
7,5,9,7,6,7,9,8,6,9,9,9,7,9,8,8,5,5,9,8,8,5,8,7,9,8,5,8,0,6,9,5,7,9,5,7,7,6,7,7,5,9,6,7,6,6,5,6,5,7,8,8,5,9,9,8,6,7,7,8,8,6,6,6,6,9,7,9,7,6,5,7,8,8,9
9,7,7,6,5,8,7,9,6,7,6,9,7,5,6,6,5,9,9,9,8,8,9,6,7,9,6,9,9,0,6,6,5,6,9,5,6,8,5,6,9,6,7,9,8,9,9,9,9,5,5,5,8,8,9,5,5,7,6,9,6,7,7,5,9,6,6,8,7,5,5,7,5,7,9
7,6,8,6,6,7,5,7,9,8,5,8,6,7,9,9,8,7,5,9,7,8,6,5,7,8,6,6,8,9,0,8,5,5,8,6,9,6,6,5,6,6,5,8,7,8,7,9,5,8,5,7,5,9,8,7,8,9,8,8,8,6,8,8,9,5,5,8,8,5,5,7,7,6,9
8,7,5,9,6,9,9,5,8,8,7,8,6,7,6,7,9,8,7,6,9,7,6,8,6,8,9,6,9,8,7,0,9,8,9,5,5,8,5,6,9,8,5,5,5,7,6,8,6,6,7,6,9,9,5,9,5,5,6,7,7,9,8,6,9,5,7,5,6,6,6,9,9,6,8
7,9,7,6,6,5,5,8,9,6,7,8,5,8,5,9,9,6,7,8,9,5,9,5,5,5,6,6,9,5,8,7,0,7,6,7,5,8,9,5,7,7,5,8,9,7,6,7,6,6,7,6,7,6,7,8,7,9,6,6,6,8,8,9,8,8,5,6,8,5,9,6,5,6,9
6,8,6,5,8,8,7,9,9,6,9,5,5,9,7,5,5,6,7,9,9,9,6,5,5,7,9,8,6,7,6,6,6,0,6,6,9,5,9,8,7,8,8,8,7,9,7,9,7,5,5,9,9,7,6,5,6,7,6,9,5,9,8,8,7,5,7,8,8,7,8,9,5,8,5
5,6,5,8,5,8,7,7,8,5,7,6,8,5,6,5,7,8,5,7,8,9,9,5,7,6,9,5,5,7,5,8,6,7,0,5,9,5,9,5,6,7,7,5,8,5,9,8,8,7,7,6,5,5,5,6,5,6,9,6,9,8,6,6,5,9,9,5,6,9,6,9,7,8,8
9,6,9,5,5,8,8,5,8,7,6,9,7,5,5,9,7,6,8,6,7,5,5,9,9,5,8,6,8,5,7,8,7,7,5,0,5,6,5,9,7,6,7,8,9,9,9,6,9,6,9,8,8,9,7,6,9,6,9,6,5,9,6,7,7,9,8,7,5,9,9,8,7,7,5
5,9,7,6,5,9,9,8,9,8,7,9,8,5,5,6,9,6,8,9,8,9,5,5,9,6,7,6,5,7,6,6,5,9,6,6,0,6,9,9,7,5,5,6,8,5,5,9,6,9,7,9,6,8,8,6,5,8,6,6,8,7,7,8,7,7,5,8,9,8,9,5,9,7,6
8,8,8,7,5,9,7,5,6,7,7,5,8,7,7,6,7,5,7,5,9,7,6,8,6,9,6,9,7,5,7,9,9,6,5,8,6,0,6,5,7,6,7,6,6,9,6,7,6,7,7,6,9,6,6,7,5,6,9,6,5,7,7,7,5,9,8,6,6,7,8,5,6,9,5
8,7,6,5,9,9,7,5,7,5,8,8,7,7,9,9,7,6,9,5,9,9,9,5,6,6,5,5,8,8,7,5,5,6,8,9,8,5,0,5,7,8,7,5,6,6,6,5,8,7,7,6,8,6,9,5,9,8,5,9,8,8,6,6,9,8,8,7,5,9,9,6,6,6,7
6,6,9,7,8,9,5,6,8,5,6,8,8,6,6,8,6,7,6,7,8,6,6,6,8,8,8,9,9,7,6,5,7,8,7,8,5,5,7,0,9,7,6,8,6,7,9,5,6,9,5,8,8,5,8,8,5,5,8,9,5,5,5,7,5,8,6,6,9,8,8,8,6,5,6
9,7,7,9,8,8,7,7,5,9,9,8,5,8,9,6,7,7,6,6,8,6,9,7,8,6,8,5,7,5,7,6,8,8,9,6,7,6,9,5,0,7,8,5,8,6,5,6,8,9,7,6,6,5,8,8,8,7,5,6,7,5,7,9,5,7,7,9,6,9,8,9,5,7,5
9,9,6,6,6,7,5,9,6,5,8,5,6,9,5,6,9,7,5,7,5,5,9,9,6,8,5,9,9,6,7,5,8,5,9,8,6,6,9,8,6,0,5,6,8,6,6,5,5,6,8,8,6,9,9,9,8,5,6,5,7,7,5,5,9,7,7,6,6,5,6,9,7,7,7
5,9,9,5,8,9,7,5,8,6,7,6,6,8,5,5,7,9,6,6,5,5,5,6,5,8,9,9,9,9,8,6,9,7,8,9,9,5,8,5,9,7,0,7,9,6,6,6,7,6,5,9,9,6,6,6,9,9,7,9,5,5,8,6,8,7,6,7,8,5,5,5,7,6,6
7,8,8,6,9,9,6,6,7,8,5,8,9,7,6,8,5,6,5,8,9,5,5,8,6,5,9,8,7,5,9,7,8,9,8,7,6,7,8,5,8,9,6,0,7,8,8,6,9,7,6,9,9,6,8,6,6,7,9,9,9,9,7,8,6,9,7,5,5,8,8,7,7,8,5
9,5,9,8,5,8,8,5,6,6,6,5,6,5,7,7,5,7,8,8,5,5,5,9,8,5,8,6,5,9,8,6,6,5,8,6,6,9,8,6,5,9,6,6,0,5,9,6,9,7,6,7,5,9,9,5,8,9,5,9,9,9,6,5,6,7,9,8,5,7,6,5,5,8,7
8,6,9,9,8,9,8,9,9,8,6,8,7,7,9,9,7,6,9,8,6,8,9,9,8,6,5,6,7,5,5,7,6,7,6,9,9,9,6,5,6,5,7,6,5,0,8,7,6,5,7,8,9,6,9,5,9,7,9,5,7,8,7,6,8,7,9,7,9,5,5,5,7,9,9
7,5,6,7,9,9,8,8,5,9,7,6,5,7,6,6,6,5,9,9,6,8,8,8,8,6,6,7,5,5,7,6,9,7,6,9,7,9,9,5,8,9,7,6,6,6,0,8,5,8,8,8,5,7,5,7,9,7,7,8,8,8,5,8,5,7,5,7,8,5,6,9,7,5,9
5,6,5,7,7,7,7,6,9,6,6,7,8,8,9,7,7,9,5,6,7,7,6,7,9,5,8,9,5,6,9,6,9,8,5,6,8,9,5,6,5,6,6,6,8,5,7,0,8,9,7,9,9,6,8,7,7,5,8,8,6,8,8,6,8,6,9,7,9,8,8,9,7,9,9
5,5,6,9,8,8,8,9,5,7,6,5,9,5,6,7,5,9,6,9,7,7,5,8,5,9,7,7,5,5,7,6,9,7,8,6,6,5,9,9,8,9,8,8,6,5,9,6,0,7,5,7,5,6,9,7,8,9,8,9,9,5,5,9,9,5,5,5,7,7,9,6,5,9,7
6,8,9,6,6,9,9,6,9,9,7,7,5,5,9,9,6,7,6,9,9,7,9,8,7,5,5,6,9,8,9,7,5,8,8,8,9,8,6,9,5,9,5,5,6,8,5,5,8,0,8,8,8,9,5,8,8,8,5,9,5,9,7,6,6,5,5,6,6,7,6,5,8,6,6
9,9,7,9,6,9,5,9,8,5,9,5,8,5,5,9,5,8,9,5,5,8,7,8,5,6,6,8,8,6,8,9,7,7,5,8,6,9,9,9,5,9,8,6,7,9,7,6,5,7,0,5,6,9,5,5,6,7,8,9,5,8,7,6,6,7,5,8,5,9,7,7,5,9,9
5,6,9,6,6,5,8,9,7,5,5,6,9,7,7,9,5,7,5,8,6,7,7,6,8,6,6,7,7,8,9,5,7,5,9,8,6,6,7,8,7,8,9,5,5,6,5,5,8,5,6,0,5,9,5,7,7,8,7,8,9,9,6,7,9,5,5,8,9,7,8,7,9,5,7
6,8,8,7,5,6,6,5,8,7,6,9,5,7,7,6,5,8,7,7,9,5,6,9,5,5,7,5,8,5,7,6,9,7,8,9,9,6,6,6,8,8,7,9,8,5,9,6,7,5,8,8,0,7,7,7,6,6,9,6,5,8,5,7,8,9,9,5,8,9,7,7,8,7,6
9,5,8,6,5,9,6,6,8,7,7,8,9,7,9,6,7,5,9,6,7,7,6,8,9,8,5,5,6,9,8,9,6,5,8,7,8,5,8,7,9,7,7,9,6,6,9,8,8,7,9,7,8,0,5,8,6,9,9,6,7,8,5,9,8,8,7,7,8,9,7,8,7,6,7
7,5,5,6,7,8,8,7,6,9,9,6,6,6,7,6,8,8,8,6,9,9,7,8,5,9,9,5,8,6,8,7,5,6,8,8,6,7,7,8,8,5,8,5,9,7,6,5,6,7,8,5,9,5,0,7,8,7,7,5,8,9,8,8,5,5,7,5,9,8,8,9,6,6,5
8,8,5,7,8,8,8,8,9,5,8,8,7,9,8,5,5,8,6,9,8,5,7,8,9,6,6,6,7,7,8,7,8,8,7,9,7,5,8,7,9,6,8,7,7,7,9,6,6,7,8,5,9,7,6,0,7,6,7,7,7,7,6,5,6,7,5,9,9,7,8,7,5,5,9
9,7,6,9,6,6,6,5,9,9,9,7,8,5,6,9,8,9,7,5,5,8,6,7,9,6,7,5,9,7,5,7,5,5,8,9,6,6,6,6,6,6,6,5,6,5,7,8,7,7,5,8,7,9,8,5,0,5,8,9,9,9,5,6,7,9,6,7,7,7,7,8,7,8,6
9,8,6,5,5,9,9,8,8,6,7,7,5,5,6,7,9,7,6,7,7,5,5,9,5,5,8,9,6,5,9,8,5,6,9,5,9,9,8,9,9,5,6,9,9,7,6,6,5,5,7,5,5,5,9,9,7,0,6,5,5,6,9,7,8,7,9,7,8,6,6,7,9,9,6
7,6,8,5,9,8,8,7,9,6,7,8,7,9,7,5,7,8,9,7,8,9,7,8,7,5,5,7,9,8,7,8,6,8,8,7,5,7,6,7,6,9,5,6,6,8,6,7,6,5,9,9,9,6,8,7,9,5,0,8,9,7,5,7,5,8,8,7,9,5,5,5,5,6,7
5,9,9,6,6,9,8,7,6,9,9,8,9,9,9,5,7,9,8,7,9,6,6,5,7,8,5,6,6,5,5,9,7,7,5,8,8,8,8,9,5,5,8,7,5,5,9,8,9,5,7,5,6,9,8,9,7,8,8,0,8,8,6,5,5,9,5,5,7,8,6,7,9,6,9
6,9,7,8,9,6,8,7,7,6,8,9,8,8,8,6,5,9,9,9,5,9,9,7,8,5,5,7,9,8,7,8,9,6,8,8,7,8,8,6,9,5,9,9,7,9,6,6,8,7,5,7,9,6,8,7,5,9,5,9,0,6,6,8,8,8,5,5,6,5,9,8,7,6,8
5,5,9,9,5,9,8,9,9,6,8,5,8,8,7,6,8,7,8,9,5,8,7,5,5,7,9,5,6,8,9,7,6,6,6,8,7,5,9,6,5,7,7,7,5,8,6,7,8,9,6,5,8,6,8,6,8,8,9,7,9,0,8,7,5,6,5,9,6,7,9,8,8,8,7
9,8,5,9,5,6,5,7,6,7,6,8,9,9,8,9,5,8,5,6,6,6,9,6,5,9,9,9,5,9,5,7,7,6,6,9,6,8,8,7,7,7,7,5,9,8,6,9,8,7,8,5,7,7,5,8,8,8,8,5,7,5,0,7,7,6,9,6,7,8,8,7,6,5,7
8,8,9,8,7,7,8,5,6,7,5,9,9,9,6,8,6,7,9,7,5,6,5,5,8,9,6,8,6,9,5,6,9,5,8,6,8,5,6,6,6,7,9,5,6,6,9,6,6,9,7,5,6,7,7,7,8,9,9,7,5,9,9,0,6,6,9,5,9,5,9,9,5,6,8
5,8,7,5,8,7,5,9,7,6,7,5,9,7,7,6,8,9,5,8,5,7,7,7,8,6,6,5,6,6,9,6,8,8,6,9,5,7,5,7,7,5,6,7,9,6,9,7,6,9,5,5,9,8,8,8,5,9,7,7,5,9,8,5,0,7,5,6,6,5,8,6,6,9,8
5,9,5,5,8,6,7,8,8,6,6,9,7,5,9,8,8,5,5,8,7,8,6,6,5,8,5,8,7,8,8,9,6,6,7,8,8,5,5,5,9,6,6,7,9,7,8,5,6,7,9,5,5,5,6,7,7,8,9,5,6,9,6,9,8,0,7,7,6,7,6,9,8,9,9
8,5,6,9,6,7,5,9,6,5,9,7,8,5,9,5,5,9,5,5,9,5,5,6,9,7,5,7,8,5,7,5,6,5,7,5,5,8,6,6,5,7,7,5,5,5,8,6,6,7,5,9,8,8,5,8,5,9,9,9,7,7,6,5,7,8,0,6,8,8,9,9,7,7,9
5,7,7,9,6,9,8,8,5,6,5,7,7,7,9,9,9,6,8,7,9,7,5,7,7,6,8,5,8,6,7,8,7,9,8,8,5,6,8,5,6,9,6,9,5,5,6,9,8,9,5,8,8,5,9,8,6,5,6,9,5,8,9,9,8,6,5,0,8,8,6,8,7,7,7
5,9,5,6,6,7,5,9,7,9,6,8,9,6,9,5,7,5,5,8,5,8,9,7,5,8,9,8,5,6,5,7,6,6,9,9,8,5,8,8,9,5,5,5,7,5,7,9,9,8,8,8,7,8,6,7,5,7,5,7,8,7,9,5,8,9,7,8,0,6,9,7,7,6,6
9,5,7,8,9,5,6,5,8,6,7,7,9,7,9,7,9,5,9,6,9,7,6,5,7,8,7,8,7,9,6,6,7,6,9,6,9,7,7,9,5,8,8,7,7,5,9,5,8,8,5,6,7,9,6,6,9,7,6,6,7,7,7,8,5,6,9,8,7,0,8,7,7,7,5
5,6,9,8,7,6,8,7,5,8,9,5,8,7,9,8,6,7,5,6,7,7,6,9,6,5,5,6,8,5,6,7,8,7,8,5,7,5,9,9,7,9,7,8,9,5,7,7,9,9,6,9,6,6,8,8,5,9,6,6,5,6,9,9,7,7,6,6,9,8,0,5,6,8,6
8,7,5,7,5,6,8,8,7,8,8,6,6,7,9,5,5,7,8,7,8,5,5,7,5,7,9,6,8,5,8,5,6,9,7,5,7,7,9,5,8,6,9,5,5,6,5,8,7,8,8,7,7,6,7,7,6,7,6,7,7,7,5,6,9,8,5,6,5,8,7,0,7,8,8
8,6,6,9,6,9,6,5,8,9,7,6,7,9,7,9,9,5,6,6,7,6,6,7,5,7,6,8,8,8,5,5,9,8,7,5,6,7,5,7,6,6,8,6,9,8,5,5,9,5,9,6,6,6,5,7,5,8,8,9,8,7,7,9,8,7,6,9,6,6,8,6,0,5,9
5,6,7,5,8,7,7,5,9,7,9,9,8,8,8,5,5,7,8,5,8,8,9,8,7,6,6,6,8,8,7,7,6,7,5,9,5,5,9,6,7,7,8,5,5,9,8,8,5,6,5,5,7,9,5,6,6,8,7,7,5,5,6,6,9,7,7,5,7,8,5,9,7,0,7
8,6,5,9,8,8,7,8,5,7,7,7,9,6,7,9,7,6,8,7,5,6,5,7,5,8,6,8,6,7,5,6,7,5,5,8,6,7,5,9,9,7,5,9,8,7,7,6,8,7,5,8,6,9,7,7,5,8,8,5,6,9,7,8,6,6,9,9,5,8,8,5,5,9,0
