R=75
Pi=(23,28,26,20,23,26,20,29,28,28,24,29,24,21,28,24,28,23,28,20,27,25,21,24,23,20,29,20,24,27,27,22,21,21,20,20,28,21,25,29,28,26,21,20,25,29,27,25,28,21,22,28,27,29,25,28,26,21,26,23,27,20,24,21,20,21,28,22,20,28,25,26,27,29,21)
A=
1,2,0
2,3,0
3,4,0
4,5,0
5,7,0
7,9,0
10,11,39
11,12,0
12,13,22
13,14,0
14,15,37
15,17,0
18,19,20
19,20,0
20,21,0
23,24,0
24,25,37
25,26,20
26,28,28
30,31,25
31,32,24
32,33,35
34,35,33
35,36,20
38,39,0
42,45,0
45,50,34
51,52,0
54,55,28
55,56,33
61,62,23
62,63,34
63,64,0
64,65,0
66,67,0
69,71,35
70,72,30
Sij=
0,13,11,12,10,13,13,11,11,11,11,14,12,13,10,11,10,14,10,11,10,11,12,10,12,14,10,12,13,12,12,13,13,13,12,12,12,11,12,13,13,12,10,14,12,14,12,14,14,13,11,13,10,11,11,10,10,11,14,11,13,11,13,13,13,13,11,14,11,12,14,14,12,11,12
12,0,11,12,12,12,11,11,12,10,10,14,12,11,11,11,11,10,11,11,10,11,14,11,11,14,13,13,13,12,14,12,11,14,13,14,14,13,14,12,10,11,14,12,13,13,11,14,13,14,10,13,12,10,10,11,13,10,11,13,13,13,13,14,11,12,13,12,13,11,12,13,11,14,11
14,12,0,12,13,12,12,14,14,13,11,10,10,10,14,12,11,13,12,10,13,12,12,14,10,10,10,13,11,11,11,12,11,12,14,10,14,11,12,13,10,13,13,14,13,10,12,12,13,10,10,13,10,10,11,13,11,12,11,12,12,14,13,13,11,14,13,12,10,13,13,14,11,14,10
14,13,12,0,11,10,12,12,14,10,10,13,11,11,11,10,14,11,14,14,10,11,14,10,13,14,11,10,11,10,12,10,12,11,10,11,10,13,10,10,10,14,14,13,12,13,12,12,11,10,13,11,10,11,13,14,14,13,14,12,13,12,11,14,12,14,10,10,11,14,10,10,10,14,14
11,11,11,12,0,14,11,14,13,11,11,11,10,10,13,10,11,12,13,13,12,12,13,10,10,12,12,11,11,11,14,13,10,10,12,11,12,13,10,10,10,14,13,14,13,11,13,10,11,10,13,13,11,12,11,11,13,10,10,10,11,10,12,12,12,13,10,10,13,11,12,12,11,13,12
13,14,13,12,13,0,14,12,14,11,13,11,11,13,14,10,13,11,12,10,13,10,11,11,12,14,11,13,12,10,12,10,11,12,14,13,12,14,13,11,11,14,10,11,13,10,11,12,11,12,13,10,10,11,10,12,11,12,11,12,12,10,10,14,13,13,14,13,13,10,13,13,13,11,14
13,14,14,13,11,12,0,13,12,14,11,11,14,10,12,12,11,14,13,11,14,10,14,10,13,14,11,13,14,10,14,10,12,14,12,11,12,12,14,14,14,14,12,10,13,12,13,14,11,11,13,13,14,11,12,13,14,14,11,13,10,14,14,12,10,11,13,10,13,10,14,14,14,14,11
14,13,13,12,10,10,12,0,12,12,12,11,10,11,12,13,12,13,11,11,14,10,14,10,10,12,14,12,10,11,11,14,13,10,14,12,10,10,11,10,12,12,12,11,14,14,10,12,13,14,12,11,12,13,14,11,14,12,13,10,11,12,11,10,10,12,12,10,11,14,13,11,11,11,13
11,13,13,10,11,11,11,14,0,11,13,10,11,10,10,12,12,12,12,11,13,14,10,11,10,12,11,14,10,14,10,11,10,11,14,13,13,11,11,11,13,14,13,14,12,10,10,11,10,13,12,11,13,14,12,13,10,11,12,13,14,12,11,10,11,11,14,10,10,12,14,10,10,10,13
13,11,11,13,14,11,10,14,12,0,11,14,12,10,14,10,12,11,14,13,12,10,13,13,13,10,10,10,10,12,14,11,10,13,10,13,12,14,13,12,11,14,12,13,13,11,14,13,11,10,10,12,11,12,13,12,10,12,12,12,14,11,14,11,13,10,14,14,10,10,13,12,13,11,11
12,13,10,10,11,11,11,13,10,12,0,11,14,13,14,12,13,14,11,10,13,10,10,10,10,12,12,14,13,10,11,12,14,14,10,10,14,14,12,11,10,12,12,13,14,11,11,10,10,12,12,13,10,12,13,11,12,13,14,12,13,12,13,13,13,10,11,14,12,13,13,13,11,10,10
11,13,11,11,13,10,11,14,11,12,13,0,11,12,11,14,13,10,10,14,12,13,13,13,14,13,14,11,13,11,13,14,12,10,12,12,13,10,12,10,12,11,12,12,10,10,13,14,13,13,10,12,12,11,13,11,12,14,12,12,13,13,13,13,12,13,11,11,14,13,11,12,13,14,12
10,10,11,13,14,10,10,13,14,10,10,11,0,10,11,10,14,13,13,14,12,13,13,14,14,12,14,12,14,14,12,12,14,13,13,12,10,10,10,13,12,13,10,14,12,11,12,10,14,14,13,12,14,13,12,14,12,10,11,10,14,13,10,13,12,13,11,12,11,14,14,13,12,10,12
13,12,14,12,13,10,13,12,10,10,14,12,10,0,11,14,10,14,14,10,13,13,13,11,11,13,14,14,14,10,14,14,14,14,10,13,11,13,13,13,10,10,10,10,12,13,10,11,11,11,14,14,14,12,11,13,10,11,12,13,13,10,13,12,10,10,14,13,14,12,12,11,11,10,14
12,13,12,13,13,13,13,12,12,11,14,10,11,12,0,11,13,10,10,14,10,14,11,13,14,11,13,11,12,14,14,12,13,14,13,13,10,12,12,14,10,14,13,11,10,11,10,12,10,12,13,12,11,12,14,14,11,10,13,11,10,11,11,13,13,14,11,10,13,14,11,10,13,11,13
10,11,10,12,13,11,10,11,14,10,12,10,10,14,13,0,12,10,14,10,13,14,13,10,12,11,14,10,14,11,11,13,13,14,14,14,13,10,12,10,10,10,10,11,12,11,13,10,11,14,11,10,11,12,12,13,11,11,13,10,13,11,10,14,13,12,13,11,11,10,10,11,12,13,14
13,14,11,12,10,13,13,14,10,10,10,11,10,12,10,12,0,12,12,12,12,14,14,10,13,10,13,12,14,11,13,14,12,13,13,13,14,14,13,12,11,14,12,10,14,12,11,12,13,11,12,13,14,10,11,10,14,13,13,12,12,11,14,12,11,10,12,13,12,13,11,12,13,14,10
12,12,13,11,10,14,10,13,13,13,10,10,12,11,12,14,10,0,11,11,14,10,14,14,14,14,10,13,14,10,14,14,10,14,10,13,13,10,12,12,12,11,13,11,14,11,10,10,11,10,14,11,11,11,10,10,13,13,14,12,10,11,11,12,13,14,14,10,12,12,14,14,12,13,13
12,11,12,14,13,13,10,11,14,11,13,12,13,14,10,10,10,10,0,10,12,11,10,10,13,14,11,14,12,14,10,14,13,12,13,12,13,10,13,11,13,14,14,11,11,10,11,11,11,12,11,14,13,12,10,11,11,11,14,10,11,13,12,12,13,11,14,10,14,11,11,10,12,14,11
13,12,13,14,12,13,14,13,10,12,11,11,10,11,11,10,12,10,12,0,10,14,12,12,13,10,10,11,11,14,10,11,12,14,11,12,14,13,12,12,11,11,10,11,14,11,14,13,13,12,10,14,10,14,14,11,11,14,10,13,12,11,13,14,10,11,14,12,14,13,12,12,14,12,11
13,14,10,12,11,10,11,13,13,13,10,10,12,10,14,11,10,12,13,14,0,14,13,10,11,13,11,12,14,14,10,13,14,12,12,10,12,10,11,13,13,10,13,14,10,14,10,11,12,10,12,12,14,11,12,11,14,13,13,13,10,13,12,13,13,10,10,12,14,14,12,10,13,14,14
14,10,14,10,12,13,14,14,14,12,13,13,13,14,11,11,13,12,13,13,10,0,13,10,11,10,13,12,11,13,12,11,13,10,11,13,10,10,13,10,10,10,13,12,11,14,11,12,13,13,13,13,13,10,11,14,10,10,13,14,13,10,13,11,11,11,14,13,11,10,10,10,14,11,12
12,11,11,13,11,13,11,14,13,14,14,13,13,13,11,13,10,11,14,12,10,12,0,11,11,10,14,13,10,12,12,12,13,11,12,13,13,14,11,11,11,12,10,14,11,11,13,11,14,10,12,10,13,10,14,11,10,14,10,13,12,10,10,12,10,12,11,11,11,14,13,13,13,10,12
10,14,12,10,14,11,13,13,10,14,12,13,12,12,11,12,13,14,12,13,10,11,13,0,14,14,10,11,10,14,12,14,11,13,12,14,11,13,14,10,12,14,11,10,12,12,13,13,14,10,12,14,13,11,12,12,13,11,12,10,13,10,13,13,12,14,10,10,14,12,14,14,13,13,10
13,14,10,10,11,10,11,11,10,12,12,10,10,11,10,10,10,10,14,12,11,11,13,12,0,12,11,13,14,11,10,12,10,10,10,13,12,13,10,11,14,11,13,12,10,10,14,10,14,13,12,13,13,14,11,13,12,11,12,12,14,12,12,10,14,14,11,10,10,12,13,11,10,14,14
10,13,13,12,12,13,11,13,10,13,12,14,11,13,11,10,11,11,12,11,12,14,13,13,11,0,14,14,14,11,10,11,12,14,10,10,10,13,14,10,14,12,13,12,11,11,10,10,11,13,11,11,10,12,12,11,11,10,14,10,13,14,11,12,10,12,14,14,10,13,10,12,12,11,13
13,13,12,11,12,10,14,13,11,14,14,10,10,11,13,14,10,13,13,12,14,10,11,12,13,11,0,10,14,13,12,14,14,14,14,14,13,14,13,12,10,13,11,10,12,10,11,14,13,11,13,10,13,14,14,13,12,12,10,12,10,14,14,14,13,14,14,11,10,12,10,10,11,10,12
13,13,10,13,11,12,12,12,12,14,12,10,10,10,10,11,11,14,10,12,10,14,11,12,12,11,14,0,14,10,11,13,13,12,11,10,10,12,13,14,10,13,12,11,10,11,13,14,11,14,11,14,10,10,13,12,13,11,12,11,14,12,12,12,11,10,13,12,13,14,10,13,12,10,10
14,13,12,10,10,13,11,13,14,14,11,12,13,14,13,11,13,14,12,14,12,10,14,10,14,13,10,10,0,12,14,12,11,10,10,13,14,11,10,11,12,13,14,13,12,14,12,14,13,10,12,11,14,10,11,12,14,13,11,10,12,12,10,10,14,12,10,12,13,10,14,10,12,12,10
10,13,11,12,10,12,13,12,10,10,12,12,11,14,12,14,10,14,14,14,14,12,13,13,10,14,10,11,12,0,10,11,13,11,10,10,13,12,11,11,13,14,10,10,14,12,14,13,12,10,10,13,10,12,13,10,13,14,12,11,10,11,11,10,14,13,14,11,10,14,13,12,14,13,11
10,13,12,13,11,10,10,12,11,11,12,11,10,12,14,12,14,14,14,10,11,12,10,10,11,12,12,13,13,11,0,13,13,11,11,13,12,10,10,11,10,14,14,10,13,12,12,13,13,11,12,14,12,10,13,14,12,13,11,12,13,12,12,14,14,13,13,14,14,13,12,11,13,13,13
10,12,12,12,13,13,14,13,12,11,11,10,13,13,12,10,13,13,12,12,12,12,10,10,14,13,13,14,10,13,10,0,11,14,11,12,11,10,11,13,14,14,13,10,12,13,12,14,10,11,12,14,12,10,10,10,12,12,11,12,14,10,10,13,13,10,10,11,12,10,10,10,11,10,13
13,13,11,12,12,12,14,12,12,12,14,13,10,13,10,10,14,13,14,13,13,13,10,11,12,12,11,12,10,11,12,12,0,11,11,12,11,10,10,14,14,10,13,12,11,13,11,10,13,11,10,10,11,12,12,10,14,13,10,14,14,11,11,12,10,14,12,11,13,10,14,14,13,14,14
12,10,11,13,13,10,12,13,11,14,10,11,10,13,11,12,12,10,11,14,13,14,11,12,12,11,14,11,12,12,11,12,12,0,12,10,10,13,10,11,13,12,13,10,12,10,13,12,13,12,12,11,13,12,14,10,13,13,13,10,11,10,10,10,13,13,13,13,12,13,11,14,12,14,12
11,10,13,13,12,13,13,11,14,14,10,13,14,12,11,12,11,14,14,10,12,12,12,11,14,11,14,14,14,10,13,14,14,10,0,12,10,14,14,11,12,12,13,11,11,13,14,14,11,10,10,10,14,12,13,14,14,13,11,14,10,14,13,12,13,10,11,14,13,14,11,12,11,12,12
12,13,10,10,13,14,12,12,14,13,10,13,12,10,10,13,11,12,10,11,12,13,11,12,11,12,10,10,12,14,13,13,12,14,11,0,11,13,13,13,10,13,11,14,13,12,12,13,13,13,11,14,10,11,11,14,13,12,13,14,11,13,11,10,14,10,12,11,12,13,14,14,13,14,14
13,11,14,13,10,14,13,11,11,10,10,12,12,10,14,13,13,10,14,12,12,11,10,10,12,10,10,11,10,14,11,10,10,11,13,13,0,14,14,12,14,12,11,14,10,14,12,14,10,12,10,10,13,14,12,12,11,10,13,10,14,13,11,11,12,14,14,12,10,12,11,14,14,12,14
14,10,11,10,11,10,10,14,13,10,13,12,10,13,14,11,13,10,13,13,11,11,14,12,10,14,10,14,13,11,11,10,10,10,12,11,14,0,10,12,10,13,13,12,11,14,11,14,13,11,10,12,13,10,14,13,13,10,14,14,11,14,11,11,12,14,12,12,10,10,12,12,12,12,13
14,12,13,13,12,14,10,11,13,13,13,12,10,11,12,14,10,10,10,11,10,12,12,10,12,11,14,14,12,13,13,10,11,11,14,10,14,12,0,11,14,11,12,13,12,13,11,12,10,12,10,12,11,12,11,13,12,14,12,11,11,10,10,14,14,14,13,11,13,12,11,10,13,13,11
14,13,14,14,11,10,13,13,11,12,11,11,13,14,13,11,11,11,11,10,13,10,13,13,12,10,10,14,13,10,10,13,13,11,12,10,13,14,11,0,10,12,12,14,11,13,13,10,11,14,10,10,13,11,13,12,13,14,10,12,11,14,14,10,10,11,12,13,11,12,13,13,11,10,10
12,11,11,11,14,14,14,14,14,12,10,12,12,14,13,13,10,12,12,14,10,12,11,13,10,11,14,13,13,11,12,13,13,10,10,10,12,13,11,12,0,12,10,10,13,10,14,10,14,13,14,12,10,14,11,14,14,10,12,10,13,14,11,10,12,14,11,13,11,13,13,11,12,11,10
12,10,12,13,13,11,11,10,10,14,13,11,14,11,11,11,14,14,12,13,12,11,14,13,13,13,10,13,10,14,12,10,14,14,14,14,12,12,13,14,11,0,14,10,10,13,12,12,12,10,12,13,12,10,12,12,10,10,13,14,10,10,12,10,10,12,13,12,10,12,11,13,12,10,12
11,13,10,14,14,10,11,13,13,13,10,10,10,11,11,13,13,13,12,13,13,14,13,14,13,10,10,11,14,13,13,11,11,12,11,13,10,11,14,13,14,12,0,13,12,10,11,13,10,13,14,13,14,14,12,13,11,14,10,11,14,10,14,13,10,14,14,13,12,10,13,12,12,14,13
13,11,11,11,14,11,11,14,13,10,14,14,12,14,13,14,13,14,10,14,13,10,13,12,12,11,12,10,10,10,11,11,10,10,13,12,10,13,11,14,12,10,11,0,13,10,10,11,14,13,10,14,13,11,14,10,13,12,13,14,13,13,10,14,12,13,13,14,11,10,11,14,10,13,10
12,13,14,10,11,12,14,13,12,14,10,13,14,10,10,14,14,12,14,13,11,11,11,13,10,12,11,10,13,12,11,13,10,11,12,11,14,12,11,11,13,10,13,14,0,11,10,14,13,11,10,11,12,11,14,14,10,12,10,10,14,11,14,14,10,12,12,13,13,12,13,10,12,10,12
14,11,13,11,11,14,12,12,13,12,10,14,12,10,11,11,14,13,12,11,10,14,10,13,11,14,12,11,10,12,10,14,11,13,10,13,12,11,14,10,11,14,10,11,10,0,13,14,13,11,10,14,11,14,13,12,10,10,14,14,11,12,11,11,11,12,10,13,13,10,13,14,13,14,12
14,10,14,14,13,13,10,14,14,10,13,13,10,12,11,14,13,12,11,12,13,10,13,13,13,14,10,10,13,13,11,11,12,12,14,11,11,10,11,10,11,13,11,11,13,13,0,14,10,12,10,14,12,11,11,14,14,12,10,10,13,13,14,11,11,13,12,11,13,13,14,13,12,10,10
10,10,13,11,10,10,14,14,13,12,13,14,14,10,13,14,14,11,10,13,12,12,11,10,12,11,12,11,12,13,11,12,11,10,11,14,10,10,14,10,13,13,10,13,13,14,12,0,10,14,13,10,12,12,12,13,13,13,13,14,14,12,13,12,10,11,11,12,13,14,14,13,13,11,10
10,14,11,13,12,12,13,12,11,13,13,14,14,13,12,12,10,12,11,10,12,10,11,10,12,11,11,14,10,10,14,11,11,12,12,14,11,14,11,11,10,10,11,13,12,12,11,14,0,11,11,13,11,11,10,12,14,13,10,11,10,10,14,11,10,14,11,12,12,11,13,11,11,11,10
14,12,13,12,13,10,10,12,13,14,12,12,14,10,14,12,11,10,13,10,10,11,13,10,14,10,14,14,12,12,10,12,10,11,10,10,11,10,12,11,10,13,11,12,13,11,11,12,12,0,13,12,10,12,10,14,13,13,13,13,13,10,10,10,10,13,10,12,13,14,14,11,10,13,12
14,12,10,11,12,12,13,11,11,13,10,14,14,14,12,12,11,13,12,14,10,14,13,10,13,12,13,13,12,12,12,11,12,10,11,12,13,12,10,10,14,13,14,11,10,14,11,13,10,12,0,13,13,13,14,12,10,14,14,12,14,14,10,13,14,11,13,12,14,13,14,13,14,12,11
10,11,10,11,10,14,11,14,12,10,14,14,13,13,13,11,13,14,10,10,11,14,10,14,14,11,12,12,10,10,13,14,10,12,13,10,14,12,13,12,13,14,12,13,14,12,10,13,11,12,11,0,14,13,11,10,11,11,10,11,13,12,13,13,11,12,10,13,10,14,12,11,10,10,12
11,11,11,11,10,12,11,13,11,13,13,13,10,14,12,12,14,13,10,10,10,14,10,10,10,14,13,14,14,13,10,11,14,11,14,13,14,14,10,14,12,14,12,10,13,14,14,13,13,11,12,13,0,10,10,11,11,11,11,11,10,13,11,14,12,13,12,14,13,14,13,13,10,12,11
12,11,12,10,12,11,14,10,10,12,11,12,10,13,14,12,12,12,12,14,10,10,10,10,11,10,10,11,13,14,12,12,10,13,12,10,14,10,14,10,10,13,10,11,10,11,11,10,13,12,11,10,12,0,13,10,11,10,11,14,12,10,13,11,11,14,14,12,12,11,13,12,11,13,12
14,11,14,13,14,10,13,10,12,11,13,12,14,12,12,10,10,13,11,12,14,11,12,14,11,11,14,14,13,10,14,10,12,14,13,14,11,11,11,13,13,10,11,14,13,12,14,10,14,10,13,14,10,11,0,13,12,13,10,12,13,11,13,11,11,12,13,10,14,13,13,13,13,11,12
13,13,14,13,11,14,11,13,10,13,11,14,14,10,11,11,10,11,14,12,12,14,14,14,11,14,12,14,11,10,11,10,13,12,13,14,12,10,13,13,12,12,13,12,10,13,13,14,13,12,12,12,13,13,10,0,13,14,10,11,11,11,11,12,10,12,11,11,12,12,12,13,10,13,11
10,14,11,11,14,13,11,12,11,14,12,14,11,14,11,14,14,12,14,11,11,10,10,13,10,14,11,11,12,10,13,12,13,12,13,10,12,12,10,12,10,13,10,12,12,13,14,12,10,12,12,11,11,11,14,14,0,14,13,11,10,12,10,14,10,11,14,10,14,10,10,11,12,12,11
11,12,10,12,10,12,14,14,10,14,12,12,11,11,13,13,11,14,10,10,10,14,14,14,11,12,12,10,11,14,10,10,14,14,10,11,14,12,12,14,10,12,14,14,12,13,12,13,10,12,14,12,11,11,10,11,13,0,10,10,12,14,14,13,11,14,12,13,11,11,11,13,14,11,11
14,13,10,14,11,13,14,13,14,14,10,12,14,12,14,13,13,14,11,10,10,11,14,13,10,10,10,10,12,14,13,14,11,10,12,12,11,14,13,12,13,10,14,13,11,11,12,11,12,12,13,14,13,11,11,13,13,11,0,13,11,12,13,11,10,10,10,11,14,14,11,12,13,10,13
12,14,11,10,12,14,12,14,13,14,11,13,11,10,14,14,14,14,10,11,10,14,13,14,13,10,14,13,11,10,10,14,13,14,14,11,11,12,14,13,13,13,10,12,13,11,13,10,10,10,12,12,13,13,13,12,10,11,12,0,11,14,13,13,12,13,11,10,12,11,12,12,11,10,11
13,11,13,10,10,11,12,14,13,10,13,13,11,14,10,11,10,14,14,12,14,14,10,12,14,12,11,11,13,12,13,11,11,11,10,11,14,10,11,11,14,10,10,12,14,10,10,10,11,10,12,12,11,12,12,13,11,10,11,13,0,10,11,10,11,11,11,11,10,13,14,11,10,13,13
13,13,14,12,13,13,12,10,14,13,10,11,14,14,13,12,14,13,13,12,10,13,14,14,10,12,13,14,12,12,13,11,13,13,14,13,13,14,12,13,11,14,11,12,10,10,12,12,11,11,14,13,12,11,12,10,14,10,11,10,10,0,12,13,12,14,13,12,10,14,14,13,10,11,10
11,10,11,12,13,10,14,10,12,10,13,10,14,12,10,13,14,13,13,11,12,14,11,14,12,12,12,11,12,12,12,13,11,12,14,11,14,11,12,10,11,14,14,12,13,13,14,10,10,10,14,10,12,10,12,12,14,11,14,10,12,12,0,12,10,13,14,14,12,12,13,14,13,11,12
10,13,14,14,11,14,13,12,11,12,12,12,11,11,14,12,12,12,12,11,13,13,11,13,13,14,14,11,12,11,10,11,13,14,14,14,12,14,10,10,12,10,11,10,13,10,12,12,12,14,11,12,11,14,14,12,11,11,11,11,14,11,14,0,10,11,11,13,12,11,10,10,13,12,11
13,12,11,10,10,13,11,11,14,12,10,13,10,13,10,12,12,10,12,13,10,11,10,11,14,11,11,10,11,11,14,12,10,14,11,11,10,11,10,13,10,12,11,11,14,13,10,10,11,13,13,14,10,13,10,12,12,10,11,13,11,10,10,12,0,13,12,12,10,12,14,12,11,14,14
13,13,14,13,11,11,10,11,14,12,13,14,11,12,13,13,13,14,14,12,11,14,11,14,12,11,10,10,12,12,11,11,10,10,14,12,13,13,13,10,12,14,11,13,13,14,11,10,11,14,10,12,11,12,13,14,11,10,10,14,10,10,14,11,11,0,12,14,11,12,11,10,14,11,14
14,12,12,13,10,13,10,14,13,13,11,13,14,12,12,10,10,12,13,13,14,12,10,10,11,11,10,14,13,10,13,10,11,12,13,10,11,12,10,12,14,10,11,11,14,12,12,11,13,11,10,12,11,12,14,11,12,12,12,13,12,10,11,13,14,11,0,11,12,13,11,14,13,12,10
14,14,10,14,10,13,13,13,11,11,10,10,14,14,13,11,13,13,10,11,14,13,14,13,11,13,11,10,13,11,12,12,10,10,12,10,11,12,12,13,10,13,14,10,12,13,11,12,14,12,13,10,12,11,11,11,10,11,12,11,12,13,10,14,14,12,10,0,14,12,12,10,11,11,12
11,10,13,14,10,12,12,13,11,10,13,11,14,14,14,10,10,10,14,11,10,11,13,14,10,10,13,12,14,11,12,12,14,10,10,10,12,10,10,14,14,13,12,14,11,12,13,11,10,11,12,10,11,10,11,14,12,14,13,10,14,14,14,10,13,11,12,14,0,14,13,12,14,14,14
12,11,14,13,12,13,11,11,12,12,13,11,10,14,13,10,13,13,12,14,10,14,14,12,10,10,14,14,12,11,14,13,10,11,13,14,10,13,11,14,14,13,12,11,11,11,10,13,11,13,14,13,11,14,14,12,12,12,12,12,14,12,14,10,13,10,11,14,10,0,13,14,14,12,13
10,12,11,13,10,13,14,10,13,13,11,10,11,10,11,10,12,13,10,13,10,12,13,11,12,11,10,10,12,12,13,10,11,13,14,12,10,14,11,13,12,13,14,10,13,12,13,10,13,10,11,11,13,13,12,13,13,10,10,13,13,14,13,10,14,11,13,13,10,13,0,14,12,11,12
11,12,12,12,13,10,13,14,12,12,11,12,11,13,10,11,14,10,14,13,10,13,10,13,11,12,14,14,14,14,10,13,14,11,11,10,10,10,12,10,14,13,11,10,14,12,10,14,13,14,14,14,13,13,11,12,12,13,11,10,10,14,14,13,11,13,12,14,11,10,11,0,13,13,14
13,11,12,14,14,14,11,14,11,10,14,11,14,11,14,14,13,11,14,11,14,10,13,13,13,10,14,10,12,13,13,11,10,14,14,10,10,12,14,12,14,10,13,14,14,10,13,10,10,12,12,14,14,12,14,12,12,14,10,13,14,11,11,12,12,12,10,10,11,14,13,10,0,12,11
12,13,12,14,13,13,12,13,14,10,11,13,12,13,14,12,12,11,12,10,12,12,13,10,12,11,10,13,14,11,13,11,12,12,14,10,10,13,10,12,11,11,11,11,11,13,10,11,10,14,11,12,13,11,14,14,14,12,11,12,12,14,14,13,11,14,11,14,13,13,12,13,11,0,14
13,11,10,12,13,13,10,13,12,14,14,10,13,10,13,14,11,12,11,12,14,12,11,13,10,12,12,11,12,12,12,13,11,13,12,13,14,12,14,12,11,14,11,14,14,10,10,10,11,14,12,14,12,13,14,11,14,12,12,10,11,14,10,10,12,11,14,14,12,14,10,13,13,13,0
