R=75
Pi=(27,24,21,29,21,23,28,24,22,20,27,20,20,25,23,22,27,22,27,20,20,23,23,27,28,28,26,29,20,26,29,29,21,20,23,28,26,27,26,20,20,22,22,24,29,25,20,24,23,24,26,26,20,28,25,24,20,24,20,22,26,28,23,25,20,27,29,29,21,25,25,29,25,26,20)
A=
1,2,53
2,3,45
3,4,49
4,5,0
5,6,0
6,7,42
10,11,55
11,12,0
12,13,52
13,14,0
14,15,0
15,16,0
16,17,49
20,21,47
21,22,43
22,23,52
24,25,0
28,29,0
29,30,0
32,33,0
34,35,52
35,36,0
36,37,41
37,38,55
39,40,0
41,43,0
43,49,44
50,55,0
57,58,0
58,59,0
59,60,0
61,62,52
62,63,47
64,66,54
66,68,53
67,69,0
72,74,42
Sij=
0,13,14,10,11,10,12,11,14,13,13,13,14,11,13,10,13,12,14,12,14,12,13,14,14,13,14,11,13,13,12,13,10,13,11,11,14,12,12,14,11,12,14,14,11,13,14,14,12,14,10,12,14,14,12,13,10,10,11,13,11,11,12,10,11,14,12,11,14,11,11,11,10,14,11
11,0,12,14,12,10,13,10,13,14,13,14,13,11,11,13,11,14,10,14,13,10,14,13,12,12,11,13,14,11,13,13,12,14,13,10,11,11,12,10,14,11,12,13,12,12,10,11,14,11,14,12,11,11,11,10,12,13,11,10,14,10,10,11,10,10,12,14,12,11,12,10,11,14,14
12,13,0,11,11,10,11,10,13,12,12,11,12,10,13,13,12,12,14,11,11,14,10,10,12,12,10,11,13,13,14,13,10,11,11,14,12,10,12,11,14,14,11,13,14,14,12,11,10,14,13,14,11,14,13,10,11,12,13,14,14,14,11,10,13,13,11,11,14,13,11,11,10,13,12
12,13,12,0,10,13,14,14,10,14,10,10,12,10,12,11,12,14,12,13,11,14,12,11,14,11,13,11,11,12,13,11,13,12,12,11,12,14,11,10,14,10,13,12,14,13,10,10,13,13,10,11,14,12,11,12,14,12,12,14,10,13,12,13,11,14,11,14,13,11,14,13,12,11,13
10,10,10,11,0,11,10,12,12,13,11,11,11,10,11,14,11,14,11,12,14,10,12,10,11,10,11,11,11,12,14,11,14,12,13,11,12,14,10,11,13,12,10,14,11,14,12,10,13,14,14,14,12,14,11,13,12,10,13,11,14,14,10,10,14,14,11,13,12,14,11,12,14,14,14
12,14,13,13,11,0,12,10,12,12,12,14,14,14,11,10,13,12,10,14,11,13,11,10,14,11,13,14,13,13,12,11,14,12,10,14,13,13,11,12,14,14,12,13,12,14,10,12,12,11,11,14,12,10,13,11,10,14,14,11,13,12,12,13,10,10,10,11,14,11,12,14,10,13,14
12,11,13,12,10,11,0,10,12,12,12,12,14,14,14,14,13,13,14,14,14,11,11,13,12,11,14,13,13,10,14,11,14,13,10,10,14,12,11,13,10,12,10,14,11,12,11,10,12,14,12,13,14,10,14,13,10,13,10,11,11,12,12,11,13,10,13,10,14,13,14,11,12,10,14
11,10,12,11,10,10,13,0,11,13,13,10,11,13,14,11,10,11,11,10,12,12,10,14,11,10,13,10,11,13,10,10,11,13,11,12,12,13,11,10,10,12,11,13,12,12,14,10,11,12,13,12,10,11,13,11,11,11,10,11,11,10,12,12,13,12,14,12,11,12,14,11,10,11,14
10,11,11,11,14,11,13,14,0,14,10,12,10,14,10,14,10,10,12,10,13,10,10,13,10,10,12,11,13,13,12,11,12,14,11,12,14,10,14,11,14,12,11,12,11,10,11,10,11,12,11,13,14,14,12,14,14,13,10,11,11,10,10,10,11,14,10,11,12,13,14,10,11,11,10
10,14,12,11,10,13,12,14,11,0,12,14,12,12,11,12,13,11,10,13,14,14,12,10,11,12,14,10,12,13,12,10,12,13,14,11,10,12,11,14,12,14,10,14,13,11,11,13,14,10,14,12,10,12,11,11,13,13,10,13,10,12,14,10,13,11,11,14,13,14,11,11,10,10,11
10,13,13,11,14,10,11,11,12,13,0,14,10,14,11,12,13,11,11,12,13,10,14,10,10,12,10,12,14,14,13,13,12,14,11,10,13,14,11,10,12,13,10,11,11,13,10,12,12,11,11,14,14,12,11,10,10,13,12,14,14,13,12,12,13,14,11,10,13,11,13,14,14,10,14
14,14,13,13,11,11,12,10,13,13,13,0,14,10,12,10,14,10,11,12,11,14,11,13,12,12,12,10,13,11,12,11,10,14,12,12,11,12,14,11,12,11,13,13,14,10,10,11,12,12,11,12,12,12,14,10,13,10,10,11,14,11,14,14,10,11,13,14,12,10,13,12,10,10,14
14,11,13,14,12,11,10,12,10,14,14,14,0,12,10,12,14,11,12,13,11,11,12,14,12,13,11,11,14,12,14,14,12,11,12,10,13,14,11,12,14,14,14,13,14,11,11,11,14,10,11,12,14,11,14,13,11,12,10,11,11,10,10,10,11,14,12,12,10,14,13,14,14,10,14
12,11,14,14,11,11,10,11,14,10,11,10,10,0,12,13,13,11,14,10,11,14,13,14,11,14,13,13,11,14,11,12,12,14,12,12,11,12,12,14,14,10,13,11,14,14,14,11,10,11,11,12,10,14,14,14,13,12,12,14,12,12,14,11,12,13,14,10,13,10,12,11,13,10,10
10,10,11,14,11,14,12,13,10,13,14,12,13,10,0,12,13,13,14,13,11,12,11,11,14,11,10,13,13,10,13,14,13,14,13,13,14,12,13,10,10,10,14,14,13,13,10,10,10,10,11,13,11,10,13,13,14,14,12,12,10,10,14,12,11,13,10,12,14,11,13,11,10,13,12
11,13,11,13,10,11,10,13,12,14,10,13,13,11,14,0,14,10,14,10,10,14,10,11,13,14,12,13,10,14,12,14,13,12,12,11,10,12,10,11,11,10,12,12,13,10,10,11,11,14,12,13,11,14,13,13,10,12,13,13,12,12,14,13,10,14,12,10,11,14,14,12,14,12,14
14,11,13,12,12,14,10,12,10,11,13,13,13,13,13,11,0,13,13,12,13,13,11,14,11,14,13,10,10,11,10,14,14,14,10,14,12,12,14,11,14,11,10,13,11,11,10,13,11,12,13,11,13,11,13,10,13,12,11,12,13,13,10,10,10,11,14,13,13,14,11,13,13,11,12
12,12,12,12,10,13,10,13,13,13,14,11,12,10,14,11,10,0,10,12,13,10,11,10,12,14,12,11,14,12,10,14,12,12,13,11,12,10,14,11,13,12,14,11,12,11,10,11,13,14,12,11,12,11,12,12,10,12,10,12,12,11,10,11,12,13,11,13,13,13,11,11,10,14,13
10,10,10,12,11,13,10,13,10,14,14,11,11,14,11,11,10,10,0,12,13,11,11,13,13,14,10,12,12,10,12,11,10,13,12,12,11,14,14,13,13,11,13,10,12,13,11,14,14,11,11,11,11,13,10,12,13,12,11,13,11,11,13,13,12,12,13,13,14,12,10,11,10,11,13
12,12,11,10,10,12,10,12,11,13,11,10,12,13,14,13,13,12,11,0,12,11,13,10,12,14,14,13,10,11,11,10,11,14,14,13,14,12,11,11,10,11,13,11,10,11,12,11,14,14,14,12,13,13,13,12,13,12,14,11,11,14,14,11,14,12,10,10,13,10,10,10,11,11,11
11,12,11,10,10,12,12,13,10,12,14,11,12,11,11,14,12,13,10,10,0,10,11,12,12,12,11,11,12,14,14,13,10,12,12,12,14,11,11,13,13,13,11,13,13,10,11,12,14,11,10,12,12,10,10,10,10,10,14,13,14,11,10,14,11,14,13,13,14,13,12,12,10,14,12
12,14,12,14,11,10,13,12,11,13,11,10,14,11,12,12,14,12,13,13,12,0,12,11,12,14,11,12,12,10,14,13,12,13,13,13,10,12,10,12,12,10,14,14,10,14,13,14,12,12,11,13,14,11,10,10,14,12,14,10,10,12,11,11,12,14,14,12,11,12,11,14,13,14,10
13,12,13,11,12,10,12,10,14,14,10,13,10,12,13,14,12,13,10,12,10,14,0,12,11,10,10,11,12,14,10,11,14,10,11,12,12,10,11,11,14,12,11,11,12,11,11,13,10,13,13,14,11,13,12,10,13,14,12,10,12,13,14,11,14,12,11,13,14,14,10,14,11,11,10
10,13,13,10,10,14,11,11,14,10,11,10,10,12,10,14,12,13,10,14,11,12,14,0,12,14,14,12,14,10,12,14,12,10,13,12,11,10,14,11,11,10,12,14,10,12,11,10,10,13,10,13,11,10,11,14,12,13,11,11,10,11,12,10,12,11,14,10,12,10,14,13,13,11,14
14,13,12,13,14,13,13,12,10,10,14,12,12,14,14,14,12,13,13,10,14,12,12,12,0,14,13,11,13,10,14,11,14,14,10,11,11,14,14,11,12,12,14,12,14,13,13,11,11,13,10,11,14,10,11,10,11,10,10,14,11,11,10,11,11,14,14,13,12,12,12,10,12,12,10
13,10,10,13,14,10,11,10,10,14,13,11,14,13,10,14,10,14,10,14,11,11,12,10,10,0,13,10,14,13,10,10,13,12,10,12,10,11,12,11,14,10,10,10,11,12,13,10,14,11,12,12,11,12,13,13,12,12,14,12,10,14,11,11,14,14,10,13,13,10,14,13,13,13,10
13,10,10,11,13,12,12,10,12,11,13,13,10,14,12,10,12,12,14,10,14,13,14,10,11,12,0,14,12,14,12,14,14,12,11,14,12,11,11,11,10,12,14,14,10,11,10,14,14,11,10,12,11,13,12,11,10,11,14,14,10,13,10,11,10,12,14,11,13,14,14,14,11,10,14
12,10,14,13,14,10,13,14,10,13,14,12,10,10,10,13,11,11,11,11,12,11,13,13,13,12,14,0,10,10,12,11,10,10,14,14,11,11,13,10,13,11,14,10,12,10,14,13,10,13,10,13,12,14,14,11,11,11,10,10,11,10,12,13,13,12,14,12,10,10,13,12,13,10,13
14,13,11,10,13,13,13,14,12,14,14,13,10,11,12,13,14,10,12,13,12,14,10,11,14,11,12,12,0,10,14,13,10,11,11,10,13,14,11,12,11,12,11,10,14,14,14,13,11,13,11,14,11,10,12,11,14,12,14,10,11,11,11,13,13,11,14,11,14,11,14,14,13,13,10
10,10,14,10,12,10,13,11,14,14,14,11,14,14,10,10,10,14,10,10,10,11,13,11,12,10,13,13,14,0,13,12,11,12,14,11,10,10,11,12,10,13,10,11,14,13,10,14,11,14,11,13,14,12,13,10,13,11,12,13,12,12,14,11,10,11,13,13,14,13,14,14,13,12,14
11,14,10,14,13,12,10,11,14,13,10,12,13,14,14,12,13,13,13,14,13,14,14,10,12,14,11,14,12,14,0,11,14,11,12,12,10,13,12,13,10,11,10,14,12,10,14,14,14,10,10,11,11,10,13,11,12,10,10,11,14,10,10,13,14,11,10,11,10,12,13,14,10,14,13
12,13,14,11,10,13,14,12,14,12,13,10,14,13,11,14,10,12,10,14,14,10,11,10,10,14,12,13,12,11,11,0,10,11,11,10,13,12,14,10,13,14,12,11,11,11,11,11,13,13,12,13,11,10,10,13,12,11,14,10,10,10,10,10,12,10,13,14,12,12,13,12,11,12,12
14,12,14,10,14,14,13,13,10,14,13,14,10,11,13,13,11,13,13,14,12,13,12,14,10,13,12,13,10,10,10,11,0,14,12,10,11,12,10,10,10,12,11,10,10,13,11,12,12,14,14,12,13,12,12,14,11,14,10,14,10,12,14,12,10,14,11,14,12,10,12,10,10,13,12
12,11,12,11,10,13,10,14,14,11,12,11,14,11,13,14,11,12,11,14,13,12,13,10,11,11,11,10,12,11,13,11,10,0,10,10,13,13,13,14,10,10,12,10,11,12,13,12,13,13,11,10,12,14,14,14,10,12,11,10,13,12,10,11,12,12,11,11,14,11,10,10,12,13,10
13,10,11,12,13,13,14,13,11,11,10,11,11,10,11,10,11,11,13,10,13,10,11,13,13,10,11,13,12,13,10,13,14,14,0,10,13,13,14,13,11,14,13,13,10,11,11,14,10,13,11,14,13,14,12,11,12,14,12,14,12,11,10,11,13,10,12,11,12,10,12,11,11,13,11
11,10,12,10,12,11,11,11,10,10,13,11,13,12,13,12,13,10,10,10,10,13,12,14,14,13,10,11,10,10,14,13,10,12,10,0,10,10,13,10,12,11,10,10,10,10,13,14,14,14,12,13,10,11,12,11,12,13,12,10,13,11,14,11,14,10,10,11,10,11,12,12,14,10,12
14,14,12,11,14,10,13,10,12,12,11,14,11,12,11,13,12,13,13,11,11,12,14,11,14,10,12,13,13,12,10,13,10,13,13,11,0,10,11,13,14,14,10,11,13,12,11,13,14,14,13,14,14,11,13,10,11,10,11,12,14,13,10,12,10,12,13,14,13,13,10,13,10,14,13
11,11,10,10,13,13,11,12,14,10,12,10,11,11,12,12,10,13,14,13,11,14,12,11,11,14,11,10,10,13,14,13,14,13,11,14,11,0,10,12,13,12,10,10,12,12,11,11,12,10,11,14,14,11,11,12,12,13,13,14,14,11,11,12,10,10,13,11,13,14,12,10,10,11,10
11,10,13,10,14,14,13,14,10,14,14,10,12,13,11,14,11,13,10,13,12,11,13,14,12,14,10,12,12,12,10,14,13,10,10,11,13,13,0,14,14,10,12,11,12,11,14,10,13,12,10,11,12,14,13,13,14,11,14,12,14,14,10,11,12,13,14,12,12,13,14,11,12,14,11
12,10,10,11,13,12,13,11,10,12,10,13,10,10,12,10,10,14,10,14,10,10,10,13,13,11,12,13,10,12,14,13,12,13,10,12,14,10,10,0,14,11,12,14,13,12,14,14,12,10,12,13,11,12,14,10,11,14,12,12,12,10,10,11,12,12,12,10,12,14,14,11,14,13,10
12,12,10,12,10,13,12,14,12,12,13,12,11,13,12,13,12,12,12,13,14,11,11,12,10,10,14,12,12,10,11,13,12,11,11,13,11,12,11,13,0,14,10,12,13,13,10,10,12,14,10,11,14,12,10,11,11,10,13,11,10,14,14,11,11,11,10,14,14,11,14,12,10,10,14
13,13,13,12,13,10,14,11,12,12,14,11,11,12,14,14,12,13,11,10,14,10,14,10,11,13,10,10,10,10,13,11,13,12,12,13,13,13,14,10,11,0,13,12,14,12,14,13,12,10,11,11,14,13,14,14,13,14,13,10,14,10,13,10,11,14,12,13,13,14,11,11,14,13,10
14,11,12,14,12,12,10,12,10,14,13,13,12,13,13,14,14,10,12,10,10,12,12,10,10,14,11,14,12,14,14,12,11,12,10,13,10,14,10,13,13,12,0,13,11,13,10,10,14,10,10,11,11,12,12,10,12,13,12,14,13,11,11,10,11,14,10,12,14,13,14,13,10,14,13
11,13,14,11,12,14,14,11,13,12,12,13,10,13,12,13,10,13,14,12,12,12,12,11,11,12,12,10,11,11,11,11,12,13,11,11,12,12,10,10,13,14,13,0,12,13,11,10,14,12,14,14,10,10,12,10,14,11,12,14,14,11,14,14,11,11,11,11,11,12,10,10,12,12,14
13,12,13,14,13,10,12,13,13,11,12,10,10,14,12,11,10,10,13,10,13,14,10,11,11,12,14,13,11,11,14,11,12,11,13,13,10,11,14,13,11,12,10,12,0,14,10,10,11,13,10,10,14,14,11,10,14,12,12,13,10,11,14,12,11,11,10,12,14,10,14,11,13,11,14
13,10,13,12,12,10,12,13,14,11,11,10,12,11,10,14,11,13,13,13,12,12,10,13,10,13,13,10,10,14,14,11,13,14,13,10,10,14,14,12,13,13,14,10,10,0,11,13,11,14,11,13,12,14,12,12,11,10,14,11,13,12,11,12,10,11,14,11,13,12,14,13,11,13,11
10,13,13,14,13,14,10,11,11,13,10,11,11,11,11,11,10,11,13,11,10,12,10,14,14,10,10,14,13,14,13,12,13,13,11,14,12,10,11,12,12,10,14,13,14,10,0,12,10,11,11,14,12,12,12,11,13,12,13,10,12,13,11,13,12,10,13,12,13,14,12,14,14,14,10
13,14,12,12,10,13,12,14,13,12,14,10,14,11,12,13,11,13,14,13,13,11,12,12,12,10,12,14,11,14,11,14,12,11,13,12,10,10,13,11,10,14,12,10,12,14,14,0,11,11,11,11,10,10,11,12,12,11,10,14,14,11,13,13,14,10,14,13,12,12,14,12,10,10,12
13,14,13,12,10,12,11,11,12,14,12,11,14,10,14,11,10,10,10,13,10,11,10,13,14,12,11,11,13,11,13,10,14,12,13,12,13,14,14,11,13,14,10,13,11,14,10,12,0,13,11,14,11,10,12,11,11,14,10,12,12,11,14,13,11,11,12,11,11,12,11,12,11,10,13
14,11,11,11,12,10,11,13,13,12,12,11,10,12,11,11,13,13,12,12,10,14,11,13,12,13,12,13,10,11,13,12,11,11,12,10,10,12,12,11,11,13,11,10,14,14,11,14,10,0,10,13,14,14,13,13,10,14,12,14,13,13,12,13,11,13,14,10,13,10,10,11,10,11,10
10,11,12,10,14,12,12,13,13,14,13,14,13,12,13,12,10,13,13,14,13,13,10,14,11,10,14,13,13,14,14,12,13,13,12,11,12,14,12,11,11,14,14,13,13,14,10,12,10,13,0,10,12,12,11,12,12,11,13,13,14,13,13,14,13,14,10,11,10,14,11,14,11,10,12
12,13,13,11,10,12,14,11,12,10,14,11,10,11,11,10,10,13,10,13,13,12,14,11,13,12,13,14,13,14,13,14,12,14,14,13,14,14,12,11,14,11,11,14,13,13,10,14,14,14,10,0,10,10,12,13,10,14,11,13,12,14,14,13,12,11,10,14,10,11,12,10,10,11,13
13,11,11,10,13,10,12,13,10,13,13,13,13,14,10,14,13,12,11,14,12,10,13,13,12,12,13,14,12,11,13,14,14,12,14,12,13,13,13,12,10,11,14,10,14,13,12,14,14,12,14,13,0,14,11,11,13,13,12,13,10,11,12,10,14,14,14,13,11,10,13,10,10,14,13
14,11,11,12,14,13,10,14,14,10,12,10,10,12,10,10,13,11,10,13,11,12,10,14,10,14,14,11,13,11,12,13,14,10,12,10,12,10,13,10,14,11,13,10,12,14,14,11,11,14,14,14,10,0,11,11,11,10,11,12,14,13,14,10,13,12,13,11,14,10,14,13,13,12,10
13,14,14,10,12,11,10,13,10,13,11,13,13,13,13,10,10,10,13,13,11,10,11,10,12,13,12,10,10,11,11,11,11,10,12,12,12,14,14,10,14,14,13,11,11,14,10,13,10,10,13,12,14,14,0,13,12,13,13,13,13,13,10,13,13,12,10,12,13,10,11,12,11,11,12
14,12,11,14,13,13,13,14,14,14,13,13,12,12,11,10,14,13,11,10,11,13,10,10,14,11,12,11,12,13,13,12,11,11,14,11,10,13,10,14,10,14,10,14,10,13,12,14,11,10,12,13,14,11,10,0,10,11,11,10,12,11,11,11,11,11,10,12,10,12,10,14,10,13,11
14,12,12,11,10,10,13,12,14,12,11,14,12,14,10,13,10,14,13,12,13,13,12,14,12,14,11,12,12,11,10,12,10,12,11,13,12,14,11,14,14,14,11,13,10,11,12,13,10,13,10,10,11,11,13,11,0,10,13,13,10,14,10,10,13,12,14,14,10,12,12,11,10,13,14
12,13,11,13,14,11,11,12,12,13,11,10,10,13,13,10,12,14,10,10,14,13,14,13,11,10,12,12,10,12,12,14,12,12,13,14,14,11,13,12,13,11,13,11,12,12,13,10,11,12,14,11,14,12,10,14,14,0,12,12,13,13,14,12,14,10,11,12,12,10,13,10,11,10,13
11,12,14,12,11,14,11,11,10,12,13,11,14,14,12,14,10,11,14,10,13,14,14,14,11,10,14,11,10,12,11,13,11,11,10,12,14,12,11,13,11,12,13,14,10,14,11,12,10,11,13,13,11,10,14,11,13,10,0,11,11,14,10,11,13,10,10,14,13,13,14,14,12,10,11
13,11,10,14,14,11,13,11,10,14,13,13,11,11,12,13,14,14,11,10,13,10,11,10,13,10,14,13,14,10,11,11,13,14,11,12,11,13,11,14,12,12,14,12,14,12,13,13,10,14,10,10,11,10,13,12,10,10,10,0,13,12,14,12,10,12,12,14,11,10,14,12,10,12,11
12,10,11,13,11,11,12,11,13,14,14,10,14,13,11,13,12,10,13,12,12,13,10,14,14,12,13,11,13,10,11,14,12,14,12,12,11,11,14,14,11,10,11,13,10,12,12,11,10,11,12,12,12,10,13,14,10,12,14,14,0,12,10,12,12,12,10,12,14,10,14,11,10,11,13
11,11,12,12,13,11,14,11,11,11,12,14,11,12,10,13,11,14,12,10,11,10,13,13,10,10,10,13,11,10,10,12,10,14,14,12,12,13,13,12,14,10,14,10,14,12,13,14,13,11,12,11,13,11,11,10,13,13,11,12,11,0,11,10,10,11,10,14,12,13,13,11,13,10,14
10,11,11,12,13,13,12,10,14,14,13,13,14,14,12,13,14,13,12,11,11,13,14,13,13,14,13,10,11,10,14,13,11,13,10,10,14,10,14,12,10,10,11,11,12,13,11,14,10,10,14,13,11,14,12,12,11,12,13,14,14,12,0,14,14,14,14,12,10,14,11,14,13,13,14
10,10,11,13,11,10,12,14,10,11,10,11,12,11,11,13,14,12,11,10,13,13,11,12,11,13,11,11,14,13,10,10,14,12,13,11,10,12,11,13,11,10,11,13,13,13,11,10,13,10,12,11,12,13,10,12,14,14,12,12,14,11,14,0,12,10,14,12,14,12,14,13,12,11,13
13,12,11,12,13,13,11,10,12,13,10,14,13,11,11,10,11,10,10,13,13,10,11,14,13,13,10,11,13,14,12,10,10,13,14,13,11,11,10,13,10,14,13,10,11,11,11,11,13,11,12,12,11,12,14,13,11,11,14,10,12,14,11,13,0,11,10,13,14,11,13,14,10,10,11
12,14,11,10,13,11,12,14,13,11,11,10,13,12,13,11,11,14,11,10,10,10,12,14,14,10,12,11,14,10,12,12,11,10,10,10,11,11,13,12,12,12,11,10,12,10,12,10,11,10,11,14,13,10,10,11,11,12,11,12,14,11,10,13,14,0,13,14,13,12,13,14,10,11,14
12,12,14,12,12,13,13,11,10,13,13,12,14,11,14,13,13,14,10,11,13,11,12,13,10,13,11,13,13,12,11,11,13,14,12,13,12,14,14,12,13,12,11,12,14,11,14,12,14,14,14,10,10,14,10,11,10,11,11,14,12,10,13,12,11,12,0,13,10,14,11,11,14,10,13
12,10,14,14,13,13,13,13,14,14,13,10,11,13,13,10,12,11,13,14,14,13,13,14,10,12,13,14,13,12,12,10,10,12,11,14,12,10,12,12,10,13,10,14,13,10,11,14,11,13,13,14,10,10,13,14,12,10,14,10,10,14,10,11,11,12,10,0,13,12,13,13,11,13,10
13,11,12,14,10,14,11,13,12,14,14,13,14,14,13,12,12,11,11,12,11,11,13,13,13,10,10,12,12,13,10,11,11,14,11,12,12,12,10,14,13,11,12,10,12,13,13,11,10,14,11,11,10,10,14,12,12,13,10,14,14,14,11,14,13,12,11,14,0,12,11,14,14,11,12
13,10,13,12,11,10,12,13,11,12,11,13,11,10,10,14,14,13,12,10,14,14,10,13,11,10,11,13,13,13,10,11,10,13,11,14,14,10,12,10,12,10,12,13,12,10,10,10,13,13,11,11,12,11,12,14,14,10,10,11,13,13,10,13,12,10,13,13,13,0,11,10,14,11,12
12,14,11,12,10,11,14,11,10,14,12,13,14,14,11,12,14,13,14,11,11,13,10,14,10,12,11,12,11,11,13,12,10,10,13,12,13,11,10,13,11,12,13,10,10,14,11,14,11,11,12,11,14,14,10,13,13,11,11,13,10,11,14,13,11,14,13,14,10,13,0,14,13,13,10
14,14,10,10,13,11,10,12,10,10,14,12,12,10,14,14,13,11,14,11,13,14,12,10,14,11,10,12,13,13,12,14,13,13,14,11,13,13,13,10,12,12,11,14,13,14,11,12,14,11,14,12,13,11,12,10,11,10,10,12,10,13,14,12,12,10,13,14,10,13,11,0,10,13,14
13,11,13,13,12,10,14,13,12,11,13,14,10,11,11,14,14,13,13,10,14,13,13,14,11,12,10,12,11,10,10,14,14,13,12,11,11,13,12,10,13,12,11,12,13,13,14,12,13,11,14,12,12,12,14,10,12,14,11,14,14,11,11,12,11,14,14,12,13,14,13,11,0,10,12
11,12,12,10,10,13,12,13,14,10,11,12,12,11,14,12,13,12,11,13,10,12,10,13,11,13,13,12,13,13,12,12,12,14,11,12,12,11,13,13,11,11,11,11,10,14,12,12,12,10,11,11,14,11,11,14,11,14,14,12,14,10,14,11,12,13,14,12,10,12,10,11,13,0,13
12,14,10,14,12,12,11,10,14,12,11,11,13,10,13,11,10,13,12,11,13,11,11,10,13,12,14,14,12,10,10,14,12,10,14,12,13,12,11,12,10,13,10,11,14,10,10,14,14,13,12,12,14,12,10,10,12,10,10,10,12,11,13,14,12,12,13,12,11,10,12,12,12,14,0
