R=75
Pi=(19,11,13,12,18,15,14,14,19,12,11,17,11,16,15,10,12,19,18,14,18,18,13,18,14,16,18,16,17,15,11,15,15,11,14,11,16,18,17,14,16,19,16,11,11,18,10,15,19,12,13,13,14,11,17,10,18,15,17,11,17,18,16,14,10,16,11,19,11,14,13,13,12,13,17)
A=
1,2,21
2,4,0
3,5,33
4,6,0
6,8,0
8,10,0
9,11,0
10,12,36
12,14,0
15,17,24
16,18,0
17,19,0
19,21,0
20,22,0
22,24,32
23,25,0
24,26,23
25,27,0
28,30,35
30,32,27
32,34,0
34,36,29
35,37,38
36,38,0
37,39,0
40,42,32
43,45,29
45,47,0
47,49,0
50,52,29
52,54,21
54,56,0
63,65,29
65,67,31
66,68,26
68,70,22
71,73,29
Sij=
0,11,10,11,14,12,12,14,14,13,14,11,14,11,14,11,13,11,10,13,12,12,14,14,13,12,12,13,10,14,12,10,14,14,13,14,11,14,12,12,10,12,12,12,13,12,13,12,14,13,10,14,10,14,11,14,11,10,12,11,10,14,14,14,11,13,12,10,13,10,10,13,13,12,12
10,0,10,12,10,11,13,14,13,11,13,12,10,14,12,13,12,10,11,11,11,11,12,12,10,14,10,13,14,13,13,11,11,12,12,11,14,14,10,11,12,10,10,13,10,13,12,12,13,14,12,14,11,12,10,11,12,13,11,10,10,10,10,14,12,12,11,13,12,10,14,13,10,10,13
10,10,0,14,11,12,11,13,14,10,11,14,10,13,11,11,14,10,12,14,10,12,10,10,10,13,11,14,14,13,14,14,13,11,14,14,10,13,11,14,13,12,10,10,13,13,12,12,12,11,11,13,10,11,14,10,10,10,14,12,10,12,13,11,10,12,10,13,14,11,11,10,14,13,10
12,11,10,0,12,11,11,13,11,12,11,10,13,12,11,13,14,14,13,14,14,11,14,14,14,10,13,13,13,11,10,10,14,12,11,12,13,14,13,12,10,11,10,10,14,14,14,12,12,11,11,11,12,14,14,14,13,12,11,11,12,13,10,10,12,11,11,10,11,14,14,10,11,10,13
12,10,13,14,0,10,11,10,10,11,14,14,13,10,13,11,13,11,13,12,14,11,10,14,13,13,13,14,11,13,12,10,10,11,10,11,13,10,12,11,14,11,12,14,11,13,12,10,11,14,10,12,12,13,10,11,11,10,10,10,11,12,14,12,14,13,13,11,14,12,13,13,13,12,12
12,14,11,13,10,0,10,12,12,11,12,14,13,11,10,13,14,13,14,11,14,12,12,10,14,12,14,11,11,14,11,12,13,10,10,12,12,10,12,10,10,14,14,12,10,10,10,11,11,10,12,10,13,11,12,10,10,13,11,11,10,14,11,13,10,14,10,13,10,12,10,14,10,14,11
10,12,14,10,14,12,0,12,14,10,11,11,14,12,12,14,12,14,13,10,14,10,12,10,12,10,14,11,11,13,14,13,14,13,10,12,13,11,13,11,14,12,14,10,12,14,10,13,11,10,10,11,10,10,10,11,12,11,11,14,14,10,11,11,10,12,12,10,11,14,11,10,10,11,11
11,10,12,13,13,14,11,0,10,10,13,12,13,14,13,13,14,11,14,14,12,13,11,13,14,14,11,10,11,11,14,14,11,13,13,13,10,14,13,12,14,13,10,11,12,13,14,13,12,12,14,10,11,10,14,13,10,12,13,13,11,14,14,14,10,13,11,10,10,14,13,14,12,11,14
13,13,14,10,11,10,13,13,0,13,11,13,13,10,13,14,13,12,11,10,11,14,13,11,10,14,12,14,12,12,14,10,13,14,11,11,14,10,12,11,12,13,11,11,12,12,10,10,11,10,11,10,13,12,10,10,10,12,14,11,14,11,11,10,14,11,10,13,14,12,10,12,10,10,12
13,13,12,13,13,13,11,12,11,0,10,13,12,11,13,11,10,12,11,10,12,11,11,10,11,11,11,11,10,14,10,13,14,13,14,12,11,12,14,11,12,12,14,14,14,10,14,14,10,13,11,12,11,10,12,11,11,12,10,12,11,11,10,12,10,12,13,14,11,10,14,13,13,10,12
10,11,11,10,11,11,12,11,12,13,0,12,12,14,10,12,11,13,12,11,14,11,11,11,13,12,12,10,12,14,14,13,14,10,12,12,14,14,11,14,10,13,14,13,14,12,14,13,13,13,14,10,10,11,10,11,13,10,13,13,13,11,14,12,13,14,13,12,12,13,12,11,11,12,11
11,12,12,12,10,13,13,12,13,14,13,0,12,12,10,10,13,14,11,13,10,13,14,11,10,14,14,12,10,14,11,12,13,12,14,14,14,10,13,12,14,14,14,10,13,14,12,10,11,11,10,12,10,13,12,13,11,10,12,12,11,11,12,12,12,11,14,14,13,10,11,12,11,14,14
10,13,13,13,10,12,13,10,14,14,13,12,0,10,10,11,12,13,13,10,10,13,12,12,13,11,14,13,12,11,10,12,11,11,13,11,14,13,12,11,10,12,11,13,12,14,14,14,13,12,12,12,14,11,13,10,13,11,10,11,11,13,11,13,14,12,12,11,11,14,11,14,11,11,10
12,12,13,14,13,12,10,14,14,13,12,12,14,0,12,12,12,13,13,10,10,11,11,12,14,10,11,13,12,14,11,13,11,12,11,10,13,10,11,11,13,11,14,11,10,11,14,12,13,13,11,13,11,11,11,13,11,14,13,14,12,14,12,14,13,10,11,10,13,12,14,12,11,11,11
13,11,14,12,12,10,14,14,13,13,13,12,10,10,0,12,13,13,11,12,14,14,13,10,13,14,10,14,13,10,14,14,11,14,14,12,12,11,12,10,13,12,14,13,11,10,13,10,14,11,13,10,10,14,12,12,10,11,11,12,12,11,10,14,14,13,11,12,10,13,10,11,10,10,14
11,14,10,13,12,11,14,10,12,11,13,13,12,11,12,0,12,10,10,10,13,12,12,10,14,12,13,10,10,10,11,11,14,14,10,11,12,10,12,13,10,12,10,13,12,10,14,14,11,13,10,14,11,10,12,11,14,14,10,11,13,11,14,14,10,14,14,14,12,10,14,12,13,11,10
11,11,13,12,13,12,14,14,11,10,12,10,14,12,13,12,0,13,14,11,14,13,12,11,13,12,11,10,11,10,14,12,10,14,10,10,10,10,11,12,13,14,12,13,14,13,14,14,11,14,13,11,13,11,11,11,14,14,10,10,12,12,12,13,12,12,11,10,14,12,12,11,11,11,13
10,11,13,12,14,12,11,14,12,12,12,14,13,12,13,10,10,0,10,10,14,10,11,14,10,11,11,13,10,14,11,11,14,11,13,11,10,10,12,10,12,10,13,10,10,14,13,12,12,11,11,11,10,10,12,12,14,11,12,10,12,13,11,14,10,10,12,12,10,11,12,10,13,10,13
13,12,10,13,11,13,14,11,14,13,10,11,14,14,11,12,13,12,0,11,12,13,14,13,14,14,12,10,12,11,13,11,13,10,12,13,14,13,13,11,12,13,12,12,11,10,14,13,13,14,14,14,12,11,12,14,14,14,11,14,13,13,12,14,10,12,11,10,11,10,11,13,10,11,14
14,11,12,12,13,10,13,11,13,12,13,13,12,13,13,14,10,12,13,0,12,13,10,13,11,13,14,13,12,13,12,10,13,10,11,12,12,12,11,12,13,10,12,14,12,12,13,14,12,13,11,11,11,11,13,10,13,13,10,13,14,11,11,12,10,11,10,12,10,10,10,12,14,10,10
12,11,11,11,14,10,14,10,13,12,11,14,11,12,10,14,14,11,12,12,0,11,13,14,13,10,11,10,14,12,12,13,12,11,11,10,14,12,11,11,13,14,11,12,10,14,12,13,10,14,11,10,11,11,12,13,14,12,12,10,12,14,10,13,11,13,14,13,10,11,11,11,12,14,13
12,10,10,13,14,12,13,10,10,11,12,12,10,13,12,11,12,14,11,14,14,0,14,13,11,12,14,14,12,13,12,14,12,11,12,10,13,13,13,12,12,13,14,10,11,14,10,13,14,12,10,14,12,11,10,14,13,12,14,11,14,13,10,11,12,12,14,10,12,13,14,12,13,11,13
10,10,13,11,12,11,11,14,14,13,13,11,10,11,13,11,11,14,12,13,14,13,0,12,13,14,14,10,10,11,13,12,10,10,13,14,14,14,10,12,10,13,14,10,13,13,10,13,14,14,11,12,13,11,13,14,12,12,10,12,12,11,10,12,11,11,12,11,12,11,14,12,10,12,12
14,14,12,14,14,13,10,10,11,10,10,13,14,12,14,12,12,13,12,14,13,13,11,0,14,11,11,14,11,13,14,13,12,11,14,13,14,14,12,11,13,11,10,13,12,10,12,13,13,13,13,12,14,12,12,13,11,13,12,12,13,14,14,12,11,11,13,12,14,13,14,13,14,12,14
13,13,14,14,14,14,12,10,12,14,12,14,14,13,10,12,10,12,14,13,14,11,13,11,0,10,11,14,13,14,13,10,12,11,13,14,10,11,14,13,13,10,13,11,12,14,12,14,13,14,11,13,11,14,14,14,11,10,13,13,12,14,13,11,14,14,10,12,10,14,10,10,11,14,11
12,11,14,10,12,13,12,11,14,13,14,14,12,12,14,12,10,13,10,10,13,12,12,12,13,0,13,14,14,14,13,11,12,11,13,11,13,11,14,10,10,10,13,13,12,14,10,12,14,11,11,10,12,11,13,12,14,14,11,11,13,13,13,11,10,12,12,12,14,11,10,11,10,12,10
14,10,13,14,13,13,11,14,12,13,13,13,10,13,10,11,14,14,13,12,11,12,11,12,10,11,0,13,12,13,10,10,10,10,11,14,12,11,14,13,13,12,14,10,13,12,13,12,14,14,14,11,11,12,14,13,12,13,10,13,12,10,13,10,12,12,12,13,14,13,12,10,14,11,14
10,12,11,13,10,11,14,13,13,14,13,13,13,10,12,11,14,11,10,10,13,13,13,13,10,10,10,0,13,10,11,13,12,10,12,14,11,10,10,10,11,13,11,10,10,13,14,14,12,11,12,13,14,13,10,11,11,13,13,12,10,11,11,13,11,11,11,13,10,10,11,10,13,10,14
12,12,13,13,14,11,10,12,11,13,13,14,14,14,11,13,13,12,13,10,10,12,12,13,14,12,10,13,0,12,14,11,14,13,14,12,13,13,10,13,11,14,13,14,10,13,11,12,14,13,12,13,13,10,10,13,10,14,14,13,12,10,11,10,12,12,13,10,14,11,12,10,12,13,11
10,11,12,12,10,12,14,11,14,14,11,12,14,13,10,12,14,13,11,10,10,12,13,12,13,14,11,12,12,0,11,12,10,14,13,14,12,12,11,13,10,12,13,11,10,10,14,14,12,14,14,12,11,10,12,11,13,13,10,14,11,11,12,14,13,12,10,12,10,13,13,14,13,10,11
13,11,11,12,11,13,10,14,12,12,13,10,14,12,12,11,14,11,12,12,14,10,14,13,13,10,12,13,13,11,0,14,14,11,14,14,14,12,10,14,10,10,11,14,11,10,11,10,10,13,12,13,12,10,12,11,13,12,13,14,10,11,11,10,11,13,13,14,14,12,12,14,13,12,11
12,12,10,12,12,11,14,11,10,11,12,11,14,13,13,11,12,14,10,13,13,13,11,13,13,11,11,10,12,10,13,0,10,10,13,10,13,12,14,10,12,11,10,11,14,13,11,14,11,11,11,10,10,12,14,13,13,11,12,14,11,14,14,14,10,12,12,11,10,13,14,13,12,13,12
12,13,12,11,14,12,11,10,14,11,14,12,12,11,10,11,12,14,10,13,12,11,10,10,11,11,14,14,12,11,12,13,0,11,10,11,14,11,10,13,11,14,14,10,12,10,10,10,10,14,11,12,13,11,10,10,10,12,11,14,12,12,12,12,12,13,11,11,11,14,11,10,11,11,13
14,13,11,13,10,11,10,13,14,11,14,13,11,11,14,11,11,10,11,10,13,12,12,13,13,14,13,13,11,13,11,11,12,0,13,10,11,14,14,11,12,11,14,12,11,13,10,14,10,11,13,14,10,14,10,14,12,11,13,14,10,13,12,12,11,10,12,10,13,10,13,11,11,13,14
14,14,14,11,14,13,10,13,11,12,13,11,11,11,13,13,10,10,10,10,13,14,11,11,10,10,14,11,10,13,11,13,11,10,0,11,14,12,14,13,10,10,10,10,14,13,14,11,14,14,11,12,10,11,12,10,14,13,13,10,14,13,13,12,12,11,10,14,10,10,13,11,10,12,14
10,13,13,11,13,11,14,10,12,13,11,10,12,13,10,11,11,14,14,14,11,12,12,12,13,12,14,10,13,10,10,11,13,11,12,0,12,11,11,10,13,10,13,10,14,11,10,13,11,10,13,12,12,11,13,12,13,10,10,12,10,12,13,11,11,13,14,12,10,11,13,10,14,13,11
13,13,11,12,11,13,14,13,10,10,13,13,10,14,13,13,11,10,13,14,10,11,12,13,11,12,12,12,10,12,13,12,13,14,14,14,0,12,12,14,14,10,14,13,10,13,14,13,12,12,12,11,14,11,14,10,12,10,12,11,13,10,12,13,13,12,10,14,11,10,13,11,13,10,13
14,11,13,11,10,11,14,10,14,12,10,13,11,14,14,12,14,10,11,11,14,13,10,10,13,12,10,12,12,14,10,13,13,12,14,13,14,0,14,11,10,14,14,12,10,12,14,14,10,12,13,14,11,12,14,14,11,10,13,13,12,11,12,12,10,12,12,14,14,14,10,12,14,13,11
12,14,10,10,12,14,13,14,14,14,14,14,11,14,13,13,12,10,11,14,13,11,12,12,12,10,14,10,11,11,10,14,13,10,12,14,10,10,0,10,13,14,12,12,13,10,13,10,10,11,10,12,12,13,13,12,10,12,12,12,12,14,12,12,13,13,10,10,10,11,13,13,12,10,12
10,11,14,13,11,14,14,14,14,10,14,13,11,14,13,12,12,12,12,13,13,11,14,14,10,10,12,10,13,12,12,14,11,10,13,10,11,14,10,0,13,12,10,13,11,13,10,14,11,12,14,11,10,10,12,13,13,12,14,13,11,11,13,11,11,13,14,11,10,10,12,11,12,12,14
10,13,13,12,10,14,11,10,13,14,11,12,14,14,12,14,13,11,11,14,11,13,13,11,13,14,13,13,10,14,13,13,13,11,11,14,10,10,14,13,0,10,11,10,11,10,11,14,12,13,10,13,10,11,12,12,11,14,11,13,10,10,12,10,13,10,12,14,13,12,12,14,13,11,12
14,10,13,11,10,12,14,11,10,10,11,13,11,10,13,10,14,14,11,13,13,12,10,12,11,13,12,11,14,10,11,10,13,14,13,12,13,12,11,11,11,0,13,11,10,12,12,10,13,14,12,12,10,12,12,14,11,14,11,10,12,14,13,12,10,13,11,14,12,11,11,12,11,12,14
12,14,11,10,14,13,13,13,11,12,13,11,13,10,10,12,12,11,12,14,11,12,11,11,11,11,13,12,12,13,10,10,12,12,14,14,14,13,11,12,14,11,0,11,10,11,11,13,13,12,14,13,10,14,13,12,10,13,10,14,13,10,10,10,13,12,12,14,10,10,10,12,14,10,14
14,10,10,11,14,10,13,14,10,13,14,14,10,13,14,14,11,14,14,13,11,14,10,13,13,14,12,12,12,11,11,14,10,10,13,12,14,11,10,13,10,11,14,0,12,14,12,12,11,10,11,14,13,14,12,12,10,14,12,13,10,13,10,11,14,12,14,14,10,14,12,10,14,13,10
13,10,14,12,14,11,12,10,11,11,11,12,10,12,12,13,12,11,13,10,10,14,14,14,10,14,12,11,11,13,10,10,10,13,14,11,11,11,13,12,13,12,13,14,0,13,14,14,11,13,11,14,14,10,12,10,13,10,10,12,14,13,10,14,13,11,11,11,11,13,10,12,10,12,11
12,13,10,10,11,10,14,10,12,10,13,11,14,12,13,10,11,10,14,14,13,12,13,10,12,12,12,13,13,12,14,13,11,13,10,11,13,10,14,11,10,13,12,13,14,0,10,11,14,12,13,14,11,11,13,13,14,10,10,12,14,12,11,12,14,11,10,14,10,12,11,12,11,11,13
13,14,14,14,10,12,10,13,10,14,13,13,12,12,10,10,11,13,12,10,13,13,11,12,12,14,10,11,12,10,11,13,14,13,14,13,14,10,14,10,13,14,10,12,11,13,0,12,11,10,11,10,14,14,11,14,10,13,11,12,10,11,14,11,14,13,10,13,14,13,11,11,11,13,11
11,14,13,13,11,14,11,13,10,10,10,12,14,13,13,14,10,12,13,13,13,14,12,10,13,10,14,13,13,13,10,13,10,12,10,10,11,14,10,12,14,13,13,10,13,11,11,0,14,11,13,11,13,12,10,12,11,11,12,10,11,14,13,10,12,10,12,11,11,13,12,12,10,12,10
14,10,11,11,11,12,13,10,12,14,12,11,11,10,14,13,13,13,14,13,13,10,13,11,14,11,14,10,11,13,10,10,10,11,10,12,10,10,10,12,12,14,10,10,14,14,10,11,0,11,10,14,13,11,13,12,13,12,10,11,10,12,13,13,14,13,11,11,14,14,12,12,13,13,11
11,14,14,12,11,10,10,13,13,11,14,11,13,11,14,11,10,10,13,10,14,13,10,11,11,12,12,11,11,14,12,10,10,14,12,13,13,14,13,11,14,14,10,12,14,11,13,14,10,0,13,11,12,10,12,12,13,13,12,11,13,12,14,11,13,14,13,11,14,14,11,13,11,11,12
11,10,12,13,12,14,14,12,11,13,13,14,10,13,12,14,14,10,12,14,13,14,12,12,13,10,10,13,10,13,14,10,10,12,10,12,10,10,10,12,13,10,13,13,14,14,13,12,11,14,0,11,12,13,11,13,11,12,10,14,11,13,10,11,12,13,13,13,12,12,10,13,14,10,10
11,13,11,14,12,13,12,13,12,11,12,12,11,14,13,14,14,10,10,14,13,12,13,10,10,11,10,10,14,10,10,12,12,13,10,10,10,13,12,11,13,10,13,10,10,10,11,14,13,13,10,0,13,13,10,12,13,14,10,14,10,12,11,13,11,10,10,10,12,13,12,13,11,12,14
10,12,14,12,10,14,10,11,12,10,10,12,13,11,11,12,11,14,14,11,13,12,11,12,10,14,14,13,10,10,10,14,10,14,10,14,13,12,10,14,10,10,14,12,11,12,12,14,11,11,11,14,0,12,11,10,13,10,12,11,10,14,11,11,11,10,11,11,13,10,11,13,13,14,14
11,12,12,14,10,12,12,10,12,14,13,10,11,14,14,12,13,11,10,14,14,14,14,12,11,10,11,13,14,14,12,13,14,13,10,12,10,11,11,13,12,14,14,11,13,14,14,12,13,13,13,12,12,0,14,14,11,12,10,12,10,11,14,11,12,11,10,10,13,14,11,11,11,14,12
11,10,10,13,14,12,10,14,14,10,11,10,10,10,13,13,10,10,14,10,12,13,13,11,14,12,14,10,12,12,11,11,12,10,12,14,11,14,10,10,14,12,14,10,10,11,10,10,14,11,11,11,12,14,0,14,13,11,13,13,12,12,10,11,12,14,10,12,14,12,14,11,10,14,14
10,14,14,13,11,12,12,13,10,11,10,14,14,13,10,14,12,12,11,13,12,14,10,12,11,14,14,10,12,10,14,11,11,12,13,10,14,13,12,10,14,14,14,14,11,14,11,14,14,13,12,13,14,11,12,0,10,13,11,12,11,13,12,11,10,12,14,13,11,14,10,14,13,10,10
13,12,10,10,10,11,13,14,10,13,13,10,12,10,10,12,11,12,11,10,12,12,13,13,12,11,11,14,10,14,14,13,13,13,13,14,10,13,11,10,12,13,11,12,11,11,12,13,10,11,14,11,12,10,13,10,0,14,11,13,13,10,13,14,11,14,14,12,13,11,11,12,13,11,11
12,13,10,11,11,10,14,13,14,13,14,12,11,13,14,12,10,13,14,12,10,14,14,10,12,11,14,14,11,14,13,11,10,10,12,10,10,13,14,12,14,12,14,11,11,12,13,14,13,14,11,14,13,13,11,13,14,0,10,13,10,11,10,12,14,14,13,11,10,10,14,11,11,13,12
12,12,14,13,13,10,13,10,10,11,13,14,12,12,14,13,11,14,10,14,11,14,10,10,11,13,10,13,13,14,12,14,10,10,10,13,14,11,12,12,11,10,10,10,10,10,10,14,10,12,13,12,11,13,11,13,12,14,0,11,10,10,10,12,10,13,14,13,12,11,11,14,14,11,13
13,10,14,14,14,11,12,10,12,11,11,10,13,11,13,12,10,14,14,12,11,11,13,14,12,11,11,13,13,13,13,13,10,13,10,11,13,13,10,10,13,10,12,11,14,13,10,12,13,14,11,14,10,14,11,11,12,14,12,0,12,14,13,12,13,12,12,14,10,11,12,13,12,14,13
14,11,13,12,10,14,10,13,14,14,12,13,13,11,11,14,14,14,11,12,10,14,12,14,13,11,13,10,11,11,10,13,10,11,10,10,13,14,14,12,11,10,14,12,10,14,14,12,13,12,13,14,11,11,13,10,13,14,13,13,0,10,10,12,13,13,14,13,11,11,11,10,14,14,13
11,14,14,10,13,13,12,11,12,14,12,11,12,13,13,14,11,13,11,10,12,11,13,10,14,11,10,12,11,12,11,14,14,13,10,13,10,13,10,14,11,13,13,13,11,11,11,10,13,11,14,11,13,13,10,14,11,14,10,12,13,0,14,10,14,12,12,11,14,12,14,14,13,13,11
14,13,13,14,14,12,14,10,13,14,12,14,11,11,12,10,11,11,12,13,11,11,13,13,10,13,14,12,12,14,11,11,13,11,14,11,11,12,14,13,12,12,11,10,11,13,11,10,11,11,12,13,10,14,14,12,10,14,13,11,12,12,0,12,14,12,11,10,14,12,11,14,14,11,14
11,14,10,13,11,12,11,14,10,10,11,13,11,13,12,11,11,11,13,13,10,14,14,11,12,10,12,11,13,10,12,13,11,10,13,10,12,11,13,11,14,13,11,12,13,13,10,11,12,10,14,12,10,13,14,11,14,13,11,11,14,10,11,0,14,13,13,12,10,14,11,14,10,13,12
14,12,12,12,13,13,14,10,14,12,11,14,12,12,10,12,11,13,10,11,11,14,12,12,13,14,11,14,12,10,11,14,14,13,14,12,13,11,14,12,11,13,10,13,13,14,11,10,14,12,10,10,14,12,11,14,10,10,13,13,12,10,13,14,0,11,12,10,13,13,13,14,14,14,13
14,13,13,13,13,14,13,11,14,14,14,10,14,12,12,14,12,12,13,10,10,11,14,10,11,11,14,12,12,11,12,11,11,11,12,13,11,11,12,14,10,11,10,13,10,10,12,12,11,13,11,12,11,13,12,13,13,13,11,12,10,11,14,13,12,0,12,14,13,14,13,13,10,10,13
10,13,10,10,10,11,14,11,10,13,14,10,10,13,13,14,14,13,14,14,14,13,12,12,11,13,10,14,13,12,10,10,11,12,12,14,12,12,12,10,13,14,11,10,13,11,11,11,14,10,14,10,11,10,14,11,11,13,13,12,10,14,13,12,13,13,0,13,13,10,14,12,12,10,13
11,14,12,11,13,14,11,14,14,12,13,10,14,11,12,11,12,13,13,10,10,13,10,13,12,14,13,13,11,10,13,12,14,12,14,14,13,14,10,14,10,10,14,10,13,12,14,12,10,14,11,13,13,10,13,12,14,14,14,13,11,12,13,14,13,11,10,0,11,12,13,12,13,12,14
14,14,13,10,10,14,10,11,12,12,13,14,13,14,14,11,10,14,10,11,12,12,12,14,11,12,12,12,14,12,11,13,10,13,10,13,13,14,13,14,13,10,10,10,11,14,12,11,12,10,12,12,12,11,12,11,11,13,13,13,12,12,11,10,10,10,14,10,0,13,10,12,11,10,11
12,11,12,11,13,12,14,11,14,14,14,13,10,14,11,14,11,10,11,10,11,10,14,14,10,11,14,12,12,11,13,10,12,11,13,10,13,14,10,10,13,11,12,11,10,12,14,14,13,14,13,12,10,14,14,11,12,13,11,12,12,12,13,13,10,14,11,14,10,0,11,10,12,14,10
12,10,13,12,14,13,11,10,13,12,13,10,10,12,11,11,12,10,12,12,12,10,12,14,10,11,10,10,13,12,14,11,12,14,12,14,13,10,14,13,11,12,14,11,14,10,13,14,12,14,13,10,14,11,13,11,12,13,11,12,12,11,11,10,13,11,13,10,14,11,0,12,12,11,14
11,14,11,11,14,10,12,10,12,14,14,14,12,10,10,10,12,10,13,11,11,14,11,13,12,13,11,13,14,10,11,10,13,14,10,14,10,10,13,10,10,11,13,11,10,14,13,12,14,14,14,12,13,10,13,11,13,12,13,11,14,14,10,11,13,13,10,12,10,11,10,0,11,11,13
11,14,11,14,12,13,14,13,13,10,11,13,12,13,11,13,11,12,11,12,10,10,10,11,13,12,13,11,12,13,13,12,11,14,14,13,10,13,14,10,11,10,11,10,10,14,11,12,10,11,10,12,10,13,12,10,13,14,11,10,14,13,11,10,11,13,11,12,14,12,12,12,0,12,10
10,10,14,10,11,13,11,11,10,10,12,11,12,12,12,13,10,11,12,14,10,13,14,11,13,11,13,13,12,12,14,12,10,14,13,12,11,12,12,12,14,12,12,10,12,10,11,13,10,10,12,11,10,13,14,11,10,13,12,14,10,12,13,12,11,10,10,12,14,14,12,13,13,0,14
10,13,11,14,13,12,10,14,13,12,10,12,11,12,14,11,11,12,10,13,11,11,14,14,13,11,14,13,14,10,13,14,13,10,12,11,10,11,14,14,14,11,14,11,12,13,13,13,13,13,12,14,12,10,13,13,13,11,10,11,12,12,10,12,14,10,14,11,14,12,10,10,13,10,0
