R=75
Pi=(27,24,21,29,21,23,28,24,22,20,27,20,20,25,23,22,27,22,27,20,20,23,23,27,28,28,26,29,20,26,29,29,21,20,23,28,26,27,26,20,20,22,22,24,29,25,20,24,23,24,26,26,20,28,25,24,20,24,20,22,26,28,23,25,20,27,29,29,21,25,25,29,25,26,20)
A=
1,2,53
2,3,45
3,4,49
4,5,0
5,6,0
6,7,42
10,11,55
11,12,0
12,13,52
13,14,0
14,15,0
15,16,0
16,17,49
20,21,47
21,22,43
22,23,52
24,25,0
28,29,0
29,30,0
32,33,0
34,35,52
35,36,0
36,37,41
37,38,55
39,40,0
41,43,0
43,49,44
50,55,0
57,58,0
58,59,0
59,60,0
61,62,52
62,63,47
64,66,54
66,68,53
67,69,0
72,74,42
Sij=
0,8,9,5,6,5,7,6,9,8,8,8,9,6,8,5,8,7,9,7,9,7,8,9,9,8,9,6,8,8,7,8,5,8,6,6,9,7,7,9,6,7,9,9,6,8,9,9,7,9,5,7,9,9,7,8,5,5,6,8,6,6,7,5,6,9,7,6,9,6,6,6,5,9,6
6,0,7,9,7,5,8,5,8,9,8,9,8,6,6,8,6,9,5,9,8,5,9,8,7,7,6,8,9,6,8,8,7,9,8,5,6,6,7,5,9,6,7,8,7,7,5,6,9,6,9,7,6,6,6,5,7,8,6,5,9,5,5,6,5,5,7,9,7,6,7,5,6,9,9
7,8,0,6,6,5,6,5,8,7,7,6,7,5,8,8,7,7,9,6,6,9,5,5,7,7,5,6,8,8,9,8,5,6,6,9,7,5,7,6,9,9,6,8,9,9,7,6,5,9,8,9,6,9,8,5,6,7,8,9,9,9,6,5,8,8,6,6,9,8,6,6,5,8,7
7,8,7,0,5,8,9,9,5,9,5,5,7,5,7,6,7,9,7,8,6,9,7,6,9,6,8,6,6,7,8,6,8,7,7,6,7,9,6,5,9,5,8,7,9,8,5,5,8,8,5,6,9,7,6,7,9,7,7,9,5,8,7,8,6,9,6,9,8,6,9,8,7,6,8
5,5,5,6,0,6,5,7,7,8,6,6,6,5,6,9,6,9,6,7,9,5,7,5,6,5,6,6,6,7,9,6,9,7,8,6,7,9,5,6,8,7,5,9,6,9,7,5,8,9,9,9,7,9,6,8,7,5,8,6,9,9,5,5,9,9,6,8,7,9,6,7,9,9,9
7,9,8,8,6,0,7,5,7,7,7,9,9,9,6,5,8,7,5,9,6,8,6,5,9,6,8,9,8,8,7,6,9,7,5,9,8,8,6,7,9,9,7,8,7,9,5,7,7,6,6,9,7,5,8,6,5,9,9,6,8,7,7,8,5,5,5,6,9,6,7,9,5,8,9
7,6,8,7,5,6,0,5,7,7,7,7,9,9,9,9,8,8,9,9,9,6,6,8,7,6,9,8,8,5,9,6,9,8,5,5,9,7,6,8,5,7,5,9,6,7,6,5,7,9,7,8,9,5,9,8,5,8,5,6,6,7,7,6,8,5,8,5,9,8,9,6,7,5,9
6,5,7,6,5,5,8,0,6,8,8,5,6,8,9,6,5,6,6,5,7,7,5,9,6,5,8,5,6,8,5,5,6,8,6,7,7,8,6,5,5,7,6,8,7,7,9,5,6,7,8,7,5,6,8,6,6,6,5,6,6,5,7,7,8,7,9,7,6,7,9,6,5,6,9
5,6,6,6,9,6,8,9,0,9,5,7,5,9,5,9,5,5,7,5,8,5,5,8,5,5,7,6,8,8,7,6,7,9,6,7,9,5,9,6,9,7,6,7,6,5,6,5,6,7,6,8,9,9,7,9,9,8,5,6,6,5,5,5,6,9,5,6,7,8,9,5,6,6,5
5,9,7,6,5,8,7,9,6,0,7,9,7,7,6,7,8,6,5,8,9,9,7,5,6,7,9,5,7,8,7,5,7,8,9,6,5,7,6,9,7,9,5,9,8,6,6,8,9,5,9,7,5,7,6,6,8,8,5,8,5,7,9,5,8,6,6,9,8,9,6,6,5,5,6
5,8,8,6,9,5,6,6,7,8,0,9,5,9,6,7,8,6,6,7,8,5,9,5,5,7,5,7,9,9,8,8,7,9,6,5,8,9,6,5,7,8,5,6,6,8,5,7,7,6,6,9,9,7,6,5,5,8,7,9,9,8,7,7,8,9,6,5,8,6,8,9,9,5,9
9,9,8,8,6,6,7,5,8,8,8,0,9,5,7,5,9,5,6,7,6,9,6,8,7,7,7,5,8,6,7,6,5,9,7,7,6,7,9,6,7,6,8,8,9,5,5,6,7,7,6,7,7,7,9,5,8,5,5,6,9,6,9,9,5,6,8,9,7,5,8,7,5,5,9
9,6,8,9,7,6,5,7,5,9,9,9,0,7,5,7,9,6,7,8,6,6,7,9,7,8,6,6,9,7,9,9,7,6,7,5,8,9,6,7,9,9,9,8,9,6,6,6,9,5,6,7,9,6,9,8,6,7,5,6,6,5,5,5,6,9,7,7,5,9,8,9,9,5,9
7,6,9,9,6,6,5,6,9,5,6,5,5,0,7,8,8,6,9,5,6,9,8,9,6,9,8,8,6,9,6,7,7,9,7,7,6,7,7,9,9,5,8,6,9,9,9,6,5,6,6,7,5,9,9,9,8,7,7,9,7,7,9,6,7,8,9,5,8,5,7,6,8,5,5
5,5,6,9,6,9,7,8,5,8,9,7,8,5,0,7,8,8,9,8,6,7,6,6,9,6,5,8,8,5,8,9,8,9,8,8,9,7,8,5,5,5,9,9,8,8,5,5,5,5,6,8,6,5,8,8,9,9,7,7,5,5,9,7,6,8,5,7,9,6,8,6,5,8,7
6,8,6,8,5,6,5,8,7,9,5,8,8,6,9,0,9,5,9,5,5,9,5,6,8,9,7,8,5,9,7,9,8,7,7,6,5,7,5,6,6,5,7,7,8,5,5,6,6,9,7,8,6,9,8,8,5,7,8,8,7,7,9,8,5,9,7,5,6,9,9,7,9,7,9
9,6,8,7,7,9,5,7,5,6,8,8,8,8,8,6,0,8,8,7,8,8,6,9,6,9,8,5,5,6,5,9,9,9,5,9,7,7,9,6,9,6,5,8,6,6,5,8,6,7,8,6,8,6,8,5,8,7,6,7,8,8,5,5,5,6,9,8,8,9,6,8,8,6,7
7,7,7,7,5,8,5,8,8,8,9,6,7,5,9,6,5,0,5,7,8,5,6,5,7,9,7,6,9,7,5,9,7,7,8,6,7,5,9,6,8,7,9,6,7,6,5,6,8,9,7,6,7,6,7,7,5,7,5,7,7,6,5,6,7,8,6,8,8,8,6,6,5,9,8
5,5,5,7,6,8,5,8,5,9,9,6,6,9,6,6,5,5,0,7,8,6,6,8,8,9,5,7,7,5,7,6,5,8,7,7,6,9,9,8,8,6,8,5,7,8,6,9,9,6,6,6,6,8,5,7,8,7,6,8,6,6,8,8,7,7,8,8,9,7,5,6,5,6,8
7,7,6,5,5,7,5,7,6,8,6,5,7,8,9,8,8,7,6,0,7,6,8,5,7,9,9,8,5,6,6,5,6,9,9,8,9,7,6,6,5,6,8,6,5,6,7,6,9,9,9,7,8,8,8,7,8,7,9,6,6,9,9,6,9,7,5,5,8,5,5,5,6,6,6
6,7,6,5,5,7,7,8,5,7,9,6,7,6,6,9,7,8,5,5,0,5,6,7,7,7,6,6,7,9,9,8,5,7,7,7,9,6,6,8,8,8,6,8,8,5,6,7,9,6,5,7,7,5,5,5,5,5,9,8,9,6,5,9,6,9,8,8,9,8,7,7,5,9,7
7,9,7,9,6,5,8,7,6,8,6,5,9,6,7,7,9,7,8,8,7,0,7,6,7,9,6,7,7,5,9,8,7,8,8,8,5,7,5,7,7,5,9,9,5,9,8,9,7,7,6,8,9,6,5,5,9,7,9,5,5,7,6,6,7,9,9,7,6,7,6,9,8,9,5
8,7,8,6,7,5,7,5,9,9,5,8,5,7,8,9,7,8,5,7,5,9,0,7,6,5,5,6,7,9,5,6,9,5,6,7,7,5,6,6,9,7,6,6,7,6,6,8,5,8,8,9,6,8,7,5,8,9,7,5,7,8,9,6,9,7,6,8,9,9,5,9,6,6,5
5,8,8,5,5,9,6,6,9,5,6,5,5,7,5,9,7,8,5,9,6,7,9,0,7,9,9,7,9,5,7,9,7,5,8,7,6,5,9,6,6,5,7,9,5,7,6,5,5,8,5,8,6,5,6,9,7,8,6,6,5,6,7,5,7,6,9,5,7,5,9,8,8,6,9
9,8,7,8,9,8,8,7,5,5,9,7,7,9,9,9,7,8,8,5,9,7,7,7,0,9,8,6,8,5,9,6,9,9,5,6,6,9,9,6,7,7,9,7,9,8,8,6,6,8,5,6,9,5,6,5,6,5,5,9,6,6,5,6,6,9,9,8,7,7,7,5,7,7,5
8,5,5,8,9,5,6,5,5,9,8,6,9,8,5,9,5,9,5,9,6,6,7,5,5,0,8,5,9,8,5,5,8,7,5,7,5,6,7,6,9,5,5,5,6,7,8,5,9,6,7,7,6,7,8,8,7,7,9,7,5,9,6,6,9,9,5,8,8,5,9,8,8,8,5
8,5,5,6,8,7,7,5,7,6,8,8,5,9,7,5,7,7,9,5,9,8,9,5,6,7,0,9,7,9,7,9,9,7,6,9,7,6,6,6,5,7,9,9,5,6,5,9,9,6,5,7,6,8,7,6,5,6,9,9,5,8,5,6,5,7,9,6,8,9,9,9,6,5,9
7,5,9,8,9,5,8,9,5,8,9,7,5,5,5,8,6,6,6,6,7,6,8,8,8,7,9,0,5,5,7,6,5,5,9,9,6,6,8,5,8,6,9,5,7,5,9,8,5,8,5,8,7,9,9,6,6,6,5,5,6,5,7,8,8,7,9,7,5,5,8,7,8,5,8
9,8,6,5,8,8,8,9,7,9,9,8,5,6,7,8,9,5,7,8,7,9,5,6,9,6,7,7,0,5,9,8,5,6,6,5,8,9,6,7,6,7,6,5,9,9,9,8,6,8,6,9,6,5,7,6,9,7,9,5,6,6,6,8,8,6,9,6,9,6,9,9,8,8,5
5,5,9,5,7,5,8,6,9,9,9,6,9,9,5,5,5,9,5,5,5,6,8,6,7,5,8,8,9,0,8,7,6,7,9,6,5,5,6,7,5,8,5,6,9,8,5,9,6,9,6,8,9,7,8,5,8,6,7,8,7,7,9,6,5,6,8,8,9,8,9,9,8,7,9
6,9,5,9,8,7,5,6,9,8,5,7,8,9,9,7,8,8,8,9,8,9,9,5,7,9,6,9,7,9,0,6,9,6,7,7,5,8,7,8,5,6,5,9,7,5,9,9,9,5,5,6,6,5,8,6,7,5,5,6,9,5,5,8,9,6,5,6,5,7,8,9,5,9,8
7,8,9,6,5,8,9,7,9,7,8,5,9,8,6,9,5,7,5,9,9,5,6,5,5,9,7,8,7,6,6,0,5,6,6,5,8,7,9,5,8,9,7,6,6,6,6,6,8,8,7,8,6,5,5,8,7,6,9,5,5,5,5,5,7,5,8,9,7,7,8,7,6,7,7
9,7,9,5,9,9,8,8,5,9,8,9,5,6,8,8,6,8,8,9,7,8,7,9,5,8,7,8,5,5,5,6,0,9,7,5,6,7,5,5,5,7,6,5,5,8,6,7,7,9,9,7,8,7,7,9,6,9,5,9,5,7,9,7,5,9,6,9,7,5,7,5,5,8,7
7,6,7,6,5,8,5,9,9,6,7,6,9,6,8,9,6,7,6,9,8,7,8,5,6,6,6,5,7,6,8,6,5,0,5,5,8,8,8,9,5,5,7,5,6,7,8,7,8,8,6,5,7,9,9,9,5,7,6,5,8,7,5,6,7,7,6,6,9,6,5,5,7,8,5
8,5,6,7,8,8,9,8,6,6,5,6,6,5,6,5,6,6,8,5,8,5,6,8,8,5,6,8,7,8,5,8,9,9,0,5,8,8,9,8,6,9,8,8,5,6,6,9,5,8,6,9,8,9,7,6,7,9,7,9,7,6,5,6,8,5,7,6,7,5,7,6,6,8,6
6,5,7,5,7,6,6,6,5,5,8,6,8,7,8,7,8,5,5,5,5,8,7,9,9,8,5,6,5,5,9,8,5,7,5,0,5,5,8,5,7,6,5,5,5,5,8,9,9,9,7,8,5,6,7,6,7,8,7,5,8,6,9,6,9,5,5,6,5,6,7,7,9,5,7
9,9,7,6,9,5,8,5,7,7,6,9,6,7,6,8,7,8,8,6,6,7,9,6,9,5,7,8,8,7,5,8,5,8,8,6,0,5,6,8,9,9,5,6,8,7,6,8,9,9,8,9,9,6,8,5,6,5,6,7,9,8,5,7,5,7,8,9,8,8,5,8,5,9,8
6,6,5,5,8,8,6,7,9,5,7,5,6,6,7,7,5,8,9,8,6,9,7,6,6,9,6,5,5,8,9,8,9,8,6,9,6,0,5,7,8,7,5,5,7,7,6,6,7,5,6,9,9,6,6,7,7,8,8,9,9,6,6,7,5,5,8,6,8,9,7,5,5,6,5
6,5,8,5,9,9,8,9,5,9,9,5,7,8,6,9,6,8,5,8,7,6,8,9,7,9,5,7,7,7,5,9,8,5,5,6,8,8,0,9,9,5,7,6,7,6,9,5,8,7,5,6,7,9,8,8,9,6,9,7,9,9,5,6,7,8,9,7,7,8,9,6,7,9,6
7,5,5,6,8,7,8,6,5,7,5,8,5,5,7,5,5,9,5,9,5,5,5,8,8,6,7,8,5,7,9,8,7,8,5,7,9,5,5,0,9,6,7,9,8,7,9,9,7,5,7,8,6,7,9,5,6,9,7,7,7,5,5,6,7,7,7,5,7,9,9,6,9,8,5
7,7,5,7,5,8,7,9,7,7,8,7,6,8,7,8,7,7,7,8,9,6,6,7,5,5,9,7,7,5,6,8,7,6,6,8,6,7,6,8,0,9,5,7,8,8,5,5,7,9,5,6,9,7,5,6,6,5,8,6,5,9,9,6,6,6,5,9,9,6,9,7,5,5,9
8,8,8,7,8,5,9,6,7,7,9,6,6,7,9,9,7,8,6,5,9,5,9,5,6,8,5,5,5,5,8,6,8,7,7,8,8,8,9,5,6,0,8,7,9,7,9,8,7,5,6,6,9,8,9,9,8,9,8,5,9,5,8,5,6,9,7,8,8,9,6,6,9,8,5
9,6,7,9,7,7,5,7,5,9,8,8,7,8,8,9,9,5,7,5,5,7,7,5,5,9,6,9,7,9,9,7,6,7,5,8,5,9,5,8,8,7,0,8,6,8,5,5,9,5,5,6,6,7,7,5,7,8,7,9,8,6,6,5,6,9,5,7,9,8,9,8,5,9,8
6,8,9,6,7,9,9,6,8,7,7,8,5,8,7,8,5,8,9,7,7,7,7,6,6,7,7,5,6,6,6,6,7,8,6,6,7,7,5,5,8,9,8,0,7,8,6,5,9,7,9,9,5,5,7,5,9,6,7,9,9,6,9,9,6,6,6,6,6,7,5,5,7,7,9
8,7,8,9,8,5,7,8,8,6,7,5,5,9,7,6,5,5,8,5,8,9,5,6,6,7,9,8,6,6,9,6,7,6,8,8,5,6,9,8,6,7,5,7,0,9,5,5,6,8,5,5,9,9,6,5,9,7,7,8,5,6,9,7,6,6,5,7,9,5,9,6,8,6,9
8,5,8,7,7,5,7,8,9,6,6,5,7,6,5,9,6,8,8,8,7,7,5,8,5,8,8,5,5,9,9,6,8,9,8,5,5,9,9,7,8,8,9,5,5,0,6,8,6,9,6,8,7,9,7,7,6,5,9,6,8,7,6,7,5,6,9,6,8,7,9,8,6,8,6
5,8,8,9,8,9,5,6,6,8,5,6,6,6,6,6,5,6,8,6,5,7,5,9,9,5,5,9,8,9,8,7,8,8,6,9,7,5,6,7,7,5,9,8,9,5,0,7,5,6,6,9,7,7,7,6,8,7,8,5,7,8,6,8,7,5,8,7,8,9,7,9,9,9,5
8,9,7,7,5,8,7,9,8,7,9,5,9,6,7,8,6,8,9,8,8,6,7,7,7,5,7,9,6,9,6,9,7,6,8,7,5,5,8,6,5,9,7,5,7,9,9,0,6,6,6,6,5,5,6,7,7,6,5,9,9,6,8,8,9,5,9,8,7,7,9,7,5,5,7
8,9,8,7,5,7,6,6,7,9,7,6,9,5,9,6,5,5,5,8,5,6,5,8,9,7,6,6,8,6,8,5,9,7,8,7,8,9,9,6,8,9,5,8,6,9,5,7,0,8,6,9,6,5,7,6,6,9,5,7,7,6,9,8,6,6,7,6,6,7,6,7,6,5,8
9,6,6,6,7,5,6,8,8,7,7,6,5,7,6,6,8,8,7,7,5,9,6,8,7,8,7,8,5,6,8,7,6,6,7,5,5,7,7,6,6,8,6,5,9,9,6,9,5,0,5,8,9,9,8,8,5,9,7,9,8,8,7,8,6,8,9,5,8,5,5,6,5,6,5
5,6,7,5,9,7,7,8,8,9,8,9,8,7,8,7,5,8,8,9,8,8,5,9,6,5,9,8,8,9,9,7,8,8,7,6,7,9,7,6,6,9,9,8,8,9,5,7,5,8,0,5,7,7,6,7,7,6,8,8,9,8,8,9,8,9,5,6,5,9,6,9,6,5,7
7,8,8,6,5,7,9,6,7,5,9,6,5,6,6,5,5,8,5,8,8,7,9,6,8,7,8,9,8,9,8,9,7,9,9,8,9,9,7,6,9,6,6,9,8,8,5,9,9,9,5,0,5,5,7,8,5,9,6,8,7,9,9,8,7,6,5,9,5,6,7,5,5,6,8
8,6,6,5,8,5,7,8,5,8,8,8,8,9,5,9,8,7,6,9,7,5,8,8,7,7,8,9,7,6,8,9,9,7,9,7,8,8,8,7,5,6,9,5,9,8,7,9,9,7,9,8,0,9,6,6,8,8,7,8,5,6,7,5,9,9,9,8,6,5,8,5,5,9,8
9,6,6,7,9,8,5,9,9,5,7,5,5,7,5,5,8,6,5,8,6,7,5,9,5,9,9,6,8,6,7,8,9,5,7,5,7,5,8,5,9,6,8,5,7,9,9,6,6,9,9,9,5,0,6,6,6,5,6,7,9,8,9,5,8,7,8,6,9,5,9,8,8,7,5
8,9,9,5,7,6,5,8,5,8,6,8,8,8,8,5,5,5,8,8,6,5,6,5,7,8,7,5,5,6,6,6,6,5,7,7,7,9,9,5,9,9,8,6,6,9,5,8,5,5,8,7,9,9,0,8,7,8,8,8,8,8,5,8,8,7,5,7,8,5,6,7,6,6,7
9,7,6,9,8,8,8,9,9,9,8,8,7,7,6,5,9,8,6,5,6,8,5,5,9,6,7,6,7,8,8,7,6,6,9,6,5,8,5,9,5,9,5,9,5,8,7,9,6,5,7,8,9,6,5,0,5,6,6,5,7,6,6,6,6,6,5,7,5,7,5,9,5,8,6
9,7,7,6,5,5,8,7,9,7,6,9,7,9,5,8,5,9,8,7,8,8,7,9,7,9,6,7,7,6,5,7,5,7,6,8,7,9,6,9,9,9,6,8,5,6,7,8,5,8,5,5,6,6,8,6,0,5,8,8,5,9,5,5,8,7,9,9,5,7,7,6,5,8,9
7,8,6,8,9,6,6,7,7,8,6,5,5,8,8,5,7,9,5,5,9,8,9,8,6,5,7,7,5,7,7,9,7,7,8,9,9,6,8,7,8,6,8,6,7,7,8,5,6,7,9,6,9,7,5,9,9,0,7,7,8,8,9,7,9,5,6,7,7,5,8,5,6,5,8
6,7,9,7,6,9,6,6,5,7,8,6,9,9,7,9,5,6,9,5,8,9,9,9,6,5,9,6,5,7,6,8,6,6,5,7,9,7,6,8,6,7,8,9,5,9,6,7,5,6,8,8,6,5,9,6,8,5,0,6,6,9,5,6,8,5,5,9,8,8,9,9,7,5,6
8,6,5,9,9,6,8,6,5,9,8,8,6,6,7,8,9,9,6,5,8,5,6,5,8,5,9,8,9,5,6,6,8,9,6,7,6,8,6,9,7,7,9,7,9,7,8,8,5,9,5,5,6,5,8,7,5,5,5,0,8,7,9,7,5,7,7,9,6,5,9,7,5,7,6
7,5,6,8,6,6,7,6,8,9,9,5,9,8,6,8,7,5,8,7,7,8,5,9,9,7,8,6,8,5,6,9,7,9,7,7,6,6,9,9,6,5,6,8,5,7,7,6,5,6,7,7,7,5,8,9,5,7,9,9,0,7,5,7,7,7,5,7,9,5,9,6,5,6,8
6,6,7,7,8,6,9,6,6,6,7,9,6,7,5,8,6,9,7,5,6,5,8,8,5,5,5,8,6,5,5,7,5,9,9,7,7,8,8,7,9,5,9,5,9,7,8,9,8,6,7,6,8,6,6,5,8,8,6,7,6,0,6,5,5,6,5,9,7,8,8,6,8,5,9
5,6,6,7,8,8,7,5,9,9,8,8,9,9,7,8,9,8,7,6,6,8,9,8,8,9,8,5,6,5,9,8,6,8,5,5,9,5,9,7,5,5,6,6,7,8,6,9,5,5,9,8,6,9,7,7,6,7,8,9,9,7,0,9,9,9,9,7,5,9,6,9,8,8,9
5,5,6,8,6,5,7,9,5,6,5,6,7,6,6,8,9,7,6,5,8,8,6,7,6,8,6,6,9,8,5,5,9,7,8,6,5,7,6,8,6,5,6,8,8,8,6,5,8,5,7,6,7,8,5,7,9,9,7,7,9,6,9,0,7,5,9,7,9,7,9,8,7,6,8
8,7,6,7,8,8,6,5,7,8,5,9,8,6,6,5,6,5,5,8,8,5,6,9,8,8,5,6,8,9,7,5,5,8,9,8,6,6,5,8,5,9,8,5,6,6,6,6,8,6,7,7,6,7,9,8,6,6,9,5,7,9,6,8,0,6,5,8,9,6,8,9,5,5,6
7,9,6,5,8,6,7,9,8,6,6,5,8,7,8,6,6,9,6,5,5,5,7,9,9,5,7,6,9,5,7,7,6,5,5,5,6,6,8,7,7,7,6,5,7,5,7,5,6,5,6,9,8,5,5,6,6,7,6,7,9,6,5,8,9,0,8,9,8,7,8,9,5,6,9
7,7,9,7,7,8,8,6,5,8,8,7,9,6,9,8,8,9,5,6,8,6,7,8,5,8,6,8,8,7,6,6,8,9,7,8,7,9,9,7,8,7,6,7,9,6,9,7,9,9,9,5,5,9,5,6,5,6,6,9,7,5,8,7,6,7,0,8,5,9,6,6,9,5,8
7,5,9,9,8,8,8,8,9,9,8,5,6,8,8,5,7,6,8,9,9,8,8,9,5,7,8,9,8,7,7,5,5,7,6,9,7,5,7,7,5,8,5,9,8,5,6,9,6,8,8,9,5,5,8,9,7,5,9,5,5,9,5,6,6,7,5,0,8,7,8,8,6,8,5
8,6,7,9,5,9,6,8,7,9,9,8,9,9,8,7,7,6,6,7,6,6,8,8,8,5,5,7,7,8,5,6,6,9,6,7,7,7,5,9,8,6,7,5,7,8,8,6,5,9,6,6,5,5,9,7,7,8,5,9,9,9,6,9,8,7,6,9,0,7,6,9,9,6,7
8,5,8,7,6,5,7,8,6,7,6,8,6,5,5,9,9,8,7,5,9,9,5,8,6,5,6,8,8,8,5,6,5,8,6,9,9,5,7,5,7,5,7,8,7,5,5,5,8,8,6,6,7,6,7,9,9,5,5,6,8,8,5,8,7,5,8,8,8,0,6,5,9,6,7
7,9,6,7,5,6,9,6,5,9,7,8,9,9,6,7,9,8,9,6,6,8,5,9,5,7,6,7,6,6,8,7,5,5,8,7,8,6,5,8,6,7,8,5,5,9,6,9,6,6,7,6,9,9,5,8,8,6,6,8,5,6,9,8,6,9,8,9,5,8,0,9,8,8,5
9,9,5,5,8,6,5,7,5,5,9,7,7,5,9,9,8,6,9,6,8,9,7,5,9,6,5,7,8,8,7,9,8,8,9,6,8,8,8,5,7,7,6,9,8,9,6,7,9,6,9,7,8,6,7,5,6,5,5,7,5,8,9,7,7,5,8,9,5,8,6,0,5,8,9
8,6,8,8,7,5,9,8,7,6,8,9,5,6,6,9,9,8,8,5,9,8,8,9,6,7,5,7,6,5,5,9,9,8,7,6,6,8,7,5,8,7,6,7,8,8,9,7,8,6,9,7,7,7,9,5,7,9,6,9,9,6,6,7,6,9,9,7,8,9,8,6,0,5,7
6,7,7,5,5,8,7,8,9,5,6,7,7,6,9,7,8,7,6,8,5,7,5,8,6,8,8,7,8,8,7,7,7,9,6,7,7,6,8,8,6,6,6,6,5,9,7,7,7,5,6,6,9,6,6,9,6,9,9,7,9,5,9,6,7,8,9,7,5,7,5,6,8,0,8
7,9,5,9,7,7,6,5,9,7,6,6,8,5,8,6,5,8,7,6,8,6,6,5,8,7,9,9,7,5,5,9,7,5,9,7,8,7,6,7,5,8,5,6,9,5,5,9,9,8,7,7,9,7,5,5,7,5,5,5,7,6,8,9,7,7,8,7,6,5,7,7,7,9,0
