R=75
Pi=(13,18,16,10,13,16,10,19,18,18,14,19,14,11,18,14,18,13,18,10,17,15,11,14,13,10,19,10,14,17,17,12,11,11,10,10,18,11,15,19,18,16,11,10,15,19,17,15,18,11,12,18,17,19,15,18,16,11,16,13,17,10,14,11,10,11,18,12,10,18,15,16,17,19,11)
A=
1,2,0
2,3,0
3,4,0
4,5,0
5,7,0
7,9,0
10,11,39
11,12,0
12,13,22
13,14,0
14,15,37
15,17,0
18,19,20
19,20,0
20,21,0
23,24,0
24,25,37
25,26,20
26,28,28
30,31,25
31,32,24
32,33,35
34,35,33
35,36,20
38,39,0
42,45,0
45,50,34
51,52,0
54,55,28
55,56,33
61,62,23
62,63,34
63,64,0
64,65,0
66,67,0
69,71,35
70,72,30
Sij=
0,8,6,7,5,8,8,6,6,6,6,9,7,8,5,6,5,9,5,6,5,6,7,5,7,9,5,7,8,7,7,8,8,8,7,7,7,6,7,8,8,7,5,9,7,9,7,9,9,8,6,8,5,6,6,5,5,6,9,6,8,6,8,8,8,8,6,9,6,7,9,9,7,6,7
7,0,6,7,7,7,6,6,7,5,5,9,7,6,6,6,6,5,6,6,5,6,9,6,6,9,8,8,8,7,9,7,6,9,8,9,9,8,9,7,5,6,9,7,8,8,6,9,8,9,5,8,7,5,5,6,8,5,6,8,8,8,8,9,6,7,8,7,8,6,7,8,6,9,6
9,7,0,7,8,7,7,9,9,8,6,5,5,5,9,7,6,8,7,5,8,7,7,9,5,5,5,8,6,6,6,7,6,7,9,5,9,6,7,8,5,8,8,9,8,5,7,7,8,5,5,8,5,5,6,8,6,7,6,7,7,9,8,8,6,9,8,7,5,8,8,9,6,9,5
9,8,7,0,6,5,7,7,9,5,5,8,6,6,6,5,9,6,9,9,5,6,9,5,8,9,6,5,6,5,7,5,7,6,5,6,5,8,5,5,5,9,9,8,7,8,7,7,6,5,8,6,5,6,8,9,9,8,9,7,8,7,6,9,7,9,5,5,6,9,5,5,5,9,9
6,6,6,7,0,9,6,9,8,6,6,6,5,5,8,5,6,7,8,8,7,7,8,5,5,7,7,6,6,6,9,8,5,5,7,6,7,8,5,5,5,9,8,9,8,6,8,5,6,5,8,8,6,7,6,6,8,5,5,5,6,5,7,7,7,8,5,5,8,6,7,7,6,8,7
8,9,8,7,8,0,9,7,9,6,8,6,6,8,9,5,8,6,7,5,8,5,6,6,7,9,6,8,7,5,7,5,6,7,9,8,7,9,8,6,6,9,5,6,8,5,6,7,6,7,8,5,5,6,5,7,6,7,6,7,7,5,5,9,8,8,9,8,8,5,8,8,8,6,9
8,9,9,8,6,7,0,8,7,9,6,6,9,5,7,7,6,9,8,6,9,5,9,5,8,9,6,8,9,5,9,5,7,9,7,6,7,7,9,9,9,9,7,5,8,7,8,9,6,6,8,8,9,6,7,8,9,9,6,8,5,9,9,7,5,6,8,5,8,5,9,9,9,9,6
9,8,8,7,5,5,7,0,7,7,7,6,5,6,7,8,7,8,6,6,9,5,9,5,5,7,9,7,5,6,6,9,8,5,9,7,5,5,6,5,7,7,7,6,9,9,5,7,8,9,7,6,7,8,9,6,9,7,8,5,6,7,6,5,5,7,7,5,6,9,8,6,6,6,8
6,8,8,5,6,6,6,9,0,6,8,5,6,5,5,7,7,7,7,6,8,9,5,6,5,7,6,9,5,9,5,6,5,6,9,8,8,6,6,6,8,9,8,9,7,5,5,6,5,8,7,6,8,9,7,8,5,6,7,8,9,7,6,5,6,6,9,5,5,7,9,5,5,5,8
8,6,6,8,9,6,5,9,7,0,6,9,7,5,9,5,7,6,9,8,7,5,8,8,8,5,5,5,5,7,9,6,5,8,5,8,7,9,8,7,6,9,7,8,8,6,9,8,6,5,5,7,6,7,8,7,5,7,7,7,9,6,9,6,8,5,9,9,5,5,8,7,8,6,6
7,8,5,5,6,6,6,8,5,7,0,6,9,8,9,7,8,9,6,5,8,5,5,5,5,7,7,9,8,5,6,7,9,9,5,5,9,9,7,6,5,7,7,8,9,6,6,5,5,7,7,8,5,7,8,6,7,8,9,7,8,7,8,8,8,5,6,9,7,8,8,8,6,5,5
6,8,6,6,8,5,6,9,6,7,8,0,6,7,6,9,8,5,5,9,7,8,8,8,9,8,9,6,8,6,8,9,7,5,7,7,8,5,7,5,7,6,7,7,5,5,8,9,8,8,5,7,7,6,8,6,7,9,7,7,8,8,8,8,7,8,6,6,9,8,6,7,8,9,7
5,5,6,8,9,5,5,8,9,5,5,6,0,5,6,5,9,8,8,9,7,8,8,9,9,7,9,7,9,9,7,7,9,8,8,7,5,5,5,8,7,8,5,9,7,6,7,5,9,9,8,7,9,8,7,9,7,5,6,5,9,8,5,8,7,8,6,7,6,9,9,8,7,5,7
8,7,9,7,8,5,8,7,5,5,9,7,5,0,6,9,5,9,9,5,8,8,8,6,6,8,9,9,9,5,9,9,9,9,5,8,6,8,8,8,5,5,5,5,7,8,5,6,6,6,9,9,9,7,6,8,5,6,7,8,8,5,8,7,5,5,9,8,9,7,7,6,6,5,9
7,8,7,8,8,8,8,7,7,6,9,5,6,7,0,6,8,5,5,9,5,9,6,8,9,6,8,6,7,9,9,7,8,9,8,8,5,7,7,9,5,9,8,6,5,6,5,7,5,7,8,7,6,7,9,9,6,5,8,6,5,6,6,8,8,9,6,5,8,9,6,5,8,6,8
5,6,5,7,8,6,5,6,9,5,7,5,5,9,8,0,7,5,9,5,8,9,8,5,7,6,9,5,9,6,6,8,8,9,9,9,8,5,7,5,5,5,5,6,7,6,8,5,6,9,6,5,6,7,7,8,6,6,8,5,8,6,5,9,8,7,8,6,6,5,5,6,7,8,9
8,9,6,7,5,8,8,9,5,5,5,6,5,7,5,7,0,7,7,7,7,9,9,5,8,5,8,7,9,6,8,9,7,8,8,8,9,9,8,7,6,9,7,5,9,7,6,7,8,6,7,8,9,5,6,5,9,8,8,7,7,6,9,7,6,5,7,8,7,8,6,7,8,9,5
7,7,8,6,5,9,5,8,8,8,5,5,7,6,7,9,5,0,6,6,9,5,9,9,9,9,5,8,9,5,9,9,5,9,5,8,8,5,7,7,7,6,8,6,9,6,5,5,6,5,9,6,6,6,5,5,8,8,9,7,5,6,6,7,8,9,9,5,7,7,9,9,7,8,8
7,6,7,9,8,8,5,6,9,6,8,7,8,9,5,5,5,5,0,5,7,6,5,5,8,9,6,9,7,9,5,9,8,7,8,7,8,5,8,6,8,9,9,6,6,5,6,6,6,7,6,9,8,7,5,6,6,6,9,5,6,8,7,7,8,6,9,5,9,6,6,5,7,9,6
8,7,8,9,7,8,9,8,5,7,6,6,5,6,6,5,7,5,7,0,5,9,7,7,8,5,5,6,6,9,5,6,7,9,6,7,9,8,7,7,6,6,5,6,9,6,9,8,8,7,5,9,5,9,9,6,6,9,5,8,7,6,8,9,5,6,9,7,9,8,7,7,9,7,6
8,9,5,7,6,5,6,8,8,8,5,5,7,5,9,6,5,7,8,9,0,9,8,5,6,8,6,7,9,9,5,8,9,7,7,5,7,5,6,8,8,5,8,9,5,9,5,6,7,5,7,7,9,6,7,6,9,8,8,8,5,8,7,8,8,5,5,7,9,9,7,5,8,9,9
9,5,9,5,7,8,9,9,9,7,8,8,8,9,6,6,8,7,8,8,5,0,8,5,6,5,8,7,6,8,7,6,8,5,6,8,5,5,8,5,5,5,8,7,6,9,6,7,8,8,8,8,8,5,6,9,5,5,8,9,8,5,8,6,6,6,9,8,6,5,5,5,9,6,7
7,6,6,8,6,8,6,9,8,9,9,8,8,8,6,8,5,6,9,7,5,7,0,6,6,5,9,8,5,7,7,7,8,6,7,8,8,9,6,6,6,7,5,9,6,6,8,6,9,5,7,5,8,5,9,6,5,9,5,8,7,5,5,7,5,7,6,6,6,9,8,8,8,5,7
5,9,7,5,9,6,8,8,5,9,7,8,7,7,6,7,8,9,7,8,5,6,8,0,9,9,5,6,5,9,7,9,6,8,7,9,6,8,9,5,7,9,6,5,7,7,8,8,9,5,7,9,8,6,7,7,8,6,7,5,8,5,8,8,7,9,5,5,9,7,9,9,8,8,5
8,9,5,5,6,5,6,6,5,7,7,5,5,6,5,5,5,5,9,7,6,6,8,7,0,7,6,8,9,6,5,7,5,5,5,8,7,8,5,6,9,6,8,7,5,5,9,5,9,8,7,8,8,9,6,8,7,6,7,7,9,7,7,5,9,9,6,5,5,7,8,6,5,9,9
5,8,8,7,7,8,6,8,5,8,7,9,6,8,6,5,6,6,7,6,7,9,8,8,6,0,9,9,9,6,5,6,7,9,5,5,5,8,9,5,9,7,8,7,6,6,5,5,6,8,6,6,5,7,7,6,6,5,9,5,8,9,6,7,5,7,9,9,5,8,5,7,7,6,8
8,8,7,6,7,5,9,8,6,9,9,5,5,6,8,9,5,8,8,7,9,5,6,7,8,6,0,5,9,8,7,9,9,9,9,9,8,9,8,7,5,8,6,5,7,5,6,9,8,6,8,5,8,9,9,8,7,7,5,7,5,9,9,9,8,9,9,6,5,7,5,5,6,5,7
8,8,5,8,6,7,7,7,7,9,7,5,5,5,5,6,6,9,5,7,5,9,6,7,7,6,9,0,9,5,6,8,8,7,6,5,5,7,8,9,5,8,7,6,5,6,8,9,6,9,6,9,5,5,8,7,8,6,7,6,9,7,7,7,6,5,8,7,8,9,5,8,7,5,5
9,8,7,5,5,8,6,8,9,9,6,7,8,9,8,6,8,9,7,9,7,5,9,5,9,8,5,5,0,7,9,7,6,5,5,8,9,6,5,6,7,8,9,8,7,9,7,9,8,5,7,6,9,5,6,7,9,8,6,5,7,7,5,5,9,7,5,7,8,5,9,5,7,7,5
5,8,6,7,5,7,8,7,5,5,7,7,6,9,7,9,5,9,9,9,9,7,8,8,5,9,5,6,7,0,5,6,8,6,5,5,8,7,6,6,8,9,5,5,9,7,9,8,7,5,5,8,5,7,8,5,8,9,7,6,5,6,6,5,9,8,9,6,5,9,8,7,9,8,6
5,8,7,8,6,5,5,7,6,6,7,6,5,7,9,7,9,9,9,5,6,7,5,5,6,7,7,8,8,6,0,8,8,6,6,8,7,5,5,6,5,9,9,5,8,7,7,8,8,6,7,9,7,5,8,9,7,8,6,7,8,7,7,9,9,8,8,9,9,8,7,6,8,8,8
5,7,7,7,8,8,9,8,7,6,6,5,8,8,7,5,8,8,7,7,7,7,5,5,9,8,8,9,5,8,5,0,6,9,6,7,6,5,6,8,9,9,8,5,7,8,7,9,5,6,7,9,7,5,5,5,7,7,6,7,9,5,5,8,8,5,5,6,7,5,5,5,6,5,8
8,8,6,7,7,7,9,7,7,7,9,8,5,8,5,5,9,8,9,8,8,8,5,6,7,7,6,7,5,6,7,7,0,6,6,7,6,5,5,9,9,5,8,7,6,8,6,5,8,6,5,5,6,7,7,5,9,8,5,9,9,6,6,7,5,9,7,6,8,5,9,9,8,9,9
7,5,6,8,8,5,7,8,6,9,5,6,5,8,6,7,7,5,6,9,8,9,6,7,7,6,9,6,7,7,6,7,7,0,7,5,5,8,5,6,8,7,8,5,7,5,8,7,8,7,7,6,8,7,9,5,8,8,8,5,6,5,5,5,8,8,8,8,7,8,6,9,7,9,7
6,5,8,8,7,8,8,6,9,9,5,8,9,7,6,7,6,9,9,5,7,7,7,6,9,6,9,9,9,5,8,9,9,5,0,7,5,9,9,6,7,7,8,6,6,8,9,9,6,5,5,5,9,7,8,9,9,8,6,9,5,9,8,7,8,5,6,9,8,9,6,7,6,7,7
7,8,5,5,8,9,7,7,9,8,5,8,7,5,5,8,6,7,5,6,7,8,6,7,6,7,5,5,7,9,8,8,7,9,6,0,6,8,8,8,5,8,6,9,8,7,7,8,8,8,6,9,5,6,6,9,8,7,8,9,6,8,6,5,9,5,7,6,7,8,9,9,8,9,9
8,6,9,8,5,9,8,6,6,5,5,7,7,5,9,8,8,5,9,7,7,6,5,5,7,5,5,6,5,9,6,5,5,6,8,8,0,9,9,7,9,7,6,9,5,9,7,9,5,7,5,5,8,9,7,7,6,5,8,5,9,8,6,6,7,9,9,7,5,7,6,9,9,7,9
9,5,6,5,6,5,5,9,8,5,8,7,5,8,9,6,8,5,8,8,6,6,9,7,5,9,5,9,8,6,6,5,5,5,7,6,9,0,5,7,5,8,8,7,6,9,6,9,8,6,5,7,8,5,9,8,8,5,9,9,6,9,6,6,7,9,7,7,5,5,7,7,7,7,8
9,7,8,8,7,9,5,6,8,8,8,7,5,6,7,9,5,5,5,6,5,7,7,5,7,6,9,9,7,8,8,5,6,6,9,5,9,7,0,6,9,6,7,8,7,8,6,7,5,7,5,7,6,7,6,8,7,9,7,6,6,5,5,9,9,9,8,6,8,7,6,5,8,8,6
9,8,9,9,6,5,8,8,6,7,6,6,8,9,8,6,6,6,6,5,8,5,8,8,7,5,5,9,8,5,5,8,8,6,7,5,8,9,6,0,5,7,7,9,6,8,8,5,6,9,5,5,8,6,8,7,8,9,5,7,6,9,9,5,5,6,7,8,6,7,8,8,6,5,5
7,6,6,6,9,9,9,9,9,7,5,7,7,9,8,8,5,7,7,9,5,7,6,8,5,6,9,8,8,6,7,8,8,5,5,5,7,8,6,7,0,7,5,5,8,5,9,5,9,8,9,7,5,9,6,9,9,5,7,5,8,9,6,5,7,9,6,8,6,8,8,6,7,6,5
7,5,7,8,8,6,6,5,5,9,8,6,9,6,6,6,9,9,7,8,7,6,9,8,8,8,5,8,5,9,7,5,9,9,9,9,7,7,8,9,6,0,9,5,5,8,7,7,7,5,7,8,7,5,7,7,5,5,8,9,5,5,7,5,5,7,8,7,5,7,6,8,7,5,7
6,8,5,9,9,5,6,8,8,8,5,5,5,6,6,8,8,8,7,8,8,9,8,9,8,5,5,6,9,8,8,6,6,7,6,8,5,6,9,8,9,7,0,8,7,5,6,8,5,8,9,8,9,9,7,8,6,9,5,6,9,5,9,8,5,9,9,8,7,5,8,7,7,9,8
8,6,6,6,9,6,6,9,8,5,9,9,7,9,8,9,8,9,5,9,8,5,8,7,7,6,7,5,5,5,6,6,5,5,8,7,5,8,6,9,7,5,6,0,8,5,5,6,9,8,5,9,8,6,9,5,8,7,8,9,8,8,5,9,7,8,8,9,6,5,6,9,5,8,5
7,8,9,5,6,7,9,8,7,9,5,8,9,5,5,9,9,7,9,8,6,6,6,8,5,7,6,5,8,7,6,8,5,6,7,6,9,7,6,6,8,5,8,9,0,6,5,9,8,6,5,6,7,6,9,9,5,7,5,5,9,6,9,9,5,7,7,8,8,7,8,5,7,5,7
9,6,8,6,6,9,7,7,8,7,5,9,7,5,6,6,9,8,7,6,5,9,5,8,6,9,7,6,5,7,5,9,6,8,5,8,7,6,9,5,6,9,5,6,5,0,8,9,8,6,5,9,6,9,8,7,5,5,9,9,6,7,6,6,6,7,5,8,8,5,8,9,8,9,7
9,5,9,9,8,8,5,9,9,5,8,8,5,7,6,9,8,7,6,7,8,5,8,8,8,9,5,5,8,8,6,6,7,7,9,6,6,5,6,5,6,8,6,6,8,8,0,9,5,7,5,9,7,6,6,9,9,7,5,5,8,8,9,6,6,8,7,6,8,8,9,8,7,5,5
5,5,8,6,5,5,9,9,8,7,8,9,9,5,8,9,9,6,5,8,7,7,6,5,7,6,7,6,7,8,6,7,6,5,6,9,5,5,9,5,8,8,5,8,8,9,7,0,5,9,8,5,7,7,7,8,8,8,8,9,9,7,8,7,5,6,6,7,8,9,9,8,8,6,5
5,9,6,8,7,7,8,7,6,8,8,9,9,8,7,7,5,7,6,5,7,5,6,5,7,6,6,9,5,5,9,6,6,7,7,9,6,9,6,6,5,5,6,8,7,7,6,9,0,6,6,8,6,6,5,7,9,8,5,6,5,5,9,6,5,9,6,7,7,6,8,6,6,6,5
9,7,8,7,8,5,5,7,8,9,7,7,9,5,9,7,6,5,8,5,5,6,8,5,9,5,9,9,7,7,5,7,5,6,5,5,6,5,7,6,5,8,6,7,8,6,6,7,7,0,8,7,5,7,5,9,8,8,8,8,8,5,5,5,5,8,5,7,8,9,9,6,5,8,7
9,7,5,6,7,7,8,6,6,8,5,9,9,9,7,7,6,8,7,9,5,9,8,5,8,7,8,8,7,7,7,6,7,5,6,7,8,7,5,5,9,8,9,6,5,9,6,8,5,7,0,8,8,8,9,7,5,9,9,7,9,9,5,8,9,6,8,7,9,8,9,8,9,7,6
5,6,5,6,5,9,6,9,7,5,9,9,8,8,8,6,8,9,5,5,6,9,5,9,9,6,7,7,5,5,8,9,5,7,8,5,9,7,8,7,8,9,7,8,9,7,5,8,6,7,6,0,9,8,6,5,6,6,5,6,8,7,8,8,6,7,5,8,5,9,7,6,5,5,7
6,6,6,6,5,7,6,8,6,8,8,8,5,9,7,7,9,8,5,5,5,9,5,5,5,9,8,9,9,8,5,6,9,6,9,8,9,9,5,9,7,9,7,5,8,9,9,8,8,6,7,8,0,5,5,6,6,6,6,6,5,8,6,9,7,8,7,9,8,9,8,8,5,7,6
7,6,7,5,7,6,9,5,5,7,6,7,5,8,9,7,7,7,7,9,5,5,5,5,6,5,5,6,8,9,7,7,5,8,7,5,9,5,9,5,5,8,5,6,5,6,6,5,8,7,6,5,7,0,8,5,6,5,6,9,7,5,8,6,6,9,9,7,7,6,8,7,6,8,7
9,6,9,8,9,5,8,5,7,6,8,7,9,7,7,5,5,8,6,7,9,6,7,9,6,6,9,9,8,5,9,5,7,9,8,9,6,6,6,8,8,5,6,9,8,7,9,5,9,5,8,9,5,6,0,8,7,8,5,7,8,6,8,6,6,7,8,5,9,8,8,8,8,6,7
8,8,9,8,6,9,6,8,5,8,6,9,9,5,6,6,5,6,9,7,7,9,9,9,6,9,7,9,6,5,6,5,8,7,8,9,7,5,8,8,7,7,8,7,5,8,8,9,8,7,7,7,8,8,5,0,8,9,5,6,6,6,6,7,5,7,6,6,7,7,7,8,5,8,6
5,9,6,6,9,8,6,7,6,9,7,9,6,9,6,9,9,7,9,6,6,5,5,8,5,9,6,6,7,5,8,7,8,7,8,5,7,7,5,7,5,8,5,7,7,8,9,7,5,7,7,6,6,6,9,9,0,9,8,6,5,7,5,9,5,6,9,5,9,5,5,6,7,7,6
6,7,5,7,5,7,9,9,5,9,7,7,6,6,8,8,6,9,5,5,5,9,9,9,6,7,7,5,6,9,5,5,9,9,5,6,9,7,7,9,5,7,9,9,7,8,7,8,5,7,9,7,6,6,5,6,8,0,5,5,7,9,9,8,6,9,7,8,6,6,6,8,9,6,6
9,8,5,9,6,8,9,8,9,9,5,7,9,7,9,8,8,9,6,5,5,6,9,8,5,5,5,5,7,9,8,9,6,5,7,7,6,9,8,7,8,5,9,8,6,6,7,6,7,7,8,9,8,6,6,8,8,6,0,8,6,7,8,6,5,5,5,6,9,9,6,7,8,5,8
7,9,6,5,7,9,7,9,8,9,6,8,6,5,9,9,9,9,5,6,5,9,8,9,8,5,9,8,6,5,5,9,8,9,9,6,6,7,9,8,8,8,5,7,8,6,8,5,5,5,7,7,8,8,8,7,5,6,7,0,6,9,8,8,7,8,6,5,7,6,7,7,6,5,6
8,6,8,5,5,6,7,9,8,5,8,8,6,9,5,6,5,9,9,7,9,9,5,7,9,7,6,6,8,7,8,6,6,6,5,6,9,5,6,6,9,5,5,7,9,5,5,5,6,5,7,7,6,7,7,8,6,5,6,8,0,5,6,5,6,6,6,6,5,8,9,6,5,8,8
8,8,9,7,8,8,7,5,9,8,5,6,9,9,8,7,9,8,8,7,5,8,9,9,5,7,8,9,7,7,8,6,8,8,9,8,8,9,7,8,6,9,6,7,5,5,7,7,6,6,9,8,7,6,7,5,9,5,6,5,5,0,7,8,7,9,8,7,5,9,9,8,5,6,5
6,5,6,7,8,5,9,5,7,5,8,5,9,7,5,8,9,8,8,6,7,9,6,9,7,7,7,6,7,7,7,8,6,7,9,6,9,6,7,5,6,9,9,7,8,8,9,5,5,5,9,5,7,5,7,7,9,6,9,5,7,7,0,7,5,8,9,9,7,7,8,9,8,6,7
5,8,9,9,6,9,8,7,6,7,7,7,6,6,9,7,7,7,7,6,8,8,6,8,8,9,9,6,7,6,5,6,8,9,9,9,7,9,5,5,7,5,6,5,8,5,7,7,7,9,6,7,6,9,9,7,6,6,6,6,9,6,9,0,5,6,6,8,7,6,5,5,8,7,6
8,7,6,5,5,8,6,6,9,7,5,8,5,8,5,7,7,5,7,8,5,6,5,6,9,6,6,5,6,6,9,7,5,9,6,6,5,6,5,8,5,7,6,6,9,8,5,5,6,8,8,9,5,8,5,7,7,5,6,8,6,5,5,7,0,8,7,7,5,7,9,7,6,9,9
8,8,9,8,6,6,5,6,9,7,8,9,6,7,8,8,8,9,9,7,6,9,6,9,7,6,5,5,7,7,6,6,5,5,9,7,8,8,8,5,7,9,6,8,8,9,6,5,6,9,5,7,6,7,8,9,6,5,5,9,5,5,9,6,6,0,7,9,6,7,6,5,9,6,9
9,7,7,8,5,8,5,9,8,8,6,8,9,7,7,5,5,7,8,8,9,7,5,5,6,6,5,9,8,5,8,5,6,7,8,5,6,7,5,7,9,5,6,6,9,7,7,6,8,6,5,7,6,7,9,6,7,7,7,8,7,5,6,8,9,6,0,6,7,8,6,9,8,7,5
9,9,5,9,5,8,8,8,6,6,5,5,9,9,8,6,8,8,5,6,9,8,9,8,6,8,6,5,8,6,7,7,5,5,7,5,6,7,7,8,5,8,9,5,7,8,6,7,9,7,8,5,7,6,6,6,5,6,7,6,7,8,5,9,9,7,5,0,9,7,7,5,6,6,7
6,5,8,9,5,7,7,8,6,5,8,6,9,9,9,5,5,5,9,6,5,6,8,9,5,5,8,7,9,6,7,7,9,5,5,5,7,5,5,9,9,8,7,9,6,7,8,6,5,6,7,5,6,5,6,9,7,9,8,5,9,9,9,5,8,6,7,9,0,9,8,7,9,9,9
7,6,9,8,7,8,6,6,7,7,8,6,5,9,8,5,8,8,7,9,5,9,9,7,5,5,9,9,7,6,9,8,5,6,8,9,5,8,6,9,9,8,7,6,6,6,5,8,6,8,9,8,6,9,9,7,7,7,7,7,9,7,9,5,8,5,6,9,5,0,8,9,9,7,8
5,7,6,8,5,8,9,5,8,8,6,5,6,5,6,5,7,8,5,8,5,7,8,6,7,6,5,5,7,7,8,5,6,8,9,7,5,9,6,8,7,8,9,5,8,7,8,5,8,5,6,6,8,8,7,8,8,5,5,8,8,9,8,5,9,6,8,8,5,8,0,9,7,6,7
6,7,7,7,8,5,8,9,7,7,6,7,6,8,5,6,9,5,9,8,5,8,5,8,6,7,9,9,9,9,5,8,9,6,6,5,5,5,7,5,9,8,6,5,9,7,5,9,8,9,9,9,8,8,6,7,7,8,6,5,5,9,9,8,6,8,7,9,6,5,6,0,8,8,9
8,6,7,9,9,9,6,9,6,5,9,6,9,6,9,9,8,6,9,6,9,5,8,8,8,5,9,5,7,8,8,6,5,9,9,5,5,7,9,7,9,5,8,9,9,5,8,5,5,7,7,9,9,7,9,7,7,9,5,8,9,6,6,7,7,7,5,5,6,9,8,5,0,7,6
7,8,7,9,8,8,7,8,9,5,6,8,7,8,9,7,7,6,7,5,7,7,8,5,7,6,5,8,9,6,8,6,7,7,9,5,5,8,5,7,6,6,6,6,6,8,5,6,5,9,6,7,8,6,9,9,9,7,6,7,7,9,9,8,6,9,6,9,8,8,7,8,6,0,9
8,6,5,7,8,8,5,8,7,9,9,5,8,5,8,9,6,7,6,7,9,7,6,8,5,7,7,6,7,7,7,8,6,8,7,8,9,7,9,7,6,9,6,9,9,5,5,5,6,9,7,9,7,8,9,6,9,7,7,5,6,9,5,5,7,6,9,9,7,9,5,8,8,8,0
