R=75
Pi=(18,15,19,18,19,18,15,14,17,14,17,11,17,15,11,17,13,17,18,16,16,13,10,11,12,13,10,14,12,19,14,10,17,11,17,10,10,14,13,13,11,13,15,19,10,10,13,15,17,10,11,14,19,17,13,15,15,18,15,15,17,11,12,18,10,16,14,16,18,11,17,19,13,14,15)
A=
1,2,0
4,5,50
5,6,0
6,7,0
7,9,0
10,11,0
11,12,56
12,14,43
17,19,44
18,20,0
20,22,0
21,23,0
22,24,0
23,25,58
26,28,52
27,29,40
28,30,57
31,33,59
32,34,57
33,35,53
36,38,0
37,39,52
38,40,0
43,45,42
44,46,0
45,47,0
49,51,0
50,52,56
51,53,0
53,55,42
55,57,0
57,59,55
59,61,46
68,70,54
69,71,0
70,72,0
73,75,47
Sij=
0,7,6,5,6,9,8,6,9,6,7,7,9,8,6,8,5,7,9,8,9,6,6,5,7,7,7,7,5,6,7,9,9,6,7,9,6,9,7,8,6,7,9,8,7,9,5,5,8,8,8,9,9,7,7,9,5,6,8,8,7,6,6,8,8,8,7,8,5,6,7,5,5,5,6
7,0,7,8,7,8,7,7,8,7,8,8,9,6,8,7,8,9,6,8,6,5,5,5,9,8,6,7,9,6,5,7,8,9,6,9,7,7,8,5,6,5,7,9,9,5,8,6,9,7,8,7,9,6,9,5,6,7,8,9,6,9,7,6,6,5,9,5,5,8,5,6,6,5,7
6,7,0,6,5,9,9,5,7,6,8,8,7,6,9,5,8,9,9,9,8,6,7,5,8,8,5,8,6,5,6,6,6,8,9,8,8,5,6,8,9,6,7,6,8,7,8,7,5,9,5,6,6,7,7,5,8,7,8,6,8,6,8,6,9,6,6,9,7,6,7,7,8,5,9
6,9,5,0,7,5,5,8,7,6,9,5,9,8,6,9,9,5,6,9,9,7,8,5,6,6,6,9,5,8,7,7,7,6,7,5,6,7,9,8,5,5,9,7,6,8,6,8,7,7,7,6,6,8,5,7,8,8,9,5,9,6,7,8,9,6,7,8,5,5,7,6,6,7,8
9,8,5,9,0,7,5,7,6,7,6,5,6,9,5,5,7,8,8,9,9,9,8,5,7,9,6,7,7,7,5,5,5,8,9,6,8,7,9,6,5,6,5,9,7,8,5,8,8,9,8,9,7,6,8,9,6,7,8,9,6,7,5,9,7,5,5,8,9,8,7,9,9,7,9
8,9,8,8,9,0,9,7,9,7,9,6,8,8,5,9,5,5,9,9,9,7,6,6,7,6,8,7,8,9,7,8,5,5,7,9,5,7,9,9,5,9,8,7,9,6,7,6,7,9,7,6,5,9,7,6,7,7,6,6,5,6,8,9,5,5,5,7,5,5,9,8,6,5,9
5,9,8,6,5,9,0,7,9,9,7,6,8,6,7,6,7,7,6,7,8,8,5,8,7,9,5,9,5,7,5,9,5,9,9,7,6,8,6,5,7,8,7,9,7,9,6,9,5,9,7,6,6,8,6,6,9,6,6,6,5,5,6,7,8,7,5,8,6,5,5,9,6,5,5
5,5,6,6,7,7,5,0,9,6,9,9,8,6,8,7,7,5,6,9,5,7,6,9,5,5,8,7,8,9,9,8,5,6,8,6,6,8,9,8,9,9,5,5,7,9,9,9,5,9,7,9,7,6,5,7,8,5,5,6,9,9,7,9,6,6,8,6,8,6,6,9,5,7,5
6,6,6,7,6,5,9,7,0,9,7,9,5,9,5,5,7,5,7,7,9,9,6,6,8,6,5,7,5,9,7,7,9,9,5,8,6,7,8,8,5,5,7,8,7,7,5,9,6,8,8,6,7,7,8,6,5,5,7,5,5,8,8,7,6,9,5,5,8,6,8,5,6,8,7
9,6,7,9,5,6,6,5,7,0,5,6,5,6,6,9,8,6,9,7,8,7,6,9,7,7,7,9,5,9,9,7,9,8,5,8,9,7,5,6,9,8,7,5,7,9,8,8,9,9,8,7,6,9,5,5,7,7,5,6,8,6,6,6,8,7,7,6,5,7,9,6,5,7,7
9,9,6,7,7,8,8,5,5,6,0,7,6,9,8,5,6,6,7,9,8,8,7,5,7,9,7,7,8,6,9,6,6,8,6,5,5,6,5,7,7,9,6,5,5,6,5,7,8,5,6,8,9,6,8,9,6,8,8,7,9,6,5,8,5,9,5,7,8,7,9,5,6,9,6
9,6,6,5,6,9,5,8,8,5,6,0,7,9,9,6,9,7,7,8,7,6,9,7,9,6,5,8,8,6,5,5,6,9,5,9,7,5,8,7,8,9,8,7,8,9,6,5,7,7,8,7,8,8,6,9,5,9,7,9,5,5,6,7,8,9,5,8,9,5,8,8,9,9,5
7,8,7,8,5,9,5,5,6,7,7,7,0,8,7,5,9,8,8,8,7,7,8,5,8,8,9,8,6,7,8,9,8,9,8,8,6,8,5,6,5,5,5,9,9,5,7,7,5,8,5,5,5,5,6,7,9,7,8,5,6,5,8,7,8,8,9,8,9,8,8,6,7,6,8
7,6,9,5,8,6,6,7,7,7,8,8,7,0,7,5,9,9,5,5,5,9,6,8,6,6,5,9,7,7,9,8,7,9,7,8,6,9,6,9,8,9,7,6,9,5,9,7,5,9,8,9,6,7,6,8,6,8,8,9,8,7,9,5,7,8,5,9,5,8,9,5,7,5,6
5,7,9,8,5,6,8,8,7,8,9,7,5,8,0,8,7,7,6,6,5,6,9,6,8,5,9,5,6,6,5,8,7,5,5,5,6,6,5,7,8,5,8,7,7,8,6,5,6,6,6,6,8,5,5,9,6,5,6,7,6,6,6,6,6,9,7,6,9,7,7,5,7,8,8
5,8,7,9,5,9,8,9,9,5,9,9,7,5,5,0,9,5,9,7,6,7,8,6,5,7,6,5,6,8,9,5,9,9,6,9,6,8,6,6,7,7,6,6,5,7,9,9,5,8,8,6,5,9,7,6,6,6,7,6,8,9,7,6,5,5,9,5,5,6,9,5,9,8,9
8,5,7,5,7,7,6,9,8,9,7,9,5,7,5,8,0,5,6,9,7,8,5,5,5,5,8,9,9,9,9,8,7,7,9,8,6,8,5,9,8,7,9,9,6,7,5,9,7,5,8,9,8,9,5,6,8,9,6,5,9,8,6,9,9,5,9,6,5,8,8,9,9,7,6
9,8,5,8,8,9,8,6,9,6,9,9,8,6,8,5,7,0,7,5,9,5,6,9,5,6,8,9,8,9,6,8,9,6,7,5,7,7,5,8,5,6,6,7,8,9,6,5,9,7,8,6,7,9,7,5,8,9,5,7,9,5,9,7,7,7,5,7,5,6,6,7,6,8,9
8,9,8,6,6,5,7,9,6,6,9,6,5,9,7,7,8,7,0,8,8,5,6,8,9,5,9,8,9,8,6,5,5,8,9,8,6,5,7,9,7,7,6,8,6,7,6,9,8,8,9,7,5,8,9,9,7,5,8,6,6,7,7,5,9,5,9,8,6,5,5,6,5,7,5
6,8,8,7,7,9,9,9,6,9,8,5,6,8,5,6,5,6,6,0,7,5,5,6,8,6,7,7,8,8,8,7,7,7,7,8,5,8,8,6,6,7,7,6,5,6,9,8,9,5,8,9,5,9,5,5,6,7,5,6,9,6,6,5,8,7,6,8,8,5,5,7,7,5,9
5,7,8,6,6,6,9,8,7,9,8,6,7,7,7,7,7,8,7,7,0,5,5,6,8,7,5,6,9,9,5,5,7,5,9,9,7,7,6,8,9,9,8,9,5,9,5,8,5,6,7,7,9,5,7,9,9,5,5,8,6,9,5,8,6,9,6,6,7,7,5,9,5,5,7
8,7,6,5,8,6,6,6,7,6,8,6,6,7,5,5,6,6,8,6,9,0,8,9,8,6,8,9,5,7,6,7,6,8,7,9,6,8,5,7,6,5,8,7,7,7,8,9,8,7,7,8,8,7,8,7,9,8,8,9,9,6,5,8,6,8,6,7,9,8,8,7,6,9,6
6,6,5,7,5,8,9,5,8,9,7,9,8,9,9,9,8,9,5,7,9,9,0,5,5,8,5,5,9,5,8,5,6,8,6,7,6,9,5,7,5,5,6,7,8,9,9,8,7,9,8,5,7,5,7,6,7,6,9,8,9,8,9,5,5,9,5,5,7,7,8,5,7,7,5
6,8,6,6,6,9,7,7,9,7,8,8,5,6,5,9,5,9,7,8,7,5,6,0,6,9,8,8,5,9,6,7,7,9,5,5,7,5,9,7,9,6,5,9,7,7,6,9,8,6,8,7,5,5,9,7,6,7,5,7,8,5,7,8,8,9,5,8,5,6,8,8,5,6,7
6,7,5,8,9,8,8,9,8,6,9,6,6,5,8,8,9,5,7,9,8,9,7,6,0,8,6,7,9,7,8,9,6,9,8,7,5,5,9,5,9,9,6,8,6,9,7,9,7,6,7,8,8,8,7,9,6,5,9,9,7,5,8,7,5,7,7,7,8,8,8,8,5,9,8
5,7,6,5,7,5,6,5,8,9,5,6,8,7,8,5,9,6,9,7,8,5,9,7,9,0,7,9,6,9,8,9,8,8,5,7,6,5,9,6,8,5,5,5,7,9,6,8,5,9,7,8,6,5,7,9,9,7,8,6,5,6,5,5,9,9,7,7,8,9,7,5,5,9,5
6,8,9,6,8,8,8,9,6,7,9,8,7,6,5,7,9,6,8,6,7,5,9,6,7,7,0,8,5,5,7,6,7,7,9,5,5,9,6,5,8,6,7,9,8,9,6,9,6,7,7,8,9,7,7,8,6,9,8,8,5,9,8,8,9,5,6,5,7,5,5,8,7,6,9
9,5,5,5,6,6,7,6,7,8,9,7,5,9,6,8,5,5,7,9,8,8,8,9,8,7,5,0,7,5,7,8,5,8,7,7,7,5,9,7,7,8,7,5,9,5,8,6,6,5,7,9,8,5,6,6,6,6,5,7,8,5,5,5,5,5,9,9,7,6,9,7,6,7,9
6,5,8,9,9,9,6,8,6,8,7,5,9,6,6,6,5,5,7,9,6,7,6,9,9,6,9,8,0,5,6,9,7,5,6,9,5,7,7,6,7,6,6,9,7,8,9,9,7,6,9,8,7,9,8,7,9,8,9,9,8,5,7,8,9,9,9,5,8,6,5,8,7,8,5
7,9,8,9,6,5,6,6,7,5,7,6,8,6,8,5,6,8,8,7,6,9,8,9,7,8,8,6,5,0,5,6,5,8,9,6,8,5,9,7,9,7,9,5,8,6,7,6,9,9,6,9,5,9,6,8,7,6,8,6,8,6,9,5,7,9,7,8,9,9,5,9,7,5,8
5,6,9,5,8,5,6,9,6,9,6,5,5,7,5,8,6,7,7,9,8,7,8,8,8,9,9,7,9,9,0,6,6,9,6,5,6,8,6,9,6,6,6,7,5,5,8,6,5,8,6,8,7,5,6,5,7,8,5,6,9,5,9,5,7,8,9,6,9,6,8,9,5,7,5
8,6,5,8,7,5,7,8,8,8,5,8,6,8,5,8,8,8,9,5,5,7,5,5,6,6,6,6,9,5,6,0,8,5,9,7,8,7,9,8,6,6,7,5,7,6,5,8,8,9,8,9,6,5,6,9,6,5,5,6,5,8,6,9,7,6,7,8,6,5,6,6,8,9,8
9,8,6,8,8,6,7,8,7,6,5,9,7,8,5,6,7,7,8,7,7,9,7,8,5,9,6,7,7,7,6,5,0,7,6,7,5,5,6,6,9,8,9,8,8,7,7,9,9,5,8,9,8,5,6,5,9,6,8,8,8,9,5,6,5,9,5,7,6,6,9,6,5,5,9
9,8,6,8,6,7,5,6,6,8,8,8,5,5,5,7,9,7,8,8,9,7,8,8,9,6,9,8,8,6,7,8,8,0,6,7,7,8,7,6,5,8,8,8,7,6,6,5,6,5,9,9,9,7,7,9,6,9,7,9,9,8,7,8,5,6,5,9,8,8,7,8,7,5,7
9,6,9,6,7,8,6,7,7,9,6,7,5,6,6,5,8,6,7,7,7,6,9,8,6,6,6,6,8,7,5,7,9,5,0,7,7,7,8,5,6,7,5,9,9,8,8,9,7,6,8,9,7,9,7,9,7,6,5,5,5,6,5,9,9,9,8,8,9,8,9,7,5,6,6
5,7,6,5,9,7,6,8,9,5,8,7,8,6,6,9,6,6,8,9,9,7,6,5,9,5,9,5,9,7,5,9,6,7,7,0,7,5,5,6,7,8,8,6,8,5,6,9,6,7,8,7,5,7,6,6,8,5,6,5,8,8,6,9,6,9,9,6,5,9,9,9,5,5,5
5,6,5,7,9,8,5,8,7,5,5,9,6,9,6,9,6,9,9,7,9,7,8,9,9,6,9,9,6,8,9,7,5,6,5,5,0,7,7,7,7,8,5,8,8,6,5,7,7,9,5,7,5,5,8,6,8,8,6,8,7,9,6,6,9,5,8,9,5,8,6,7,8,6,7
9,8,9,9,8,8,8,6,5,6,6,9,6,6,9,7,6,5,9,9,7,7,8,8,7,8,5,7,8,8,8,8,8,7,9,7,8,0,8,8,9,9,7,6,9,7,6,6,7,5,6,9,6,9,7,5,6,9,5,6,9,8,6,8,6,8,8,6,8,7,6,8,8,7,9
5,9,6,9,6,6,6,7,6,7,8,6,8,5,7,7,7,7,6,8,6,7,9,9,6,9,5,8,9,8,7,5,9,5,7,5,5,5,0,9,5,8,5,5,6,8,6,9,5,6,5,8,5,7,8,8,7,5,7,7,6,6,8,8,7,9,8,7,8,8,6,6,7,8,6
5,5,7,7,5,5,5,9,6,9,9,6,8,5,6,9,9,8,8,7,8,5,7,7,6,9,8,5,7,9,9,6,7,6,7,7,5,8,6,0,7,6,7,6,8,7,7,5,6,6,8,7,7,9,5,7,5,7,9,5,6,6,9,7,7,9,8,9,7,7,8,9,6,7,5
6,6,8,8,9,9,9,6,8,8,6,6,7,6,8,7,5,5,7,9,5,7,5,8,9,9,8,8,8,8,8,6,5,8,8,5,6,9,5,6,0,6,5,5,8,6,8,5,7,8,5,8,9,9,7,5,9,6,5,9,5,5,6,7,5,5,5,6,9,8,7,5,6,5,5
7,9,6,7,7,5,9,6,9,8,9,9,7,7,7,9,9,6,9,9,6,5,7,9,7,5,7,5,9,5,9,7,9,8,9,5,7,9,7,8,6,0,9,6,9,5,5,8,8,7,8,8,9,6,5,9,7,7,7,9,6,8,8,6,8,8,7,9,8,8,6,6,5,8,5
8,6,8,8,8,6,7,8,8,5,7,5,5,8,9,7,8,5,5,5,5,8,7,7,5,8,6,9,5,5,7,8,5,5,7,7,8,9,8,7,9,9,0,9,5,6,8,6,6,8,5,7,5,9,7,5,5,8,5,7,5,5,7,8,7,8,9,9,9,6,7,8,9,7,8
6,5,8,7,6,6,6,9,6,9,7,6,8,7,5,6,8,7,6,8,6,7,5,6,7,6,9,7,9,6,7,8,8,6,6,5,6,6,8,6,8,5,6,0,9,9,7,5,6,9,5,8,5,8,9,6,8,9,7,9,5,6,9,5,9,7,9,7,7,6,5,5,7,8,9
9,5,6,6,6,5,5,8,8,9,8,6,5,9,9,8,5,8,7,8,9,9,5,6,7,5,9,8,5,9,9,6,6,8,9,6,7,8,6,9,9,8,5,6,0,6,5,9,8,7,7,9,6,5,5,9,9,5,9,9,5,5,6,7,9,9,7,5,6,9,7,6,7,7,7
9,6,8,8,5,7,6,6,6,7,9,8,6,6,8,9,6,7,9,5,8,7,5,6,7,9,5,7,8,9,6,6,8,7,5,8,5,6,8,7,9,9,5,5,9,0,6,5,8,8,5,6,8,8,7,8,7,5,7,6,6,6,8,8,6,6,8,9,8,6,9,8,9,8,6
5,9,6,5,7,6,8,6,8,8,8,7,8,6,8,7,8,8,5,7,5,5,6,8,9,6,6,6,7,8,6,6,5,6,7,9,5,5,9,9,8,9,5,9,8,8,0,9,8,5,8,6,5,9,6,6,9,8,8,6,6,9,6,9,9,7,7,7,6,8,9,7,7,9,5
8,5,5,6,5,5,6,8,6,8,7,6,7,8,9,7,5,7,8,7,5,7,9,5,7,6,5,8,9,5,6,8,5,8,7,5,9,6,7,5,5,6,9,6,7,6,9,0,9,6,6,8,9,9,6,5,6,6,5,8,9,9,8,8,6,7,8,5,8,5,9,8,8,9,7
7,8,7,8,7,6,6,6,6,7,6,6,9,8,7,6,9,8,8,8,5,6,8,8,9,9,5,6,8,7,8,9,5,6,8,7,9,7,8,6,7,8,6,5,9,5,9,6,0,5,9,9,9,5,5,6,6,5,9,9,8,6,9,8,8,9,6,6,7,5,5,7,7,5,6
6,7,9,7,8,8,9,8,5,8,8,9,9,9,9,7,6,9,8,9,5,7,9,8,6,7,9,6,6,9,7,7,8,8,9,9,6,7,6,5,8,7,9,5,5,5,7,7,8,0,7,9,7,8,5,6,8,8,6,6,5,8,8,7,6,5,6,5,5,9,5,6,9,8,7
6,7,8,9,7,5,5,7,7,8,5,5,8,7,7,6,5,9,6,5,6,9,5,7,9,9,9,7,8,8,6,5,9,5,9,8,9,8,8,5,5,6,5,8,5,5,7,8,8,7,0,9,6,7,8,6,6,7,5,5,8,6,8,9,9,7,5,5,8,8,8,6,7,6,5
9,5,8,6,7,8,7,6,8,5,8,5,7,6,9,7,6,9,8,5,9,7,7,6,5,5,9,9,5,9,5,7,9,7,8,5,7,5,8,6,6,9,9,8,5,7,8,9,8,5,7,0,7,8,5,5,6,7,7,6,6,8,8,6,9,5,6,5,9,7,8,9,5,5,7
9,5,8,9,5,8,6,5,5,9,7,7,9,9,6,6,8,5,9,6,7,8,7,5,8,9,6,8,7,5,5,6,7,6,6,5,8,8,6,7,5,8,7,6,7,7,7,5,7,5,5,9,0,6,8,9,6,7,8,5,6,7,8,7,9,9,5,5,7,8,6,8,9,9,7
6,8,5,5,8,5,6,5,6,6,5,6,5,8,6,9,7,9,7,9,5,6,5,7,7,6,7,9,7,5,7,5,9,9,7,5,5,6,5,9,9,6,7,6,9,7,9,6,6,8,8,8,7,0,9,6,9,8,7,8,6,8,7,8,5,9,5,6,6,5,6,8,6,9,7
5,8,9,9,8,5,7,5,8,8,6,8,7,5,7,7,7,8,8,9,6,7,8,6,6,9,5,7,5,5,9,7,8,9,9,8,9,8,9,7,8,8,9,9,8,5,7,6,9,8,8,5,7,5,0,6,8,5,7,7,8,5,9,9,7,9,9,9,7,5,8,7,8,9,5
5,7,7,9,8,5,7,8,8,7,6,9,9,8,8,6,8,7,5,5,7,8,8,6,5,9,6,9,5,5,5,9,5,6,9,8,5,5,9,6,6,6,6,6,6,9,9,5,9,9,5,5,8,9,8,0,7,8,5,9,9,9,7,7,8,7,6,9,8,9,9,5,7,7,8
8,5,7,7,5,5,9,5,5,6,9,9,6,6,8,7,9,9,6,5,7,9,8,8,9,9,5,6,6,9,8,8,8,9,5,7,9,6,5,8,9,9,7,6,8,7,5,7,9,7,9,5,6,7,6,9,0,7,9,7,6,5,8,8,5,7,6,6,7,5,5,7,8,9,7
5,7,6,6,9,6,9,7,6,9,5,7,7,5,7,6,5,5,8,8,8,6,5,7,9,7,5,7,7,9,9,6,6,8,7,8,8,5,9,6,7,8,7,9,9,9,9,6,5,9,5,6,9,6,9,9,7,0,8,7,7,5,6,5,6,9,8,6,8,8,8,7,9,5,7
6,9,8,6,7,9,8,9,6,7,8,8,6,9,8,7,6,9,7,7,5,5,7,5,9,5,7,5,8,6,6,6,6,6,9,9,5,5,6,8,8,6,5,7,7,6,7,6,9,5,6,8,6,7,7,6,6,8,0,6,6,6,7,6,9,5,7,6,9,5,8,7,5,8,9
9,9,9,9,7,8,8,6,5,8,5,8,9,8,9,8,7,6,9,9,6,6,9,5,7,5,9,7,6,5,7,6,5,6,8,8,6,6,6,8,8,5,6,8,9,6,8,8,5,7,6,5,6,9,7,7,9,9,7,0,7,8,6,9,5,5,8,8,7,9,6,6,5,5,6
5,6,9,6,5,5,6,6,6,9,9,7,9,6,9,5,8,6,9,8,9,7,6,6,8,5,8,5,8,9,5,5,9,5,8,6,8,8,9,6,5,7,9,9,5,7,9,7,8,9,7,5,6,6,6,8,5,7,8,9,0,7,5,7,7,9,9,7,9,8,7,7,5,7,7
8,6,7,6,6,5,6,6,7,9,7,5,8,7,8,9,6,6,9,9,9,9,5,7,5,5,5,5,9,5,6,6,7,8,8,5,6,8,5,8,8,5,8,8,5,9,5,9,5,8,6,6,5,7,7,8,6,5,5,5,9,0,6,6,6,7,5,7,9,9,8,7,7,5,6
6,9,6,6,7,6,9,5,9,5,9,5,5,9,6,9,9,5,8,5,8,6,9,6,5,9,6,6,5,7,6,8,6,9,6,8,7,9,8,9,6,8,7,6,7,6,5,7,8,9,9,7,9,5,7,9,5,5,6,7,9,8,0,5,7,9,5,9,6,8,8,7,9,7,9
8,9,9,7,8,8,8,8,7,5,8,8,9,6,6,6,8,6,8,5,9,7,8,5,7,7,7,9,9,5,7,9,9,9,6,8,5,7,6,7,9,6,5,5,8,5,5,8,9,6,9,5,6,6,9,6,6,9,5,6,6,9,9,0,7,7,9,9,9,5,8,6,6,5,5
6,8,6,8,6,6,6,9,9,8,5,6,7,8,9,9,6,6,6,5,6,9,6,8,7,9,6,5,8,6,5,8,5,6,5,6,5,8,8,9,9,7,9,6,6,6,7,5,5,5,6,5,9,9,9,6,6,8,5,6,5,5,5,8,0,7,6,6,6,7,8,9,8,7,7
5,9,9,5,6,6,7,5,5,7,5,9,9,6,6,8,5,6,7,6,8,8,6,6,8,9,5,6,8,6,6,7,7,6,8,5,7,5,6,9,9,9,5,8,7,8,7,5,9,9,7,7,6,6,8,7,7,7,7,6,5,6,7,8,6,0,7,7,7,7,5,6,5,5,8
7,8,8,7,8,9,7,5,6,8,9,8,6,5,7,6,7,9,7,5,8,7,7,6,6,5,5,5,7,8,8,7,7,7,9,5,8,5,9,7,9,5,5,8,9,7,6,6,9,5,8,6,7,9,9,9,6,6,6,8,9,7,7,7,9,6,0,6,8,6,7,7,7,5,9
6,7,7,8,7,8,8,9,5,7,5,6,9,7,8,9,8,6,8,5,8,6,8,7,9,7,5,7,9,7,7,5,6,7,8,7,6,7,9,7,5,5,7,5,6,7,6,9,5,6,8,5,8,9,6,9,9,5,9,9,7,5,9,8,9,5,5,0,7,8,6,8,6,7,6
5,8,9,8,5,6,5,6,7,8,8,6,6,6,6,9,7,6,8,5,9,9,6,9,5,6,7,9,6,9,8,7,8,7,9,8,9,6,9,8,8,6,8,5,9,7,8,8,5,8,8,6,8,6,6,5,6,5,7,9,8,6,9,8,9,6,7,8,0,7,8,9,6,7,9
7,8,6,5,9,8,7,9,9,7,5,7,8,7,6,9,6,8,8,9,9,6,6,9,6,8,9,9,5,7,8,6,8,8,9,8,8,6,6,9,6,9,7,7,7,7,7,5,7,8,7,6,7,7,5,5,6,7,9,6,8,8,8,7,8,8,8,5,8,0,7,5,9,7,9
8,5,9,9,6,8,5,9,7,7,9,7,8,5,8,8,7,6,7,5,5,8,5,5,8,8,9,7,7,9,8,7,8,8,9,9,5,6,5,5,5,9,5,6,7,6,5,7,6,9,5,8,7,7,8,9,9,9,6,7,9,8,7,7,9,7,8,5,6,8,0,7,5,6,6
5,6,7,9,7,7,8,7,5,7,8,9,9,6,9,9,5,5,5,7,6,6,6,8,6,9,7,9,6,8,7,5,6,6,7,7,7,5,6,8,8,7,8,5,8,9,7,7,6,6,8,6,9,9,9,8,9,9,7,8,5,9,5,6,9,8,8,8,9,6,7,0,9,8,7
8,9,7,6,9,7,6,9,8,9,5,5,5,7,6,8,8,7,7,8,8,9,6,6,5,5,6,9,8,9,8,8,7,7,5,5,6,7,5,5,6,5,5,5,6,9,7,5,7,5,8,9,7,5,8,8,8,6,6,8,6,7,6,9,6,6,7,8,7,5,7,5,0,7,7
7,8,8,5,9,5,7,5,7,7,5,8,6,7,8,6,7,9,6,6,8,9,8,6,9,5,7,9,8,6,8,8,7,9,7,5,9,7,6,5,6,5,9,9,9,7,5,9,9,5,8,7,9,6,8,7,9,7,5,9,8,7,7,6,8,6,6,6,9,8,6,9,8,0,5
5,7,9,9,6,7,9,7,5,7,7,6,9,5,5,9,6,7,7,6,7,8,8,8,5,8,5,9,9,5,8,8,8,8,6,5,8,9,6,8,5,5,7,9,8,7,6,6,5,5,7,9,7,7,7,6,9,6,8,8,7,5,7,9,9,8,7,5,9,5,6,6,5,9,0
