R=75
Pi=(23,28,26,20,23,26,20,29,28,28,24,29,24,21,28,24,28,23,28,20,27,25,21,24,23,20,29,20,24,27,27,22,21,21,20,20,28,21,25,29,28,26,21,20,25,29,27,25,28,21,22,28,27,29,25,28,26,21,26,23,27,20,24,21,20,21,28,22,20,28,25,26,27,29,21)
A=
1,2,0
2,3,0
3,4,0
4,5,0
5,7,0
7,9,0
10,11,59
11,12,0
12,13,42
13,14,0
14,15,57
15,17,0
18,19,40
19,20,0
20,21,0
23,24,0
24,25,57
25,26,40
26,28,48
30,31,45
31,32,44
32,33,55
34,35,53
35,36,40
38,39,0
42,45,0
45,50,54
51,52,0
54,55,48
55,56,53
61,62,43
62,63,54
63,64,0
64,65,0
66,67,0
69,71,55
70,72,50
Sij=
0,8,6,7,5,8,8,6,6,6,6,9,7,8,5,6,5,9,5,6,5,6,7,5,7,9,5,7,8,7,7,8,8,8,7,7,7,6,7,8,8,7,5,9,7,9,7,9,9,8,6,8,5,6,6,5,5,6,9,6,8,6,8,8,8,8,6,9,6,7,9,9,7,6,7
7,0,6,7,7,7,6,6,7,5,5,9,7,6,6,6,6,5,6,6,5,6,9,6,6,9,8,8,8,7,9,7,6,9,8,9,9,8,9,7,5,6,9,7,8,8,6,9,8,9,5,8,7,5,5,6,8,5,6,8,8,8,8,9,6,7,8,7,8,6,7,8,6,9,6
9,7,0,7,8,7,7,9,9,8,6,5,5,5,9,7,6,8,7,5,8,7,7,9,5,5,5,8,6,6,6,7,6,7,9,5,9,6,7,8,5,8,8,9,8,5,7,7,8,5,5,8,5,5,6,8,6,7,6,7,7,9,8,8,6,9,8,7,5,8,8,9,6,9,5
9,8,7,0,6,5,7,7,9,5,5,8,6,6,6,5,9,6,9,9,5,6,9,5,8,9,6,5,6,5,7,5,7,6,5,6,5,8,5,5,5,9,9,8,7,8,7,7,6,5,8,6,5,6,8,9,9,8,9,7,8,7,6,9,7,9,5,5,6,9,5,5,5,9,9
6,6,6,7,0,9,6,9,8,6,6,6,5,5,8,5,6,7,8,8,7,7,8,5,5,7,7,6,6,6,9,8,5,5,7,6,7,8,5,5,5,9,8,9,8,6,8,5,6,5,8,8,6,7,6,6,8,5,5,5,6,5,7,7,7,8,5,5,8,6,7,7,6,8,7
8,9,8,7,8,0,9,7,9,6,8,6,6,8,9,5,8,6,7,5,8,5,6,6,7,9,6,8,7,5,7,5,6,7,9,8,7,9,8,6,6,9,5,6,8,5,6,7,6,7,8,5,5,6,5,7,6,7,6,7,7,5,5,9,8,8,9,8,8,5,8,8,8,6,9
8,9,9,8,6,7,0,8,7,9,6,6,9,5,7,7,6,9,8,6,9,5,9,5,8,9,6,8,9,5,9,5,7,9,7,6,7,7,9,9,9,9,7,5,8,7,8,9,6,6,8,8,9,6,7,8,9,9,6,8,5,9,9,7,5,6,8,5,8,5,9,9,9,9,6
9,8,8,7,5,5,7,0,7,7,7,6,5,6,7,8,7,8,6,6,9,5,9,5,5,7,9,7,5,6,6,9,8,5,9,7,5,5,6,5,7,7,7,6,9,9,5,7,8,9,7,6,7,8,9,6,9,7,8,5,6,7,6,5,5,7,7,5,6,9,8,6,6,6,8
6,8,8,5,6,6,6,9,0,6,8,5,6,5,5,7,7,7,7,6,8,9,5,6,5,7,6,9,5,9,5,6,5,6,9,8,8,6,6,6,8,9,8,9,7,5,5,6,5,8,7,6,8,9,7,8,5,6,7,8,9,7,6,5,6,6,9,5,5,7,9,5,5,5,8
8,6,6,8,9,6,5,9,7,0,6,9,7,5,9,5,7,6,9,8,7,5,8,8,8,5,5,5,5,7,9,6,5,8,5,8,7,9,8,7,6,9,7,8,8,6,9,8,6,5,5,7,6,7,8,7,5,7,7,7,9,6,9,6,8,5,9,9,5,5,8,7,8,6,6
7,8,5,5,6,6,6,8,5,7,0,6,9,8,9,7,8,9,6,5,8,5,5,5,5,7,7,9,8,5,6,7,9,9,5,5,9,9,7,6,5,7,7,8,9,6,6,5,5,7,7,8,5,7,8,6,7,8,9,7,8,7,8,8,8,5,6,9,7,8,8,8,6,5,5
6,8,6,6,8,5,6,9,6,7,8,0,6,7,6,9,8,5,5,9,7,8,8,8,9,8,9,6,8,6,8,9,7,5,7,7,8,5,7,5,7,6,7,7,5,5,8,9,8,8,5,7,7,6,8,6,7,9,7,7,8,8,8,8,7,8,6,6,9,8,6,7,8,9,7
5,5,6,8,9,5,5,8,9,5,5,6,0,5,6,5,9,8,8,9,7,8,8,9,9,7,9,7,9,9,7,7,9,8,8,7,5,5,5,8,7,8,5,9,7,6,7,5,9,9,8,7,9,8,7,9,7,5,6,5,9,8,5,8,7,8,6,7,6,9,9,8,7,5,7
8,7,9,7,8,5,8,7,5,5,9,7,5,0,6,9,5,9,9,5,8,8,8,6,6,8,9,9,9,5,9,9,9,9,5,8,6,8,8,8,5,5,5,5,7,8,5,6,6,6,9,9,9,7,6,8,5,6,7,8,8,5,8,7,5,5,9,8,9,7,7,6,6,5,9
7,8,7,8,8,8,8,7,7,6,9,5,6,7,0,6,8,5,5,9,5,9,6,8,9,6,8,6,7,9,9,7,8,9,8,8,5,7,7,9,5,9,8,6,5,6,5,7,5,7,8,7,6,7,9,9,6,5,8,6,5,6,6,8,8,9,6,5,8,9,6,5,8,6,8
5,6,5,7,8,6,5,6,9,5,7,5,5,9,8,0,7,5,9,5,8,9,8,5,7,6,9,5,9,6,6,8,8,9,9,9,8,5,7,5,5,5,5,6,7,6,8,5,6,9,6,5,6,7,7,8,6,6,8,5,8,6,5,9,8,7,8,6,6,5,5,6,7,8,9
8,9,6,7,5,8,8,9,5,5,5,6,5,7,5,7,0,7,7,7,7,9,9,5,8,5,8,7,9,6,8,9,7,8,8,8,9,9,8,7,6,9,7,5,9,7,6,7,8,6,7,8,9,5,6,5,9,8,8,7,7,6,9,7,6,5,7,8,7,8,6,7,8,9,5
7,7,8,6,5,9,5,8,8,8,5,5,7,6,7,9,5,0,6,6,9,5,9,9,9,9,5,8,9,5,9,9,5,9,5,8,8,5,7,7,7,6,8,6,9,6,5,5,6,5,9,6,6,6,5,5,8,8,9,7,5,6,6,7,8,9,9,5,7,7,9,9,7,8,8
7,6,7,9,8,8,5,6,9,6,8,7,8,9,5,5,5,5,0,5,7,6,5,5,8,9,6,9,7,9,5,9,8,7,8,7,8,5,8,6,8,9,9,6,6,5,6,6,6,7,6,9,8,7,5,6,6,6,9,5,6,8,7,7,8,6,9,5,9,6,6,5,7,9,6
8,7,8,9,7,8,9,8,5,7,6,6,5,6,6,5,7,5,7,0,5,9,7,7,8,5,5,6,6,9,5,6,7,9,6,7,9,8,7,7,6,6,5,6,9,6,9,8,8,7,5,9,5,9,9,6,6,9,5,8,7,6,8,9,5,6,9,7,9,8,7,7,9,7,6
8,9,5,7,6,5,6,8,8,8,5,5,7,5,9,6,5,7,8,9,0,9,8,5,6,8,6,7,9,9,5,8,9,7,7,5,7,5,6,8,8,5,8,9,5,9,5,6,7,5,7,7,9,6,7,6,9,8,8,8,5,8,7,8,8,5,5,7,9,9,7,5,8,9,9
9,5,9,5,7,8,9,9,9,7,8,8,8,9,6,6,8,7,8,8,5,0,8,5,6,5,8,7,6,8,7,6,8,5,6,8,5,5,8,5,5,5,8,7,6,9,6,7,8,8,8,8,8,5,6,9,5,5,8,9,8,5,8,6,6,6,9,8,6,5,5,5,9,6,7
7,6,6,8,6,8,6,9,8,9,9,8,8,8,6,8,5,6,9,7,5,7,0,6,6,5,9,8,5,7,7,7,8,6,7,8,8,9,6,6,6,7,5,9,6,6,8,6,9,5,7,5,8,5,9,6,5,9,5,8,7,5,5,7,5,7,6,6,6,9,8,8,8,5,7
5,9,7,5,9,6,8,8,5,9,7,8,7,7,6,7,8,9,7,8,5,6,8,0,9,9,5,6,5,9,7,9,6,8,7,9,6,8,9,5,7,9,6,5,7,7,8,8,9,5,7,9,8,6,7,7,8,6,7,5,8,5,8,8,7,9,5,5,9,7,9,9,8,8,5
8,9,5,5,6,5,6,6,5,7,7,5,5,6,5,5,5,5,9,7,6,6,8,7,0,7,6,8,9,6,5,7,5,5,5,8,7,8,5,6,9,6,8,7,5,5,9,5,9,8,7,8,8,9,6,8,7,6,7,7,9,7,7,5,9,9,6,5,5,7,8,6,5,9,9
5,8,8,7,7,8,6,8,5,8,7,9,6,8,6,5,6,6,7,6,7,9,8,8,6,0,9,9,9,6,5,6,7,9,5,5,5,8,9,5,9,7,8,7,6,6,5,5,6,8,6,6,5,7,7,6,6,5,9,5,8,9,6,7,5,7,9,9,5,8,5,7,7,6,8
8,8,7,6,7,5,9,8,6,9,9,5,5,6,8,9,5,8,8,7,9,5,6,7,8,6,0,5,9,8,7,9,9,9,9,9,8,9,8,7,5,8,6,5,7,5,6,9,8,6,8,5,8,9,9,8,7,7,5,7,5,9,9,9,8,9,9,6,5,7,5,5,6,5,7
8,8,5,8,6,7,7,7,7,9,7,5,5,5,5,6,6,9,5,7,5,9,6,7,7,6,9,0,9,5,6,8,8,7,6,5,5,7,8,9,5,8,7,6,5,6,8,9,6,9,6,9,5,5,8,7,8,6,7,6,9,7,7,7,6,5,8,7,8,9,5,8,7,5,5
9,8,7,5,5,8,6,8,9,9,6,7,8,9,8,6,8,9,7,9,7,5,9,5,9,8,5,5,0,7,9,7,6,5,5,8,9,6,5,6,7,8,9,8,7,9,7,9,8,5,7,6,9,5,6,7,9,8,6,5,7,7,5,5,9,7,5,7,8,5,9,5,7,7,5
5,8,6,7,5,7,8,7,5,5,7,7,6,9,7,9,5,9,9,9,9,7,8,8,5,9,5,6,7,0,5,6,8,6,5,5,8,7,6,6,8,9,5,5,9,7,9,8,7,5,5,8,5,7,8,5,8,9,7,6,5,6,6,5,9,8,9,6,5,9,8,7,9,8,6
5,8,7,8,6,5,5,7,6,6,7,6,5,7,9,7,9,9,9,5,6,7,5,5,6,7,7,8,8,6,0,8,8,6,6,8,7,5,5,6,5,9,9,5,8,7,7,8,8,6,7,9,7,5,8,9,7,8,6,7,8,7,7,9,9,8,8,9,9,8,7,6,8,8,8
5,7,7,7,8,8,9,8,7,6,6,5,8,8,7,5,8,8,7,7,7,7,5,5,9,8,8,9,5,8,5,0,6,9,6,7,6,5,6,8,9,9,8,5,7,8,7,9,5,6,7,9,7,5,5,5,7,7,6,7,9,5,5,8,8,5,5,6,7,5,5,5,6,5,8
8,8,6,7,7,7,9,7,7,7,9,8,5,8,5,5,9,8,9,8,8,8,5,6,7,7,6,7,5,6,7,7,0,6,6,7,6,5,5,9,9,5,8,7,6,8,6,5,8,6,5,5,6,7,7,5,9,8,5,9,9,6,6,7,5,9,7,6,8,5,9,9,8,9,9
7,5,6,8,8,5,7,8,6,9,5,6,5,8,6,7,7,5,6,9,8,9,6,7,7,6,9,6,7,7,6,7,7,0,7,5,5,8,5,6,8,7,8,5,7,5,8,7,8,7,7,6,8,7,9,5,8,8,8,5,6,5,5,5,8,8,8,8,7,8,6,9,7,9,7
6,5,8,8,7,8,8,6,9,9,5,8,9,7,6,7,6,9,9,5,7,7,7,6,9,6,9,9,9,5,8,9,9,5,0,7,5,9,9,6,7,7,8,6,6,8,9,9,6,5,5,5,9,7,8,9,9,8,6,9,5,9,8,7,8,5,6,9,8,9,6,7,6,7,7
7,8,5,5,8,9,7,7,9,8,5,8,7,5,5,8,6,7,5,6,7,8,6,7,6,7,5,5,7,9,8,8,7,9,6,0,6,8,8,8,5,8,6,9,8,7,7,8,8,8,6,9,5,6,6,9,8,7,8,9,6,8,6,5,9,5,7,6,7,8,9,9,8,9,9
8,6,9,8,5,9,8,6,6,5,5,7,7,5,9,8,8,5,9,7,7,6,5,5,7,5,5,6,5,9,6,5,5,6,8,8,0,9,9,7,9,7,6,9,5,9,7,9,5,7,5,5,8,9,7,7,6,5,8,5,9,8,6,6,7,9,9,7,5,7,6,9,9,7,9
9,5,6,5,6,5,5,9,8,5,8,7,5,8,9,6,8,5,8,8,6,6,9,7,5,9,5,9,8,6,6,5,5,5,7,6,9,0,5,7,5,8,8,7,6,9,6,9,8,6,5,7,8,5,9,8,8,5,9,9,6,9,6,6,7,9,7,7,5,5,7,7,7,7,8
9,7,8,8,7,9,5,6,8,8,8,7,5,6,7,9,5,5,5,6,5,7,7,5,7,6,9,9,7,8,8,5,6,6,9,5,9,7,0,6,9,6,7,8,7,8,6,7,5,7,5,7,6,7,6,8,7,9,7,6,6,5,5,9,9,9,8,6,8,7,6,5,8,8,6
9,8,9,9,6,5,8,8,6,7,6,6,8,9,8,6,6,6,6,5,8,5,8,8,7,5,5,9,8,5,5,8,8,6,7,5,8,9,6,0,5,7,7,9,6,8,8,5,6,9,5,5,8,6,8,7,8,9,5,7,6,9,9,5,5,6,7,8,6,7,8,8,6,5,5
7,6,6,6,9,9,9,9,9,7,5,7,7,9,8,8,5,7,7,9,5,7,6,8,5,6,9,8,8,6,7,8,8,5,5,5,7,8,6,7,0,7,5,5,8,5,9,5,9,8,9,7,5,9,6,9,9,5,7,5,8,9,6,5,7,9,6,8,6,8,8,6,7,6,5
7,5,7,8,8,6,6,5,5,9,8,6,9,6,6,6,9,9,7,8,7,6,9,8,8,8,5,8,5,9,7,5,9,9,9,9,7,7,8,9,6,0,9,5,5,8,7,7,7,5,7,8,7,5,7,7,5,5,8,9,5,5,7,5,5,7,8,7,5,7,6,8,7,5,7
6,8,5,9,9,5,6,8,8,8,5,5,5,6,6,8,8,8,7,8,8,9,8,9,8,5,5,6,9,8,8,6,6,7,6,8,5,6,9,8,9,7,0,8,7,5,6,8,5,8,9,8,9,9,7,8,6,9,5,6,9,5,9,8,5,9,9,8,7,5,8,7,7,9,8
8,6,6,6,9,6,6,9,8,5,9,9,7,9,8,9,8,9,5,9,8,5,8,7,7,6,7,5,5,5,6,6,5,5,8,7,5,8,6,9,7,5,6,0,8,5,5,6,9,8,5,9,8,6,9,5,8,7,8,9,8,8,5,9,7,8,8,9,6,5,6,9,5,8,5
7,8,9,5,6,7,9,8,7,9,5,8,9,5,5,9,9,7,9,8,6,6,6,8,5,7,6,5,8,7,6,8,5,6,7,6,9,7,6,6,8,5,8,9,0,6,5,9,8,6,5,6,7,6,9,9,5,7,5,5,9,6,9,9,5,7,7,8,8,7,8,5,7,5,7
9,6,8,6,6,9,7,7,8,7,5,9,7,5,6,6,9,8,7,6,5,9,5,8,6,9,7,6,5,7,5,9,6,8,5,8,7,6,9,5,6,9,5,6,5,0,8,9,8,6,5,9,6,9,8,7,5,5,9,9,6,7,6,6,6,7,5,8,8,5,8,9,8,9,7
9,5,9,9,8,8,5,9,9,5,8,8,5,7,6,9,8,7,6,7,8,5,8,8,8,9,5,5,8,8,6,6,7,7,9,6,6,5,6,5,6,8,6,6,8,8,0,9,5,7,5,9,7,6,6,9,9,7,5,5,8,8,9,6,6,8,7,6,8,8,9,8,7,5,5
5,5,8,6,5,5,9,9,8,7,8,9,9,5,8,9,9,6,5,8,7,7,6,5,7,6,7,6,7,8,6,7,6,5,6,9,5,5,9,5,8,8,5,8,8,9,7,0,5,9,8,5,7,7,7,8,8,8,8,9,9,7,8,7,5,6,6,7,8,9,9,8,8,6,5
5,9,6,8,7,7,8,7,6,8,8,9,9,8,7,7,5,7,6,5,7,5,6,5,7,6,6,9,5,5,9,6,6,7,7,9,6,9,6,6,5,5,6,8,7,7,6,9,0,6,6,8,6,6,5,7,9,8,5,6,5,5,9,6,5,9,6,7,7,6,8,6,6,6,5
9,7,8,7,8,5,5,7,8,9,7,7,9,5,9,7,6,5,8,5,5,6,8,5,9,5,9,9,7,7,5,7,5,6,5,5,6,5,7,6,5,8,6,7,8,6,6,7,7,0,8,7,5,7,5,9,8,8,8,8,8,5,5,5,5,8,5,7,8,9,9,6,5,8,7
9,7,5,6,7,7,8,6,6,8,5,9,9,9,7,7,6,8,7,9,5,9,8,5,8,7,8,8,7,7,7,6,7,5,6,7,8,7,5,5,9,8,9,6,5,9,6,8,5,7,0,8,8,8,9,7,5,9,9,7,9,9,5,8,9,6,8,7,9,8,9,8,9,7,6
5,6,5,6,5,9,6,9,7,5,9,9,8,8,8,6,8,9,5,5,6,9,5,9,9,6,7,7,5,5,8,9,5,7,8,5,9,7,8,7,8,9,7,8,9,7,5,8,6,7,6,0,9,8,6,5,6,6,5,6,8,7,8,8,6,7,5,8,5,9,7,6,5,5,7
6,6,6,6,5,7,6,8,6,8,8,8,5,9,7,7,9,8,5,5,5,9,5,5,5,9,8,9,9,8,5,6,9,6,9,8,9,9,5,9,7,9,7,5,8,9,9,8,8,6,7,8,0,5,5,6,6,6,6,6,5,8,6,9,7,8,7,9,8,9,8,8,5,7,6
7,6,7,5,7,6,9,5,5,7,6,7,5,8,9,7,7,7,7,9,5,5,5,5,6,5,5,6,8,9,7,7,5,8,7,5,9,5,9,5,5,8,5,6,5,6,6,5,8,7,6,5,7,0,8,5,6,5,6,9,7,5,8,6,6,9,9,7,7,6,8,7,6,8,7
9,6,9,8,9,5,8,5,7,6,8,7,9,7,7,5,5,8,6,7,9,6,7,9,6,6,9,9,8,5,9,5,7,9,8,9,6,6,6,8,8,5,6,9,8,7,9,5,9,5,8,9,5,6,0,8,7,8,5,7,8,6,8,6,6,7,8,5,9,8,8,8,8,6,7
8,8,9,8,6,9,6,8,5,8,6,9,9,5,6,6,5,6,9,7,7,9,9,9,6,9,7,9,6,5,6,5,8,7,8,9,7,5,8,8,7,7,8,7,5,8,8,9,8,7,7,7,8,8,5,0,8,9,5,6,6,6,6,7,5,7,6,6,7,7,7,8,5,8,6
5,9,6,6,9,8,6,7,6,9,7,9,6,9,6,9,9,7,9,6,6,5,5,8,5,9,6,6,7,5,8,7,8,7,8,5,7,7,5,7,5,8,5,7,7,8,9,7,5,7,7,6,6,6,9,9,0,9,8,6,5,7,5,9,5,6,9,5,9,5,5,6,7,7,6
6,7,5,7,5,7,9,9,5,9,7,7,6,6,8,8,6,9,5,5,5,9,9,9,6,7,7,5,6,9,5,5,9,9,5,6,9,7,7,9,5,7,9,9,7,8,7,8,5,7,9,7,6,6,5,6,8,0,5,5,7,9,9,8,6,9,7,8,6,6,6,8,9,6,6
9,8,5,9,6,8,9,8,9,9,5,7,9,7,9,8,8,9,6,5,5,6,9,8,5,5,5,5,7,9,8,9,6,5,7,7,6,9,8,7,8,5,9,8,6,6,7,6,7,7,8,9,8,6,6,8,8,6,0,8,6,7,8,6,5,5,5,6,9,9,6,7,8,5,8
7,9,6,5,7,9,7,9,8,9,6,8,6,5,9,9,9,9,5,6,5,9,8,9,8,5,9,8,6,5,5,9,8,9,9,6,6,7,9,8,8,8,5,7,8,6,8,5,5,5,7,7,8,8,8,7,5,6,7,0,6,9,8,8,7,8,6,5,7,6,7,7,6,5,6
8,6,8,5,5,6,7,9,8,5,8,8,6,9,5,6,5,9,9,7,9,9,5,7,9,7,6,6,8,7,8,6,6,6,5,6,9,5,6,6,9,5,5,7,9,5,5,5,6,5,7,7,6,7,7,8,6,5,6,8,0,5,6,5,6,6,6,6,5,8,9,6,5,8,8
8,8,9,7,8,8,7,5,9,8,5,6,9,9,8,7,9,8,8,7,5,8,9,9,5,7,8,9,7,7,8,6,8,8,9,8,8,9,7,8,6,9,6,7,5,5,7,7,6,6,9,8,7,6,7,5,9,5,6,5,5,0,7,8,7,9,8,7,5,9,9,8,5,6,5
6,5,6,7,8,5,9,5,7,5,8,5,9,7,5,8,9,8,8,6,7,9,6,9,7,7,7,6,7,7,7,8,6,7,9,6,9,6,7,5,6,9,9,7,8,8,9,5,5,5,9,5,7,5,7,7,9,6,9,5,7,7,0,7,5,8,9,9,7,7,8,9,8,6,7
5,8,9,9,6,9,8,7,6,7,7,7,6,6,9,7,7,7,7,6,8,8,6,8,8,9,9,6,7,6,5,6,8,9,9,9,7,9,5,5,7,5,6,5,8,5,7,7,7,9,6,7,6,9,9,7,6,6,6,6,9,6,9,0,5,6,6,8,7,6,5,5,8,7,6
8,7,6,5,5,8,6,6,9,7,5,8,5,8,5,7,7,5,7,8,5,6,5,6,9,6,6,5,6,6,9,7,5,9,6,6,5,6,5,8,5,7,6,6,9,8,5,5,6,8,8,9,5,8,5,7,7,5,6,8,6,5,5,7,0,8,7,7,5,7,9,7,6,9,9
8,8,9,8,6,6,5,6,9,7,8,9,6,7,8,8,8,9,9,7,6,9,6,9,7,6,5,5,7,7,6,6,5,5,9,7,8,8,8,5,7,9,6,8,8,9,6,5,6,9,5,7,6,7,8,9,6,5,5,9,5,5,9,6,6,0,7,9,6,7,6,5,9,6,9
9,7,7,8,5,8,5,9,8,8,6,8,9,7,7,5,5,7,8,8,9,7,5,5,6,6,5,9,8,5,8,5,6,7,8,5,6,7,5,7,9,5,6,6,9,7,7,6,8,6,5,7,6,7,9,6,7,7,7,8,7,5,6,8,9,6,0,6,7,8,6,9,8,7,5
9,9,5,9,5,8,8,8,6,6,5,5,9,9,8,6,8,8,5,6,9,8,9,8,6,8,6,5,8,6,7,7,5,5,7,5,6,7,7,8,5,8,9,5,7,8,6,7,9,7,8,5,7,6,6,6,5,6,7,6,7,8,5,9,9,7,5,0,9,7,7,5,6,6,7
6,5,8,9,5,7,7,8,6,5,8,6,9,9,9,5,5,5,9,6,5,6,8,9,5,5,8,7,9,6,7,7,9,5,5,5,7,5,5,9,9,8,7,9,6,7,8,6,5,6,7,5,6,5,6,9,7,9,8,5,9,9,9,5,8,6,7,9,0,9,8,7,9,9,9
7,6,9,8,7,8,6,6,7,7,8,6,5,9,8,5,8,8,7,9,5,9,9,7,5,5,9,9,7,6,9,8,5,6,8,9,5,8,6,9,9,8,7,6,6,6,5,8,6,8,9,8,6,9,9,7,7,7,7,7,9,7,9,5,8,5,6,9,5,0,8,9,9,7,8
5,7,6,8,5,8,9,5,8,8,6,5,6,5,6,5,7,8,5,8,5,7,8,6,7,6,5,5,7,7,8,5,6,8,9,7,5,9,6,8,7,8,9,5,8,7,8,5,8,5,6,6,8,8,7,8,8,5,5,8,8,9,8,5,9,6,8,8,5,8,0,9,7,6,7
6,7,7,7,8,5,8,9,7,7,6,7,6,8,5,6,9,5,9,8,5,8,5,8,6,7,9,9,9,9,5,8,9,6,6,5,5,5,7,5,9,8,6,5,9,7,5,9,8,9,9,9,8,8,6,7,7,8,6,5,5,9,9,8,6,8,7,9,6,5,6,0,8,8,9
8,6,7,9,9,9,6,9,6,5,9,6,9,6,9,9,8,6,9,6,9,5,8,8,8,5,9,5,7,8,8,6,5,9,9,5,5,7,9,7,9,5,8,9,9,5,8,5,5,7,7,9,9,7,9,7,7,9,5,8,9,6,6,7,7,7,5,5,6,9,8,5,0,7,6
7,8,7,9,8,8,7,8,9,5,6,8,7,8,9,7,7,6,7,5,7,7,8,5,7,6,5,8,9,6,8,6,7,7,9,5,5,8,5,7,6,6,6,6,6,8,5,6,5,9,6,7,8,6,9,9,9,7,6,7,7,9,9,8,6,9,6,9,8,8,7,8,6,0,9
8,6,5,7,8,8,5,8,7,9,9,5,8,5,8,9,6,7,6,7,9,7,6,8,5,7,7,6,7,7,7,8,6,8,7,8,9,7,9,7,6,9,6,9,9,5,5,5,6,9,7,9,7,8,9,6,9,7,7,5,6,9,5,5,7,6,9,9,7,9,5,8,8,8,0
