R=75
Pi=(28,29,25,24,20,20,26,24,24,27,22,25,23,25,27,25,25,24,27,28,23,28,26,24,20,20,23,21,26,23,26,25,29,20,20,29,23,21,20,22,25,28,24,27,20,23,26,25,25,27,28,25,25,23,29,29,23,21,23,29,26,25,27,21,20,27,26,22,25,28,21,24,24,25,22)
A=
1,2,20
2,3,0
3,4,0
5,7,0
8,9,38
9,10,0
12,13,28
13,14,0
15,16,34
16,17,0
17,19,33
20,21,0
21,22,0
24,26,28
28,29,22
29,30,33
30,31,23
32,33,0
33,34,20
35,36,0
36,37,0
37,38,0
39,41,34
40,42,35
42,44,0
44,46,29
45,47,0
47,49,36
48,50,0
49,51,38
50,52,38
57,59,0
59,61,0
60,62,0
61,63,20
64,66,32
72,74,38
Sij=
0,5,9,7,7,8,6,8,7,9,5,7,5,8,8,7,6,9,5,5,7,8,5,7,9,5,6,9,9,8,7,9,6,7,8,6,5,5,7,5,8,6,9,7,5,6,6,8,8,8,9,6,7,6,5,6,5,6,8,6,6,7,8,8,6,5,5,8,9,6,6,6,7,9,7
6,0,8,7,6,7,8,8,6,6,9,6,7,9,6,7,5,8,6,5,8,6,8,6,6,5,5,8,8,6,6,8,9,8,9,9,7,8,9,5,8,8,6,7,9,5,8,5,7,7,6,8,9,6,5,6,8,7,6,6,7,5,5,9,9,5,6,8,5,7,5,7,8,6,7
5,9,0,6,6,5,7,9,6,5,5,8,8,8,7,7,6,5,7,7,8,7,7,6,7,8,8,9,5,5,7,8,9,7,8,9,6,7,5,5,9,7,9,9,9,5,7,8,5,7,5,9,5,5,7,5,8,8,8,8,7,7,9,5,8,7,8,5,9,7,6,9,9,6,8
5,8,7,0,6,6,6,5,8,8,9,7,7,8,5,8,6,7,8,7,8,6,8,8,6,7,7,6,8,8,6,6,5,8,7,7,6,5,6,6,6,6,9,5,6,5,9,5,5,5,6,8,5,7,8,6,7,9,5,9,9,5,6,5,6,7,7,8,6,7,6,5,6,6,5
6,7,7,6,0,6,7,6,5,8,6,7,5,7,5,5,5,7,9,7,7,6,5,8,8,9,8,5,9,8,8,5,7,9,6,7,9,9,7,9,6,7,5,8,8,9,6,9,8,5,7,9,6,8,9,9,6,8,8,7,7,6,7,7,9,6,9,6,6,7,5,5,9,5,5
9,6,6,5,9,0,7,8,7,8,5,9,9,8,9,7,6,6,5,5,6,9,5,7,9,7,9,9,8,5,9,7,5,5,8,9,8,9,8,9,5,9,9,8,6,5,7,6,6,9,6,9,9,8,8,6,8,8,7,7,9,7,9,7,9,8,8,8,5,5,8,6,7,6,5
7,5,7,5,9,9,0,8,8,9,8,9,7,6,7,6,6,5,6,5,9,7,9,7,9,8,6,9,5,6,5,9,7,7,8,5,6,6,7,8,8,6,9,5,8,9,5,6,5,8,8,8,5,7,7,7,7,7,7,7,7,5,7,6,8,8,7,9,8,6,5,9,7,7,7
7,8,9,8,5,8,9,0,8,6,8,7,9,9,5,6,7,8,8,5,5,7,9,7,6,9,6,6,8,8,8,8,5,7,9,5,9,8,8,7,8,7,7,5,8,6,9,7,9,7,9,7,6,6,7,9,8,5,8,9,8,7,6,9,8,9,6,6,5,5,7,9,9,5,6
8,5,8,9,9,5,8,6,0,6,9,6,7,9,5,9,6,8,5,9,8,6,6,7,7,9,5,7,7,9,5,9,7,5,5,9,9,9,5,8,9,5,5,5,5,7,7,7,6,5,8,8,8,9,7,9,6,7,6,5,8,7,6,7,6,9,8,6,8,6,5,7,7,7,5
8,6,5,6,9,7,8,5,7,0,5,6,6,8,8,5,7,6,8,5,9,6,9,7,9,6,9,5,8,5,9,6,5,6,8,8,8,5,6,6,8,5,6,8,6,9,8,5,8,8,9,8,8,7,7,9,9,8,6,5,5,6,5,5,7,9,6,9,9,9,6,6,5,6,6
9,9,5,5,9,7,9,7,9,6,0,6,7,8,9,9,9,9,9,5,5,6,9,6,5,7,8,8,5,8,6,7,7,6,5,7,9,8,8,7,7,6,9,5,9,6,7,7,5,9,5,7,7,5,5,9,9,8,9,8,6,9,8,9,7,8,8,5,7,6,9,5,6,6,7
9,7,9,6,9,9,5,8,5,7,9,0,5,7,5,5,8,5,8,9,5,8,7,9,7,6,7,7,5,8,9,5,5,5,7,6,7,5,7,5,8,5,5,7,7,8,7,6,9,6,8,8,6,6,6,8,6,7,6,5,7,7,9,9,5,6,8,5,5,9,8,7,8,8,6
9,7,5,7,9,8,5,7,9,5,5,9,0,8,9,8,9,9,8,6,7,5,6,6,7,5,9,7,6,9,7,5,5,7,5,6,5,6,9,6,7,6,9,5,9,9,6,5,5,6,9,9,8,7,6,5,8,6,7,7,5,5,9,8,6,9,5,7,8,7,7,8,9,7,9
5,6,6,7,7,8,9,7,9,5,8,6,7,0,6,5,7,9,8,7,6,7,7,6,8,9,8,9,6,8,8,6,9,6,8,5,9,7,9,5,8,6,8,5,7,8,8,8,6,7,5,8,9,7,5,6,8,9,7,8,8,9,7,8,5,9,8,5,9,5,5,5,9,7,8
9,9,7,8,9,5,5,8,8,8,5,6,7,5,0,6,7,9,9,5,7,9,9,9,9,8,5,8,8,5,7,9,8,7,8,6,7,5,5,8,7,7,5,8,5,5,7,6,9,7,7,5,5,9,5,8,5,9,7,5,9,7,7,7,6,8,6,9,8,9,8,6,9,6,8
9,8,6,8,9,5,9,8,5,8,6,8,9,6,9,0,5,7,8,9,8,5,5,8,6,7,8,8,7,9,8,6,6,9,5,5,5,9,6,8,9,5,8,6,9,5,9,7,7,9,9,6,8,9,7,7,9,5,9,5,6,6,6,9,7,6,9,9,8,6,9,5,6,5,9
8,6,9,8,5,8,5,6,8,5,7,8,6,6,7,6,0,9,9,5,6,8,8,9,9,7,6,9,8,6,9,8,5,8,9,9,5,9,6,9,7,5,5,8,8,9,8,7,7,5,9,5,5,5,8,6,5,7,5,6,8,8,7,9,8,6,7,9,7,7,6,6,7,5,8
6,7,9,5,9,8,8,6,7,6,9,7,5,9,7,9,8,0,9,5,5,9,8,6,5,6,6,8,5,5,8,8,7,5,6,6,9,5,7,5,7,5,6,9,7,9,9,7,5,9,8,8,6,6,9,8,8,6,9,8,7,5,7,6,9,8,7,7,8,7,8,8,6,9,8
5,8,8,8,6,7,9,8,6,6,5,6,5,6,7,8,7,5,0,8,7,7,7,9,5,9,7,6,8,7,5,9,7,7,8,9,5,9,7,8,6,8,6,6,5,8,6,6,5,5,9,5,8,7,6,6,7,8,8,9,9,5,5,6,6,6,7,9,7,7,7,9,5,6,6
9,5,6,9,6,7,5,6,8,7,9,5,9,6,6,6,6,5,8,0,9,5,7,5,5,8,6,7,8,8,8,5,5,7,5,6,6,5,9,7,6,8,9,7,8,6,5,7,7,6,5,5,8,7,6,6,7,5,6,5,5,5,7,7,9,7,9,8,8,9,5,5,7,8,6
6,5,9,6,8,7,8,9,7,7,7,6,8,5,9,8,5,9,8,7,0,6,6,7,7,6,6,7,8,8,5,5,8,5,5,5,5,7,8,7,8,6,5,9,9,6,5,6,7,9,5,9,6,8,5,9,5,8,7,5,7,5,9,6,7,7,9,6,7,5,8,6,7,6,5
5,5,6,7,5,5,5,9,9,7,6,8,5,9,6,9,7,5,7,5,8,0,6,9,7,7,7,9,8,7,6,9,6,9,7,9,9,8,5,6,5,6,5,5,8,5,8,9,6,6,5,5,5,9,6,7,9,5,9,5,8,5,6,7,7,7,9,9,7,5,7,6,6,9,7
8,7,5,5,6,8,7,8,7,6,5,9,7,8,5,5,8,9,5,8,9,5,0,8,7,6,6,9,7,6,9,9,9,5,7,7,5,8,5,8,7,5,7,8,6,7,8,7,6,6,9,8,7,6,6,8,8,8,7,9,9,8,5,7,8,6,6,8,9,5,5,6,8,6,8
7,6,6,7,5,8,9,8,5,6,5,7,7,9,9,9,6,5,5,8,8,9,5,0,5,9,6,9,7,5,6,8,5,6,8,8,6,6,6,7,6,5,5,5,6,8,8,8,8,5,6,8,5,7,7,9,8,6,6,7,9,8,7,8,9,7,9,6,9,5,8,7,5,8,9
8,7,9,9,7,5,7,5,6,8,7,7,8,8,8,5,9,5,8,8,7,7,7,5,0,8,8,7,9,8,7,9,8,6,8,9,7,8,7,8,6,6,7,5,9,6,5,6,8,5,5,8,6,7,5,6,5,9,8,6,8,8,8,7,9,9,9,5,9,8,6,7,6,6,6
6,9,7,8,9,7,7,8,8,7,8,7,5,6,7,8,7,9,6,9,8,7,5,5,9,0,6,9,6,9,8,8,7,9,5,8,6,7,6,8,8,6,9,5,9,6,7,9,9,7,9,9,7,5,6,8,9,9,7,8,8,8,5,9,9,9,6,7,9,7,5,6,5,5,8
8,8,7,5,8,7,7,5,9,9,9,5,6,8,7,9,7,5,8,5,9,6,5,5,5,5,0,9,9,6,7,8,9,6,7,8,9,6,9,8,5,6,8,6,5,5,8,9,9,6,8,8,5,7,5,8,6,7,7,9,8,8,7,8,6,5,9,9,9,9,7,7,7,7,7
8,6,5,5,9,6,5,9,7,7,8,8,7,5,8,6,6,9,9,9,7,8,9,9,9,5,9,0,5,5,8,6,5,8,9,6,6,6,7,8,8,8,8,5,6,8,7,7,8,5,7,6,7,8,7,5,5,7,6,5,8,7,9,9,8,5,8,5,7,9,6,5,9,6,6
6,8,8,7,5,7,8,6,5,7,7,9,7,5,8,6,9,9,6,9,6,8,8,6,5,9,7,9,0,8,8,6,6,6,7,6,6,6,9,5,8,5,5,9,7,5,6,5,9,9,8,7,5,7,7,5,8,9,7,7,6,9,8,7,6,5,6,8,5,9,6,9,9,9,7
9,5,8,6,5,8,8,8,5,5,5,5,8,9,6,7,7,9,7,9,9,7,8,8,6,9,8,5,9,0,7,8,7,6,5,7,5,9,8,6,8,7,6,7,6,5,5,7,8,8,6,9,5,7,5,8,6,6,5,5,5,9,8,8,8,7,8,9,8,6,6,8,8,7,8
7,7,9,6,7,5,7,9,7,8,7,7,5,6,6,5,8,9,7,6,8,9,8,9,9,7,5,8,7,6,0,8,5,7,8,8,6,7,9,8,9,8,9,5,5,5,9,7,7,7,5,8,9,5,6,5,7,8,5,7,9,9,9,7,6,9,6,9,7,8,9,8,8,5,8
8,8,8,8,8,5,9,8,5,7,8,9,5,6,8,5,7,6,7,8,9,8,7,9,5,9,9,5,9,7,6,0,9,8,7,8,6,9,5,7,7,9,6,8,9,7,5,6,8,8,7,7,7,6,7,8,9,5,8,7,9,5,9,8,8,6,8,5,7,8,6,5,6,8,5
8,7,5,8,6,5,7,6,6,6,5,8,8,6,8,9,5,5,8,8,6,5,8,5,7,9,9,8,9,7,7,5,0,8,6,8,6,8,7,7,7,6,9,7,6,7,7,9,9,9,9,6,5,8,5,8,8,9,5,5,6,5,8,6,9,9,9,5,7,7,7,5,8,8,5
6,6,7,7,7,5,9,5,9,5,5,6,6,7,7,9,7,8,6,5,7,7,8,8,6,8,6,7,6,6,9,8,7,0,7,8,6,6,7,7,5,7,9,8,5,8,7,7,7,5,8,5,6,6,7,8,8,8,8,5,9,8,7,8,7,6,7,9,9,9,5,7,5,5,6
8,7,8,7,9,8,5,9,7,8,6,7,6,9,9,9,8,7,6,8,6,5,6,6,9,5,8,8,8,9,5,9,5,5,0,9,6,9,5,8,6,8,9,9,5,5,8,6,5,9,9,6,9,8,7,9,8,6,7,8,9,5,6,6,7,7,7,6,5,9,8,9,8,9,5
9,7,5,5,5,5,9,7,9,8,8,5,6,8,5,6,9,7,6,9,5,7,8,7,8,8,6,5,5,6,9,7,5,8,7,0,7,7,6,7,8,5,7,7,7,9,6,5,8,5,8,8,7,7,9,9,7,9,7,7,6,8,8,7,7,9,5,5,8,5,8,8,8,9,8
9,7,5,5,7,6,8,8,5,7,7,7,5,5,8,5,7,5,8,5,9,6,5,9,7,9,6,7,8,6,9,5,7,8,5,6,0,6,8,5,5,8,5,8,9,5,7,9,9,9,5,6,8,9,9,8,8,7,6,8,8,9,5,9,8,8,7,9,7,5,6,8,8,9,8
7,9,7,5,8,5,5,7,7,8,5,5,5,8,5,7,9,5,5,6,6,7,5,9,6,8,7,7,8,8,6,7,8,6,6,9,5,0,6,7,7,8,7,8,6,8,7,7,6,7,8,7,7,8,8,7,9,8,7,9,5,8,7,8,9,6,7,7,8,6,5,6,8,8,8
8,8,9,8,6,8,6,6,5,5,5,9,8,5,9,6,5,7,6,6,8,5,8,8,5,5,5,8,9,6,6,9,8,5,9,8,5,5,0,6,5,9,6,7,8,8,7,9,6,8,9,5,9,6,7,9,7,5,5,8,5,8,7,6,8,8,6,5,8,5,6,6,5,6,6
6,7,7,9,9,7,6,8,9,5,5,7,7,6,5,7,7,9,6,6,6,7,5,8,9,7,7,5,6,7,8,5,8,5,5,7,5,6,5,0,5,9,5,8,6,8,6,8,8,7,8,8,6,8,9,9,9,6,8,9,7,5,5,7,6,6,5,9,7,6,8,6,6,9,5
6,6,8,8,5,8,9,9,7,7,8,6,6,8,6,5,5,6,6,8,5,8,8,6,9,7,6,5,6,9,6,7,7,8,7,7,5,8,8,6,0,7,5,8,9,8,5,9,6,6,5,8,5,5,5,9,8,8,7,8,8,6,8,7,8,6,6,9,8,5,8,9,6,8,9
5,9,5,8,8,9,8,5,9,5,5,5,6,6,8,9,8,8,9,5,9,9,8,9,7,6,6,5,6,7,5,6,7,5,5,9,8,9,8,9,9,0,6,9,6,8,5,9,7,5,6,5,6,6,8,5,6,6,5,5,6,7,7,8,6,5,8,8,6,6,8,5,9,9,5
5,7,9,6,5,7,7,9,5,5,7,9,9,9,9,8,8,8,8,7,6,6,7,7,6,9,6,7,5,6,5,5,6,6,7,7,6,9,9,8,9,8,0,7,8,8,5,8,9,6,7,5,7,5,7,8,9,9,7,5,6,5,9,8,9,9,6,7,8,6,6,7,8,8,5
8,8,9,8,8,6,6,7,6,7,6,8,5,9,8,8,8,9,9,8,7,9,9,8,9,7,7,5,7,9,5,6,9,5,8,5,9,6,8,8,9,8,8,0,6,7,5,6,8,5,8,8,8,8,9,7,8,8,5,9,6,8,5,5,6,7,9,9,5,5,7,8,6,6,5
8,9,6,8,5,8,5,9,5,8,6,7,7,9,7,5,7,9,6,6,5,8,7,6,9,7,6,6,7,7,5,6,7,7,5,8,7,9,5,5,6,9,5,7,0,5,5,7,9,7,5,5,9,5,9,5,9,6,9,9,8,7,9,6,8,8,9,9,9,9,8,7,7,8,5
5,6,8,5,6,9,5,6,8,7,6,5,6,7,7,5,6,7,5,6,8,7,8,7,8,6,5,7,5,9,7,8,5,9,9,9,6,6,7,9,7,5,5,8,6,0,7,7,6,7,8,6,9,6,7,7,8,8,5,6,5,8,8,6,9,5,8,9,7,8,8,8,9,5,5
8,8,6,9,6,5,8,8,5,7,7,7,6,8,6,6,5,6,5,7,6,9,9,6,7,8,7,9,8,8,9,7,9,6,8,8,6,8,9,5,6,5,7,8,7,8,0,6,6,5,7,7,7,9,8,9,8,9,5,6,7,7,9,9,6,7,5,7,5,9,8,9,7,6,9
5,5,7,5,8,9,6,6,8,6,6,7,7,6,6,9,9,5,6,6,7,7,5,6,5,6,5,6,6,7,7,5,5,9,7,8,6,9,6,6,5,6,5,8,5,5,7,0,5,8,9,8,8,5,9,7,7,9,5,9,6,9,5,9,5,8,5,6,7,8,8,8,5,9,9
6,5,7,7,6,5,9,9,8,7,8,8,9,5,7,5,8,6,9,9,7,5,7,9,9,9,9,9,6,9,6,8,9,5,8,6,5,7,9,9,7,9,6,7,7,9,6,5,0,5,8,9,6,5,9,7,5,8,7,7,6,6,9,7,8,5,5,9,8,7,6,9,6,7,5
7,7,8,5,7,9,7,8,9,8,5,5,8,5,8,7,7,7,9,7,8,8,6,8,6,7,5,7,8,8,8,8,9,9,6,9,7,8,5,8,9,7,9,9,7,5,6,8,5,0,9,8,6,6,9,7,8,6,5,8,5,9,9,9,6,9,7,5,8,8,8,5,9,7,6
8,5,8,6,5,6,5,6,7,9,5,6,7,9,7,7,8,6,9,9,8,9,8,8,5,5,9,8,5,6,8,9,9,9,6,6,5,9,5,6,9,7,7,9,5,7,9,5,6,5,0,9,9,9,7,8,9,7,5,6,9,7,7,6,5,6,5,7,8,8,5,7,9,6,8
9,6,6,8,7,8,6,8,6,9,7,9,9,6,6,7,9,9,8,5,9,7,6,6,8,5,9,6,7,5,7,5,7,6,7,6,7,9,8,7,8,8,5,6,8,6,6,5,6,5,5,0,8,5,5,8,7,5,5,9,7,9,9,6,5,6,6,6,8,8,9,5,5,6,5
7,6,7,9,8,6,9,8,9,7,5,9,9,6,7,5,6,6,9,6,8,9,6,9,5,6,5,7,7,7,9,5,7,5,8,7,5,5,7,8,8,5,9,9,5,7,7,5,6,8,7,8,0,5,9,7,8,9,7,9,6,6,6,6,7,7,9,7,9,8,5,5,5,9,6
8,8,9,7,8,8,9,5,5,8,9,6,5,7,7,5,7,7,6,5,6,6,8,7,6,6,9,7,6,6,8,7,9,8,6,9,8,7,8,5,6,6,5,8,7,6,9,9,6,8,7,7,8,0,8,5,6,9,7,6,7,8,7,8,9,5,7,7,6,5,8,6,5,9,5
9,5,5,5,9,5,7,5,5,8,8,6,8,5,8,9,5,6,5,6,7,9,8,6,7,5,8,8,9,8,6,7,7,7,9,9,6,8,8,5,5,8,6,9,6,8,8,7,7,5,8,5,9,8,0,8,9,6,8,7,8,6,8,5,7,7,5,8,5,5,8,8,6,8,5
5,9,8,8,9,9,7,6,6,8,5,6,8,9,9,9,7,7,6,9,8,6,7,8,7,5,5,7,6,8,7,6,7,8,7,8,6,7,9,8,6,9,7,7,6,5,7,9,6,5,6,5,5,8,6,0,9,7,9,6,9,9,9,5,7,5,8,9,9,7,5,8,5,8,7
8,9,8,9,7,6,8,5,6,5,7,7,6,8,7,7,6,6,5,9,9,6,9,9,6,8,6,7,6,5,7,5,6,7,5,7,5,7,7,5,6,8,8,9,5,8,7,5,7,9,8,6,9,8,8,6,0,9,8,8,8,9,5,9,5,8,6,5,8,8,9,6,9,9,5
8,6,8,9,9,8,5,5,5,7,6,6,6,7,9,9,7,7,8,8,5,5,8,8,6,9,7,8,7,7,8,9,6,8,5,7,7,5,9,9,8,9,9,7,8,7,9,8,9,9,7,9,5,6,9,7,7,0,5,8,9,5,6,8,8,8,7,9,8,7,7,6,7,7,9
5,6,6,6,9,9,5,9,9,7,9,8,8,5,9,7,9,7,7,9,8,6,5,6,8,5,7,6,6,7,8,5,6,6,5,7,6,5,5,8,9,6,7,5,8,5,9,8,8,9,7,8,9,7,5,9,6,5,0,8,9,6,9,8,7,9,9,6,7,9,6,6,9,7,8
5,6,8,9,7,7,6,9,7,6,9,9,5,8,6,6,6,6,7,5,7,5,8,5,5,9,8,7,8,6,8,7,6,6,7,8,5,6,8,5,7,7,6,6,7,5,8,7,5,8,5,9,7,6,6,5,8,8,8,0,7,9,9,5,5,7,7,8,9,6,7,6,9,8,6
8,9,8,7,7,5,5,5,6,5,5,8,5,9,9,6,5,6,7,5,5,8,6,5,8,5,7,9,6,8,6,6,6,5,8,6,6,6,6,8,7,9,8,9,5,9,6,8,9,9,7,5,7,8,5,9,8,8,8,7,0,8,6,9,7,9,9,6,9,6,7,5,8,5,9
7,6,9,6,5,9,8,8,9,6,5,6,8,8,9,8,8,8,7,8,5,6,5,5,5,5,7,6,7,6,9,8,9,8,5,9,5,6,7,8,8,9,6,7,7,7,5,7,5,7,9,7,6,6,8,6,6,9,6,5,7,0,6,6,7,7,6,6,5,8,5,8,7,5,9
5,5,9,7,8,7,9,9,6,9,7,6,7,8,9,8,8,5,9,7,6,6,8,8,5,5,6,5,9,5,9,6,7,6,6,8,6,8,6,8,6,7,5,6,5,5,9,8,6,9,7,7,7,7,8,8,6,6,7,7,6,9,0,5,6,5,5,9,6,6,5,7,9,9,6
6,8,6,6,8,5,6,8,8,9,8,6,9,9,8,8,6,9,6,8,7,7,7,8,6,9,5,8,6,6,7,7,7,6,6,9,6,9,8,7,6,8,5,5,8,8,6,5,7,8,8,7,7,6,9,9,6,7,5,8,9,8,6,0,7,7,5,9,7,7,9,6,7,6,9
6,8,6,6,5,8,7,5,5,8,7,9,9,6,7,7,7,9,9,9,7,8,7,8,8,8,9,9,7,7,6,6,6,7,9,5,7,9,7,6,6,8,7,7,9,7,5,7,5,5,6,7,7,6,6,8,6,7,8,7,9,7,8,7,0,6,5,8,7,6,7,9,8,7,7
8,9,6,9,8,6,7,6,9,6,6,9,9,9,6,6,8,9,6,9,7,8,5,9,6,9,8,8,6,8,5,8,5,9,8,7,7,7,9,7,9,8,8,6,6,7,6,9,5,5,8,9,6,7,5,9,8,6,7,9,7,9,9,5,6,0,8,9,9,6,8,8,5,5,9
5,9,9,9,8,9,8,9,7,5,9,6,6,8,8,8,9,5,5,5,9,5,8,8,9,7,7,6,8,7,6,8,8,7,7,6,9,8,8,8,6,7,6,9,6,9,7,6,5,7,8,7,5,5,9,9,6,6,9,5,6,6,6,9,8,5,0,7,8,5,7,8,5,7,6
8,6,8,9,6,5,5,6,5,6,9,9,7,8,8,7,5,8,8,8,7,9,6,7,5,5,7,8,5,8,8,7,5,8,6,7,6,6,9,9,9,9,6,5,5,9,7,8,5,8,6,5,6,9,9,9,5,6,8,5,7,7,6,6,7,6,9,0,9,7,5,6,8,8,9
9,7,8,5,7,5,7,8,8,6,6,7,5,6,9,7,7,9,8,9,6,7,8,9,7,8,5,8,6,9,7,8,7,7,5,7,5,9,9,8,7,9,8,9,5,5,6,8,9,9,8,6,5,9,8,6,8,9,8,8,9,9,6,8,9,8,5,8,0,6,6,6,7,5,9
6,7,8,8,8,7,7,7,8,6,6,6,8,7,9,8,8,6,6,5,8,8,7,5,5,7,9,7,6,7,8,6,5,5,7,5,8,9,5,5,6,7,5,9,7,7,9,7,9,8,8,5,5,5,6,7,9,7,8,6,7,9,5,6,8,5,6,7,9,0,8,9,9,5,5
8,6,8,7,8,8,7,7,8,8,9,8,5,9,9,9,6,5,6,9,8,7,6,9,6,6,5,7,7,5,8,8,9,9,6,5,9,7,9,5,8,5,5,6,6,9,9,6,8,5,6,8,8,6,7,6,9,8,5,6,7,5,9,8,5,6,9,6,8,9,0,5,9,6,6
5,8,6,5,8,7,7,9,8,7,8,5,5,7,7,9,6,5,6,7,7,8,5,7,6,9,5,8,8,8,9,7,6,7,6,8,5,9,5,8,9,7,6,6,9,9,5,6,9,8,8,9,7,8,8,6,8,9,8,8,6,9,5,9,7,5,8,8,6,8,9,0,6,5,7
8,9,7,8,7,6,9,8,8,5,5,5,9,8,9,9,5,6,5,7,6,9,7,6,8,8,6,7,5,5,9,6,9,5,9,8,9,9,6,6,8,7,5,5,9,7,6,5,9,6,7,8,6,7,5,9,7,5,9,9,5,6,8,8,6,9,6,9,8,5,5,6,0,5,9
8,8,9,7,7,6,7,6,8,8,7,6,5,6,9,5,5,9,9,6,6,6,9,7,9,9,6,6,6,8,6,6,7,7,9,6,5,5,8,8,7,9,8,5,5,5,9,9,5,8,5,6,6,8,8,6,9,6,7,7,5,5,9,9,6,5,8,8,6,7,5,5,5,0,6
9,6,8,8,6,9,5,6,6,8,7,5,9,9,8,7,7,8,7,5,8,6,5,9,8,5,6,6,8,7,7,5,5,5,8,6,8,5,5,8,7,8,9,5,6,6,5,8,9,9,5,6,7,5,7,8,6,9,5,5,7,8,8,8,5,7,5,9,5,7,9,6,7,8,0
